Time needed: 572.73 s
Distance travelled: 1145.40 m
Total rotation: 4811.7°
Objects found after: 61.50 s, 167.00 s, 356.57 s

+++ following progress ticks +++
470
497
533
564
589
618
635
664
691
717
742
771
794
819
846
869
896
922
947
969
995
1021
1045
1069
1094
1118
1151
1177
1202
1224
1248
1274
1304
1327
1349
1375
1400
1428
1453
1479
1503
1528
1552
1578
1601
1627
1651
1673
1700
1723
1748
1768
1796
1821
1845
1869
1897
1918
1946
1969
1996
2020
2043
2067
2090
2115
2136
2160
2182
2202
2220
2236
2250
2258
2261
2265
2267
2267
2267
2267
2267
2267
2267
2267
2267
2267
2267
2267
2267
2267
2267
2267
2267
2268
2268
2271
2273
2277
2281
2286
2292
2299
2305
2312
2318
2330
2339
2352
2360
2374
2384
2400
2411
2425
2437
2449
2463
2477
2490
2506
2520
2534
2547
2564
2577
2595
2612
2630
2644
2662
2676
2696
2709
2729
2749
2767
2784
2805
2826
2846
2868
2888
2910
2933
2954
2976
3001
3023
3048
3072
3097
3121
3147
3170
3197
3222
3249
3276
3299
3331
3354
3377
3405
3435
3466
3489
3521
3552
3585
3616
3647
3679
3711
3743
3776
3810
3842
3875
3909
3943
3977
4013
4046
4083
4119
4150
4188
4222
4256
4299
4335
4373
4411
4449
4485
4523
4559
4597
4638
4680
4717
4760
4799
4832
4876
4916
4957
4999
5039
5080
5117
5161
5202
5242
5285
5325
5366
5407
5450
5489
5533
5574
5617
5658
5705
5748
5788
5835
5878
5920
5964
6008
6049
6097
6143
6186
6230
6275
6321
6368
6414
6458
6505
6547
6594
6642
6687
6733
6778
6826
6871
6915
6960
7010
7054
7103
7146
7197
7243
7288
7337
7385
7430
7477
7526
7570
7622
7667
7714
7765
7809
7860
7903
7956
8003
8046
8097
8146
8195
8241
8286
8337
8386
8435
8482
8533
8580
8629
8679
8727
8775
8824
8872
8921
8969
9016
9066
9115
9164
9213
9260
9308
9358
9404
9456
9505
9552
9602
9654
9705
9752
9798
9848
9899
9945
9999
10045
10097
10141
10195
10244
10289
10341
10393
10440
10487
10539
10589
10640
10691
10739
10789
10839
10889
10939
10990
11038
11086
11135
11184
11234
11283
11332
11381
11431
11483
11531
11581
11630
11681
11728
11779
11829
11878
11929
11978
12027
12076
12125
12175
12224
12275
12325
12373
12428
12473
12526
12574
12626
12671
12726
12778
12823
12874
12927
12979
13030
13076
13128
13180
13231
13282
13336
13387
13435
13486
13537
13587
13638
13690
13741
13793
13843
13893
13942
13991
14044
14095
14144
14197
14264
14314
14368
14417
14467
14519
14567
14618
14669
14718
14770
14822
14874
14924
14975
15027
15076
15132
15181
15228
15283
15329
15385
15430
15484
15535
15584
15637
15691
15739
15790
15844
15896
15946
15995
16042
16093
16144
16196
16246
16300
16350
16400
16452
16503
16555
16605
16657
16708
16760
16811
16863
16913
16965
17018
17068
17117
17170
17221
17271
17326
17375
17427
17481
17529
17582
17634
17684
17738
17789
17838
17888
17942
17994
18045
18094
18146
18197
18247
18302
18351
18404
18452
18506
18555
18610
18658
18710
18764
18816
18862
18917
18971
19022
19072
19119
19174
19226
19280
19333
19386
19437
19491
19541
19593
19645
19697
19749
19802
19853
19905
19957
20008
20062
20113
20165
20216
20265
20321
20371
20421
20476
20526
20579
20630
20682
20734
20786
20839
20889
20943
20994
21046
21098
21152
21204
21254
21305
21357
21411
21462
21510
21563
21614
21668
21718
21773
21823
21874
21925
21980
22026
22082
22136
22183
22236
22292
22342
22390
22443
22499
22552
22601
22653
22703
22754
22803
22853
22906
22959
23010
23061
23115
23167
23220
23272
23324
23377
23429
23481
23533
23585
23638
23689
23741
23796
23847
23898
23954
24007
24059
24110
24162
24215
24267
24318
24371
24423
24474
24529
24580
24631
24686
24739
24790
24841
24894
24946
24999
25050
25103
25157
25211
25263
25312
25367
25418
25473
25524
25580
25626
25681
25734
25784
25838
25890
25940
25993
26048
26100
26153
26201
26256
26308
26362
26413
26467
26520
26573
26626
26675
26728
26779
26832
26885
26937
26990
27043
27095
27149
27201
27253
27305
27357
27410
27461
27515
27568
27620
27672
27727
27780
27834
27885
27936
27990
28040
28095
28146
28201
28254
28305
28360
28414
28463
28518
28571
28622
28675
28730
28783
28835
28888
28940
28992
29046
29099
29148
29203
29254
29309
29360
29416
29466
29519
29570
29626
29676
29728
29781
29835
29885
29940
29992
30041
30096
30151
30203
30259
30308
30357
30410
30464
30519
30573
30628
30680
30734
30790
30842
30894
30948
31000
31052
31105
31159
31211
31263
31316
31370
31423
31477
31530
31581
31632
31684
31741
31792
31842
31896
31948
32002
32055
32105
32161
32212
32264
32317
32368
32423
32473
32527
32579
32633
32686
32740
32793
32845
32897
32951
33004
33054
33108
33162
33214
33268
33321
33371
33426
33481
33534
33587
33640
33691
33747
33798
33855
33902
33957
34011
34063
34117
34167
34220
34273
34329
34382
34430
34486
34540
34592
34646
34698
34750
34803
34855
34908
34961
35014
35067
35119
35171
35224
35277
35334
35387
35439
35491
35544
35597
35651
35705
35758
35811
35863
35915
35968
36021
36076
36128
36178
36230
36286
36338
36390
36445
36493
36549
36601
36656
36706
36760
36813
36864
36919
36972
37024
37079
37133
37184
37239
37292
37342
37397
37452
37505
37556
37608
37662
37714
37768
37821
37871
37925
37978
38031
38077
38124
38161
38202
38235
38271
38300
38336
38370
38402
38433
38463
38491
38517
38543
38567
38591
38614
38636
38658
38679
38699
38719
38739
38759
38779
38799
38819
38839
38859
38879
38899
38919
38940
38962
38984
39007
39031
39055
39081
39108
39136
39165
39195
39227
39261
39297
39334
39373
39413
39455
39499
39545
39581
39606
39624
39638
39658
39676
39700
39730
39769
39811
39854
39901
39950
40005
40058
40111
40166
40218
40272
40326
40379
40432
40484
40540
40591
40643
40694
40750
40804
40856
40908
40962
41015
41070
41121
41177
41227
41281
41337
41391
41443
41497
41546
41602
41652
41709
41763
41812
41867
41923
41970
42026
42080
42136
42183
42240
42294
42348
42401
42449
42504
42558
42613
42666
42720
42773
42829
42882
42933
42986
43035
43089
43141
43196
43251
43304
43358
43411
43463
43517
43572
43624
43678
43732
43784
43838
43891
43944
43997
44050
44105
44159
44211
44265
44319
44373
44428
44481
44532
44587
44640
44696
44746
44803
44853
44909
44961
45015
45069
45120
45176
45228
45280
45332
45390
45442
45494
45547
45604
45657
45709
45763
45818
45872
45924
45974
46027
46081
46134
46187
46240
46293
46346
46401
46455
46506
46557
46611
46665
46718
46775
46821
46878
46934
46984
47039
47094
47146
47198
47254
47308
47361
47412
47466
47520
47575
47627
47675
47731
47786
47840
47893
47947
48002
48057
48109
48162
48216
48267
48319
48367
48422
48476
48530
48584
48637
48691
48745
48798
48852
48907
48959
49014
49065
49119
49172
49226
49279
49333
49387
49440
49495
49548
49602
49656
49708
49762
49818
49869
49924
49977
50032
50083
50135
50190
50245
50296
50351
50404
50456
50510
50565
50615
50668
50725
50777
50828
50881
50935
50990
51041
51097
51151
51207
51260
51312
51368
51421
51475
51530
51579
51635
51688
51740
51795
51850
51900
51955
52008
52062
52113
52169
52222
52275
52330
52384
52431
52483
52534
52575
52625
52669
52713
52749
52792
52833
52873
52912
52950
52988
53024
53060
53096
53131
53165
53199
53233
53267
53301
53335
53369
53403
53437
53471
53505
53539
53574
53610
53646
53682
53720
53758
53797
53837
53878
53920
53963
54007
54052
54098
54146
54195
54245
54291
54316
54335
54359
54383
54416
54451
54494
54544
54594
54648
54702
54755
54810
54863
54916
54972
55023
55079
55129
55186
55239
55291
55344
55400
55451
55504
55562
55612
55666
55720
55775
55822
55865
55904
55938
55966
55992
56016
56035
56054
56073
56089
56103
56113
56121
56127
56130
56132
56134
56136
56138
56140
56142
56144
56146
56148
56150
56152
56154
56154
56154
56154
56154
56154
56154
56154
56154
56154
56154
56154
56154
56154
56154
56154
56154
56154
56154
56154
56154
56154
56154
56154
56154
56154
56154
56154
56154
56154
56154
56154
56154
56154
56154
56154
56154
56154
56154
56154
56154
56154
56154
56154
56154
56154
56154
56155
56159
56163
56167
56173
56179
56185
56191
56199
56207
56217
56229
56245
56264
56287
56314
56341
56358
56374
56383
56389
56394
56406
56421
56446
56472
56505
56546
56591
56638
56681
56729
56768
56815
56862
56913
56969
57020
57073
57127
57182
57236
57288
57342
57395
57449
57504
57557
57609
57663
57717
57770
57826
57875
57931
57986
58038
58095
58148
58199
58256
58312
58359
58416
58473
58528
58576
58632
58687
58742
58795
58845
58899
58952
59009
59063
59119
59171
59227
59278
59328
59382
59437
59491
59546
59599
59653
59705
59759
59812
59866
59918
59973
60026
60079
60135
60187
60241
60295
60349
60403
60457
60511
60564
60619
60672
60728
60780
60836
60888
60942
60996
61052
61105
61159
61210
61268
61319
61373
61428
61479
61532
61585
61639
61690
61745
61798
61853
61907
61962
62015
62069
62125
62179
62231
62288
62341
62393
62447
62504
62554
62609
62663
62717
62772
62824
62880
62934
62990
63041
63097
63151
63205
63259
63314
63366
63422
63475
63529
63582
63635
63691
63743
63799
63854
63906
63959
64013
64069
64121
64177
64229
64281
64338
64392
64443
64498
64553
64605
64661
64713
64765
64820
64875
64930
64985
65033
65091
65145
65200
65253
65305
65357
65410
65465
65520
65575
65629
65683
65737
65790
65846
65896
65946
66000
66055
66107
66161
66214
66269
66322
66374
66428
66481
66536
66591
66646
66699
66752
66805
66859
66913
66968
67021
67075
67129
67184
67238
67293
67346
67400
67454
67507
67561
67615
67670
67723
67779
67831
67886
67941
67994
68051
68100
68154
68206
68263
68317
68373
68428
68480
68537
68587
68644
68699
68752
68805
68859
68914
68966
69023
69075
69128
69184
69242
69293
69347
69402
69456
69509
69560
69613
69668
69721
69778
69833
69882
69936
69983
70025
70063
70099
70130
70158
70185
70209
70233
70257
70277
70294
70310
70324
70336
70346
70354
70360
70366
70370
70372
70374
70376
70377
70377
70377
70377
70377
70377
70377
70377
70377
70377
70377
70377
70377
70377
70377
70377
70377
70377
70377
70377
70377
70377
70377
70377
70377
70377
70377
70377
70377
70377
70377
70377
70377
70377
70377
70377
70377
70377
70377
70377
70377
70377
70377
70377
70377
70377
70377
70377
70377
70381
70387
70393
70399
70405
70411
70417
70424
70433
70444
70457
70473
70492
70513
70536
70562
70590
70621
70650
70675
70692
70703
70707
70707
70707
70707
70707
70707
70707
70707
70707
70707
70707
70707
70707
70707
70709
70712
70714
70716
70718
70720
70722
70724
70726
70726
70726
70726
70726
70726
70726
70726
70726
70726
70726
70726
70726
70726
70726
70726
70726
70726
70726
70726
70726
70726
70726
70726
70726
70726
70726
70726
70726
70726
70726
70726
70726
70726
70726
70726
70726
70726
70726
70726
70726
70726
70726
70726
70726
70726
70726
70726
70726
70726
70726
70726
70726
70726
70726
70726
70726
70726
70726
70726
70726
70726
70726
70726
70726
70726
70726
70726
70726
70726
70726
70726
70726
70726
70726
70726
70726
70726
70726
70726
70726
70726
70726
70726
70726
70726
70726
70726
70726
70726
70726
70727
70729
70734
70740
70744
70745
70745
70745
70745
70745
70745
70745
70745
70745
70751
70771
70807
70851
70904
70946
70994
71033
71070
71109
71149
71187
71227
71268
71319
71370
71421
71472
71527
71581
71636
71689
71741
71792
71839
71886
71929
71969
72009
72045
72078
72114
72148
72182
72214
72243
72271
72297
72322
72346
72368
72390
72410
72430
72448
72466
72483
72499
72514
72528
72542
72555
72567
72579
72591
72602
72612
72622
72632
72642
72652
72662
72672
72682
72692
72702
72712
72722
72732
72742
72752
72763
72775
72787
72799
72812
72826
72840
72855
72871
72887
72905
72923
72943
72964
72986
73010
73034
73060
73088
73116
73146
73178
73212
73246
73282
73320
73359
73401
73445
73490
73537
73576
73608
73629
73645
73663
73684
73712
73744
73787
73830
73878
73931
73982
74037
74089
74145
74200
74254
74306
74362
74416
74470
74523
74579
74633
74684
74740
74794
74849
74900
74954
75008
75063
75115
75165
75221
75273
75329
75382
75435
75491
75544
75600
75655
75707
75759
75814
75870
75924
75979
76032
76085
76138
76194
76248
76299
76355
76407
76463
76518
76570
76624
76678
76733
76787
76841
76892
76949
77006
77055
77109
77166
77221
77269
77325
77380
77435
77486
77539
77595
77650
77704
77757
77812
77862
77917
77972
78027
78082
78138
78192
78245
78299
78352
78405
78456
78512
78564
78619
78674
78727
78783
78838
78893
78950
79005
79061
79117
79170
79222
79276
79330
79384
79438
79492
79546
79600
79656
79710
79765
79819
79873
79927
79979
80034
80088
80143
80195
80251
80305
80358
80412
80468
80521
80576
80633
80686
80740
80795
80847
80902
80952
81007
81061
81115
81171
81225
81278
81335
81386
81443
81492
81548
81604
81656
81712
81764
81819
81875
81928
81980
82035
82090
82141
82196
82253
82305
82357
82411
82465
82520
82568
82613
82653
82687
82714
82737
82758
82776
82790
82804
82816
82824
82830
82833
82835
82837
82839
82841
82843
82845
82847
82849
82851
82853
82855
82857
82859
82860
82860
82860
82860
82860
82860
82860
82860
82860
82860
82860
82860
82860
82860
82860
82860
82860
82860
82860
82860
82860
82860
82860
82860
82860
82860
82860
82860
82860
82860
82860
82860
82860
82860
82860
82860
82860
82860
82860
82860
82860
82860
82860
82860
82860
82860
82860
82860
82860
82860
82860
82860
82860
82860
82860
82860
82860
82860
82860
82860
82860
82860
82860
82860
82860
82860
82860
82860
82860
82860
82860
82860
82860
82860
82860
82860
82860
82860
82860
82860
82860
82860
82860
82860
82860
82860
82860
82860
82860
82860
82860
82860
82860
82860
82860
82860
82860
82860
82860
82860
82860
82860
82860
82860
82860
82860
82860
82860
82860
82860
82860
82860
82860
82860
82860
82860
82860
82860
82860
82860
82860
82860
82860
82860
82860
82860
82860
82860
82860
82860
82860
82860
82860
82860
82860
82860
82860
82860
82860
82860
82860
82860
82860
82860
82860
82860
82860
82860
82860
82860
82860
82860
82860
82860
82860
82860
82860
82860
82860
82860
82860
82860
82860
82860
82860
82860
82860
82860
82860
82860
82860
82860
82860
82860
82860
82860
82860
82860
82860
82860
82860
82860
82860
82860
82860
82860
82860
82860
82860
82860
82860
82860
82860
82860
82860
82860
82860
82860
82860
82860
82860
82860
82860
82860
82860
82860
82860
82860
82860
82860
82860
82860
82860
82860
82860
82860
82860
82860
82860
82860
82860
82860
82860
82860
82860
82860
82860
82860
82860
82860
82860
82860
82860
82860
82860
82860
82860
82860
82860
82860
82860
82860
82860
82860
82860
82860
82860
82860
82860
82860
82860
82860
82860
82860
82860
82860
82860
82860
82860
82860
82860
82860
82860
82860
82860
82860
82860
82860
82860
82860
82860
82860
82860
82860
82860
82860
82860
82860
82860
82860
82860
82860
82860
82860
82860
82860
82860
82860
82860
82860
82860
82860
82860
82860
82860
82860
82860
82860
82860
82860
82860
82860
82863
82868
82874
82880
82886
82892
82898
82904
82912
82922
82934
82949
82968
82989
83013
83040
83070
83103
83140
83170
83195
83211
83228
83237
83250
83269
83288
83316
83349
83387
83435
83481
83527
83573
83624
83676
83729
83782
83834
83889
83940
83994
84049
84102
84156
84209
84260
84315
84369
84424
84479
84531
84585
84638
84693
84749
84802
84852
84908
84963
85019
85076
85128
85179
85233
85289
85343
85400
85449
85504
85558
85612
85668
85721
85774
85828
85886
85936
85991
86047
86104
86151
86208
86263
86320
86368
86424
86481
86536
86591
86639
86695
86750
86805
86859
86916
86967
87020
87076
87131
87186
87241
87296
87347
87403
87457
87508
87560
87615
87670
87725
87780
87835
87888
87942
87997
88052
88107
88162
88216
88270
88322
88377
88432
88486
88538
88594
88650
88705
88760
88813
88867
88920
88973
89028
89081
89136
89190
89243
89299
89351
89406
89461
89514
89567
89622
89677
89733
89787
89840
89895
89950
90004
90057
90113
90166
90218
90270
90325
90379
90433
90487
90542
90596
90653
90706
90763
90813
90871
90921
90975
91029
91086
91140
91192
91248
91298
91355
91409
91462
91517
91553
91606
91660
91714
91768
91824
91877
91926
91963
91996
92024
92042
92060
92073
92085
92092
92098
92102
92104
92106
92108
92110
92112
92114
92116
92118
92120
92122
92124
92126
92128
92130
92130
92130
92130
92130
92130
92130
92130
92130
92130
92130
92130
92130
92130
92130
92130
92130
92130
92130
92130
92130
92130
92130
92130
92130
92130
92130
92130
92130
92130
92130
92130
92130
92130
92130
92130
92130
92130
92130
92130
92130
92130
92130
92130
92130
92130
92130
92130
92130
92130
92130
92130
92130
92130
92130
92130
92130
92130
92130
92130
92130
92130
92130
92130
92130
92130
92130
92130
92130
92130
92130
92130
92130
92130
92130
92130
92130
92130
92130
92130
92130
92130
92130
92130
92130
92130
92130
92130
92130
92130
92130
92130
92130
92130
92130
92130
92130
92130
92130
92130
92130
92130
92130
92130
92130
92130
92130
92130
92130
92130
92130
92130
92130
92130
92130
92130
92130
92130
92130
92130
92130
92130
92130
92130
92130
92130
92130
92130
92130
92130
92130
92130
92130
92130
92130
92130
92130
92130
92130
92130
92130
92130
92130
92130
92130
92130
92130
92130
92130
92130
92130
92130
92130
92130
92130
92130
92130
92130
92130
92130
92130
92130
92130
92130
92130
92130
92130
92130
92130
92130
92130
92130
92130
92130
92130
92130
92130
92130
92130
92130
92130
92130
92130
92130
92130
92130
92130
92130
92130
92130
92130
92130
92130
92130
92130
92130
92130
92130
92130
92130
92130
92130
92130
92130
92130
92130
92130
92130
92130
92130
92130
92130
92130
92130
92130
92130
92130
92130
92130
92130
92130
92130
92130
92130
92130
92130
92130
92130
92130
92130
92130
92130
92130
92130
92130
92130
92130
92130
92130
92130
92130
92130
92130
92130
92130
92130
92130
92130
92130
92130
92130
92130
92130
92130
92130
92130
92130
92130
92130
92130
92130
92130
92130
92130
92130
92130
92130
92130
92130
92130
92130
92130
92130
92130
92130
92130
92130
92130
92130
92130
92130
92130
92130
92130
92130
92130
92130
92130
92130
92130
92130
92130
92130
92130
92130
92130
92130
92130
92130
92130
92130
92130
92130
92130
92130
92130
92130
92130
92130
92130
92130
92130
92130
92130
92130
92130
92130
92130
92130
92130
92130
92130
92130
92130
92130
92130
92130
92130
92130
92130
92130
92130
92130
92130
92130
92130
92130
92130
92130
92130
92130
92130
92130
92130
92130
92131
92133
92137
92141
92147
92154
92162
92171
92183
92200
92221
92243
92258
92272
92279
92284
92287
92296
92313
92332
92358
92389
92427
92476
92524
92568
92611
92650
92696
92741
92792
92843
92895
92951
93005
93061
93114
93168
93220
93274
93331
93384
93440
93493
93546
93600
93653
93710
93763
93817
93871
93928
93982
94035
94089
94143
94198
94254
94306
94359
94415
94472
94522
94577
94633
94689
94741
94795
94851
94901
94955
95011
95068
95122
95172
95227
95283
95337
95393
95441
95497
95553
95609
95663
95718
95770
95821
95877
95932
95986
96042
96097
96151
96206
96260
96313
96367
96419
96472
96528
96583
96638
96692
96747
96800
96855
96910
96966
97021
97075
97127
97182
97237
97290
97344
97397
97451
97505
97560
97614
97667
97720
97776
97831
97885
97939
97992
98047
98102
98155
98210
98263
98319
98373
98427
98481
98537
98591
98645
98700
98752
98808
98862
98915
98968
99023
99079
99131
99184
99239
99293
99344
99399
99454
99509
99564
99618
99672
99727
99784
99838
99892
99945
100002
100054
100108
100159
100216
100270
100326
100379
100434
100491
100542
100600
100654
100709
100764
100816
100870
100919
100960
100993
101017
101031
101046
101054
101059
101061
101065
101067
101069
101071
101073
101075
101077
101079
101081
101083
101085
101087
101089
101091
101093
101094
101094
101094
101094
101094
101094
101094
101094
101094
101094
101094
101094
101094
101094
101094
101094
101094
101094
101094
101094
101094
101094
101094
101094
101094
101094
101094
101094
101094
101094
101094
101094
101094
101094
101094
101094
101094
101094
101094
101094
101094
101094
101094
101094
101094
101094
101094
101094
101094
101094
101094
101094
101094
101094
101094
101094
101094
101094
101094
101094
101094
101094
101094
101094
101094
101094
101094
101094
101094
101094
101094
101094
101094
101094
101094
101094
101094
101094
101094
101094
101094
101094
101094
101094
101094
101094
101094
101094
101094
101094
101094
101094
101094
101094
101094
101094
101094
101094
101094
101094
101094
101094
101094
101094
101094
101094
101094
101094
101094
101094
101094
101094
101094
101094
101094
101094
101094
101094
101094
101094
101094
101094
101094
101094
101094
101094
101094
101094
101094
101094
101094
101094
101094
101094
101094
101094
101094
101094
101094
101094
101094
101094
101094
101094
101094
101094
101094
101094
101094
101094
101094
101094
101094
101094
101094
101094
101094
101094
101094
101094
101094
101094
101094
101094
101094
101094
101094
101094
101094
101094
101094
101094
101094
101094
101094
101094
101094
101094
101094
101094
101094
101094
101094
101094
101094
101094
101094
101094
101094
101094
101094
101094
101094
101094
101094
101094
101094
101094
101094
101094
101094
101094
101094
101094
101094
101094
101094
101094
101094
101094
101094
101094
101094
101094
101094
101094
101094
101094
101094
101094
101094
101094
101094
101094
101094
101094
101094
101094
101094
101094
101094
101094
101094
101094
101094
101094
101094
101094
101094
101094
101094
101094
101094
101094
101094
101094
101094
101094
101094
101094
101094
101094
101094
101094
101094
101094
101094
101094
101094
101094
101094
101094
101094
101094
101094
101094
101094
101094
101094
101094
101094
101094
101094
101094
101094
101094
101094
101094
101094
101094
101094
101094
101094
101094
101094
101094
101094
101094
101094
101094
101094
101094
101094
101094
101094
101094
101094
101094
101094
101094
101094
101094
101094
101094
101094
101094
101094
101094
101094
101094
101094
101094
101094
101094
101094
101094
101094
101094
101094
101094
101094
101094
101094
101094
101094
101094
101094
101094
101094
101094
101094
101094
101094
101094
101094
101094
101094
101094
101094
101094
101094
101094
101094
101094
101094
101094
101094
101094
101094
101094
101094
101094
101094
101094
101094
101094
101094
101094
101094
101094
101094
101094
101094
101094
101094
101094
101094
101094
101094
101094
101094
101094
101094
101094
101094
101094
101094
101094
101094
101094
101094
101095
101097
101101
101107
101115
101120
101122
101122
101122
101122
101122
101122
101122
101124
101138
101158
101188
101231
101281
101332
101374
101418
101459
101500
101538
101579
101624
101669
101717
101771
101824
101878
101933
101985
102038
102094
102149
102202
102258
102310
102366
102420
102473
102529
102582
102638
102693
102748
102798
102856
102911
102963
103017
103072
103129
103179
103233
103291
103347
103394
103452
103508
103563
103614
103667
103723
103778
103835
103887
103938
103993
104049
104105
104160
104212
104268
104317
104374
104429
104484
104539
104595
104649
104702
104757
104807
104861
104917
104972
105028
105083
105136
105192
105247
105300
105355
105409
105463
105517
105571
105626
105680
105736
105789
105840
105895
105949
106002
106053
106107
106161
106215
106268
106323
106377
106431
106484
106537
106591
106645
106700
106755
106810
106863
106916
106971
107027
107081
107136
107191
107244
107299
107355
107409
107462
107516
107571
107625
107680
107734
107787
107843
107897
107952
108006
108061
108115
108169
108225
108278
108333
108388
108443
108498
108553
108607
108659
108717
108768
108823
108873
108929
108984
109040
109093
109150
109203
109259
109310
109367
109416
109473
109527
109582
109639
109687
109731
109759
109783
109800
109810
109816
109819
109820
109822
109823
109823
109823
109823
109823
109823
109824
109826
109828
109830
109832
109834
109836
109837
109837
109837
109837
109837
109837
109837
109837
109837
109837
109837
109837
109837
109837
109837
109837
109837
109837
109837
109837
109837
109837
109837
109837
109837
109837
109837
109837
109837
109837
109837
109837
109837
109837
109837
109837
109837
109837
109837
109837
109837
109837
109837
109837
109837
109837
109837
109837
109837
109837
109837
109837
109837
109837
109837
109837
109837
109837
109837
109837
109837
109837
109837
109837
109837
109837
109837
109837
109837
109837
109837
109837
109837
109837
109837
109837
109837
109837
109837
109837
109837
109837
109837
109837
109837
109837
109837
109837
109837
109837
109837
109837
109837
109837
109837
109837
109837
109837
109837
109837
109837
109837
109837
109837
109837
109837
109837
109837
109837
109837
109837
109837
109837
109837
109837
109837
109837
109837
109837
109837
109837
109837
109837
109837
109837
109837
109837
109837
109837
109837
109837
109837
109837
109837
109837
109837
109837
109837
109837
109837
109837
109837
109837
109837
109837
109837
109837
109837
109837
109837
109837
109837
109837
109837
109837
109837
109837
109837
109837
109837
109837
109837
109837
109837
109837
109837
109837
109837
109837
109837
109837
109837
109837
109837
109837
109837
109837
109837
109837
109837
109837
109837
109837
109837
109837
109837
109837
109837
109837
109837
109837
109837
109837
109837
109837
109837
109837
109837
109837
109837
109837
109837
109837
109837
109837
109837
109837
109837
109837
109837
109837
109837
109837
109837
109837
109837
109837
109837
109837
109837
109837
109837
109837
109837
109837
109837
109837
109837
109837
109837
109837
109837
109837
109837
109837
109837
109837
109837
109837
109837
109837
109837
109837
109837
109837
109837
109837
109837
109837
109837
109837
109837
109837
109837
109837
109837
109837
109837
109837
109837
109837
109837
109837
109837
109837
109837
109837
109837
109837
109837
109837
109837
109837
109837
109837
109837
109837
109837
109837
109837
109837
109837
109837
109837
109837
109837
109837
109837
109837
109837
109837
109837
109837
109837
109837
109837
109837
109837
109837
109837
109837
109837
109837
109837
109837
109837
109837
109837
109837
109837
109837
109837
109837
109837
109837
109837
109837
109837
109837
109837
109837
109837
109837
109837
109837
109837
109837
109837
109837
109837
109837
109837
109837
109837
109837
109837
109837
109837
109837
109837
109837
109837
109837
109837
109837
109837
109837
109837
109837
109837
109837
109837
109837
109837
109837
109837
109837
109837
109837
109837
109837
109837
109837
109837
109837
109837
109837
109837
109837
109837
109837
109837
109837
109837
109837
109837
109837
109837
109837
109837
109837
109837
109837
109837
109837
109837
109837
109837
109837
109837
109837
109837
109837
109837
109837
109837
109837
109837
109837
109837
109837
109837
109837
109837
109837
109837
109837
109837
109837
109837
109837
109837
109837
109837
109837
109837
109837
109837
109837
109837
109837
109837
109837
109837
109837
109837
109837
109839
109848
109877
109925
109970
110013
110054
110093
110134
110169
110207
110242
110281
110323
110368
110418
110468
110522
110578
110633
110686
110738
110794
110849
110904
110953
111010
111064
111118
111174
111228
111282
111336
111391
111445
111499
111553
111606
111663
111718
111769
111824
111880
111935
111985
112042
112097
112150
112207
112259
112310
112367
112422
112480
112534
112586
112637
112693
112750
112803
112855
112907
112955
113005
113048
113091
113138
113182
113227
113270
113312
113354
113394
113434
113474
113512
113550
113588
113626
113662
113698
113734
113770
113806
113840
113874
113908
113942
113976
114010
114044
114078
114112
114146
114180
114214
114248
114282
114316
114350
114384
114418
114452
114486
114520
114554
114590
114626
114662
114698
114734
114772
114810
114848
114886
114926
114966
115006
115047
115089
115131
115175
115219
115264
115310
115356
115404
115452
115501
115551
115602
115654
115694
115719
115744
115786
115832
115884
115937
115990
116045
116100
116153
116208
116262
116314
116367
116422
116477
116531
116586
116642
116697
116751
116806
116861
116918
116970
117021
117077
117134
117185
117231
117262
117283
117300
117309
117313
117313
117314
117314
117314
117314
117314
117314
117314
117314
117314
117314
117314
117315
117317
117319
117321
117323
117323
117323
117323
117323
117323
117323
117323
117323
117323
117323
117323
117323
117323
117323
117323
117323
117323
117323
117323
117323
117323
117323
117323
117323
117323
117323
117323
117323
117323
117323
117323
117323
117323
117323
117323
117323
117323
117323
117323
117323
117323
117323
117323
117323
117323
117323
117323
117323
117323
117323
117323
117323
117323
117323
117323
117323
117323
117323
117323
117323
117323
117323
117323
117323
117323
117323
117323
117323
117323
117323
117323
117323
117323
117323
117323
117323
117323
117323
117323
117323
117323
117323
117323
117323
117323
117323
117323
117323
117323
117323
117323
117323
117323
117323
117323
117323
117323
117323
117323
117323
117323
117323
117323
117323
117323
117323
117323
117323
117323
117323
117323
117323
117323
117323
117323
117323
117323
117323
117323
117323
117323
117323
117323
117323
117323
117323
117323
117323
117323
117323
117323
117323
117323
117323
117323
117323
117323
117323
117323
117323
117323
117323
117323
117323
117323
117323
117323
117323
117323
117323
117323
117323
117323
117323
117323
117323
117323
117323
117323
117323
117323
117323
117323
117323
117323
117323
117323
117323
117323
117323
117323
117323
117323
117323
117323
117323
117323
117323
117323
117323
117323
117323
117323
117323
117323
117323
117323
117323
117323
117323
117323
117323
117323
117323
117323
117323
117323
117323
117323
117323
117323
117323
117323
117323
117323
117323
117323
117323
117323
117323
117323
117323
117323
117323
117323
117323
117323
117323
117323
117323
117323
117323
117323
117323
117323
117323
117323
117323
117323
117323
117323
117323
117323
117323
117323
117323
117323
117323
117323
117323
117323
117323
117323
117323
117323
117323
117323
117323
117323
117323
117323
117323
117323
117323
117323
117323
117323
117323
117323
117323
117323
117323
117323
117323
117323
117323
117323
117323
117323
117323
117323
117323
117323
117323
117323
117323
117323
117323
117323
117323
117323
117323
117323
117323
117323
117323
117323
117323
117323
117323
117323
117323
117323
117323
117323
117323
117323
117323
117323
117323
117323
117323
117323
117323
117323
117323
117323
117323
117323
117323
117323
117323
117323
117323
117323
117323
117323
117323
117323
117323
117323
117323
117323
117323
117323
117323
117323
117323
117323
117323
117323
117323
117323
117323
117323
117323
117323
117323
117323
117323
117323
117323
117323
117323
117323
117323
117323
117323
117323
117323
117323
117323
117323
117323
117323
117323
117323
117323
117323
117323
117323
117323
117323
117323
117323
117323
117323
117323
117323
117323
117323
117323
117323
117323
117323
117323
117323
117323
117323
117323
117323
117323
117323
117323
117323
117323
117323
117323
117323
117323
117323
117323
117323
117323
117323
117323
117323
117323
117323
117323
117323
117323
117323
117323
117323
117323
117323
117323
117323
117323
117323
117323
117323
117323
117323
117323
117323
117323
117323
117323
117323
117323
117323
117323
117323
117323
117323
117323
117323
117323
117324
117324
117324
117324
117324
117324
117324
117324
117324
117324
117324
117324
117324
117324
117324
117324
117324
117324
117324
117324
117324
117324
117324
117324
117324
117324
117324
117325
117331
117358
117400
117442
117482
117520
117556
117591
117630
117664
117702
117737
117780
117821
117871
117926
117977
118031
118084
118135
118185
118231
118274
118316
118357
118393
118426
118461
118495
118525
118553
118580
118605
118629
118651
118671
118689
118707
118723
118738
118751
118763
118773
118782
118790
118797
118803
118808
118812
118815
118817
118817
118817
118817
118817
118817
118817
118817
118817
118817
118817
118817
118817
118817
118817
118817
118817
118817
118817
118817
118817
118817
118817
118817
118817
118817
118817
118817
118817
118817
118817
118817
118817
118817
118817
118817
118817
118817
118817
118817
118817
118817
118817
118817
118817
118817
118817
118817
118817
118817
118817
118817
118817
118817
118817
118817
118817
118817
118817
118817
118817
118817
118817
118817
118817
118817
118817
118817
118817
118817
118817
118817
118817
118817
118817
118817
118817
118817
118818
118822
118826
118829
118831
118833
118837
118842
118848
118856
118865
118876
118888
118901
118916
118932
118951
118971
118993
119016
119041
119067
119093
119114
119126
119131
119131
119131
119131
119131
119131
119131
119131
119131
119131
119131
119135
119137
119138
119138
119138
119138
119138
119138
119138
119138
119138
119138
119138
119138
119138
119138
119138
119138
119138
119138
119138
119138
119138
119138
119138
119138
119138
119138
119138
119138
119138
119138
119138
119138
119138
119138
119138
119138
119138
119138
119138
119138
119138
119138
119138
119138
119138
119138
119138
119138
119138
119138
119138
119138
119138
119138
119138
119138
119138
119138
119138
119138
119138
119138
119138
119138
119138
119138
119138
119138
119138
119138
119138
119138
119138
119138
119138
119138
119138
119138
119138
119138
119138
119138
119138
119138
119138
119138
119138
119138
119138
119138
119138
119138
119138
119138
119138
119138
119138
119138
119138
119138
119138
119138
119138
119138
119138
119138
119138
119138
119138
119138
119138
119138
119138
119138
119138
119138
119138
119138
119138
119138
119138
119138
119138
119138
119138
119138
119138
119138
119138
119138
119138
119138
119138
119138
119138
119138
119138
119138
119138
119138
119138
119138
119138
119138
119138
119138
119138
119138
119138
119138
119138
119138
119138
119138
119138
119138
119138
119138
119138
119138
119138
119138
119138
119138
119138
119138
119138
119138
119138
119138
119138
119138
119138
119138
119138
119138
119138
119138
119138
119138
119138
119138
119138
119138
119138
119138
119138
119138
119138
119138
119138
119138
119138
119138
119138
119138
119138
119138
119138
119138
119138
119138
119138
119138
119138
119138
119138
119138
119138
119138
119138
119138
119138
119138
119138
119138
119138
119138
119138
119138
119138
119138
119138
119138
119138
119138
119138
119138
119138
119138
119138
119138
119138
119138
119138
119138
119138
119138
119138
119138
119138
119138
119138
119138
119138
119138
119138
119138
119138
119138
119138
119138
119138
119138
119138
119138
119138
119138
119138
119138
119138
119138
119138
119138
119138
119138
119138
119138
119138
119138
119138
119138
119138
119138
119138
119138
119138
119138
119138
119138
119138
119138
119138
119138
119138
119138
119138
119138
119138
119138
119138
119138
119138
119138
119138
119138
119138
119138
119138
119138
119138
119138
119138
119138
119138
119138
119138
119138
119138
119138
119138
119138
119138
119138
119138
119138
119138
119138
119138
119138
119138
119138
119138
119138
119138
119138
119138
119138
119138
119138
119138
119138
119138
119138
119138
119138
119138
119138
119138
119138
119138
119138
119138
119138
119138
119138
119138
119138
119138
119138
119138
119138
119138
119138
119138
119138
119138
119138
119138
119138
119138
119138
119138
119138
119138
119138
119138
119138
119138
119138
119138
119138
119138
119138
119138
119138
119138
119138
119138
119138
119138
119138
119138
119138
119138
119138
119138
119138
119138
119138
119138
119138
119138
119138
119138
119138
119138
119138
119138
119138
119138
119138
119138
119138
119138
119138
119138
119138
119138
119138
119138
119138
119138
119138
119138
119138
119138
119138
119138
119138
119138
119138
119138
119138
119138
119138
119138
119138
119138
119138
119138
119138
119138
119138
119138
119138
119138
119138
119138
119138
119138
119138
119138
119138
119138
119138
119138
119138
119138
119138
119138
119138
119138
119138
119138
119138
119138
119138
119138
119138
119138
119138
119138
119138
119138
119138
119138
119138
119138
119138
119138
119138
119138
119138
119138
119138
119138
119138
119138
119138
119138
119138
119138
119138
119138
119138
119138
119138
119138
119138
119138
119138
119138
119138
119138
119138
119138
119138
119138
119138
119138
119138
119138
119138
119138
119138
119138
119138
119138
119138
119138
119138
119138
119138
119138
119138
119138
119138
119138
119138
119138
119138
119138
119138
119138
119138
119138
119138
119138
119138
119138
119138
119138
119138
119138
119138
119138
119138
119138
119138
119138
119138
119138
119138
119138
119138
119138
119138
119138
119138
119138
119138
119138
119138
119138
119138
119138
119138
119138
119138
119138
119138
119138
119138
119138
119138
119138
119138
119138
119138
119138
119138
119138
119138
119138
119138
119138
119138
119138
119138
119138
119138
119138
119138
119138
119138
119138
119138
119138
119138
119138
119138
119138
119138
119138
119138
119138
119138
119138
119138
119138
119138
119138
119138
119138
119138
119138
119138
119138
119138
119138
119138
119138
119138
119138
119138
119138
119138
119138
119138
119138
119138
119138
119138
119138
119138
119138
119138
119138
119138
119138
119138
119138
119138
119138
119138
119138
119138
119138
119138
119138
119138
119138
119138
119138
119138
119138
119138
119138
119138
119138
119138
119138
119138
119138
119138
119138
119138
119138
119138
119138
119138
119138
119138
119138
119138
119138
119138
119138
119138
119138
119138
119138
119138
119138
119138
119138
119138
119138
119138
119138
119138
119138
119138
119138
119138
119138
119138
119138
119138
119138
119138
119138
119138
119138
119138
119138
119138
119138
119138
119138
119138
119138
119138
119138
119138
119138
119138
119138
119138
119138
119138
119138
119138
119138
119138
119138
119138
119138
119138
119138
119138
119138
119138
119138
119138
119138
119138
119138
119138
119138
119138
119138
119138
119138
119138
119138
119138
119138
119138
119138
119138
119138
