462.1
496.1
532.9
561.6
589.5
617.8
635.7
662.4
689.3
716.1
742.4
767.8
794.1
817.3
843.1
866.5
892.0
916.9
942.7
966.6
991.5
1016.5
1040.7
1066.4
1090.4
1115.7
1148.0
1172.9
1198.1
1222.2
1248.2
1272.3
1298.1
1322.5
1347.6
1371.7
1396.8
1421.6
1447.1
1470.9
1496.0
1520.3
1544.8
1570.7
1594.9
1619.4
1643.9
1668.2
1692.7
1717.2
1741.5
1764.7
1791.7
1815.5
1840.5
1865.0
1890.7
1914.0
1938.6
1963.0
1986.8
2011.7
2035.6
2059.2
2082.4
2106.6
2128.4
2151.7
2172.5
2193.6
2211.9
2229.0
2242.5
2251.6
2256.4
2260.0
2262.5
2262.7
2262.7
2262.7
2262.7
2262.7
2262.8
2262.8
2262.8
2262.8
2262.9
2262.9
2262.9
2262.9
2262.9
2262.9
2262.9
2263.6
2265.1
2267.6
2270.3
2274.0
2278.6
2284.0
2290.3
2296.8
2303.4
2310.1
2318.0
2329.0
2339.1
2350.0
2360.6
2372.4
2384.3
2396.8
2408.7
2421.6
2434.4
2448.3
2460.8
2474.2
2489.0
2503.0
2517.5
2533.4
2548.0
2563.7
2578.8
2594.9
2610.7
2627.8
2644.4
2661.2
2677.8
2697.1
2713.8
2732.2
2750.9
2769.5
2788.4
2808.3
2828.1
2848.6
2869.5
2890.2
2911.4
2933.7
2956.0
2978.9
3002.5
3025.7
3049.3
3073.6
3097.9
3123.6
3148.4
3174.7
3199.7
3226.9
3252.9
3280.0
3306.2
3335.3
3362.3
3381.9
3410.1
3438.7
3468.0
3497.3
3527.0
3557.3
3588.4
3618.6
3650.0
3681.3
3713.4
3745.3
3777.9
3811.6
3843.3
3876.9
3910.9
3944.5
3978.9
4012.7
4047.2
4082.0
4117.0
4152.2
4188.5
4224.1
4259.4
4297.9
4334.8
4372.8
4410.1
4447.7
4486.5
4523.8
4562.2
4601.7
4641.1
4680.7
4719.7
4759.6
4798.1
4838.2
4879.8
4919.6
4959.6
5000.1
5042.0
5082.4
5123.4
5163.7
5205.3
5246.9
5288.1
5328.6
5372.1
5414.0
5456.6
5498.5
5540.6
5583.5
5626.5
5668.8
5712.8
5755.9
5798.7
5842.0
5885.4
5929.3
5972.7
6017.2
6059.9
6105.0
6149.0
6193.5
6238.4
6282.4
6327.9
6372.9
6418.6
6463.3
6508.5
6553.0
6598.7
6644.0
6689.4
6736.0
6781.0
6827.3
6873.1
6919.4
6965.2
7011.9
7058.0
7105.5
7151.2
7198.1
7245.7
7291.4
7339.5
7386.8
7432.8
7480.7
7528.9
7575.9
7624.0
7671.8
7719.9
7768.2
7814.1
7862.4
7910.5
7958.6
8005.3
8050.9
8097.4
8143.8
8189.6
8234.7
8280.0
8327.0
8372.6
8418.4
8465.3
8511.6
8556.3
8602.2
8647.9
8694.1
8738.8
8784.8
8830.4
8875.8
8921.5
8967.0
9013.6
9059.9
9106.0
9152.3
9199.1
9245.1
9292.0
9339.1
9385.1
9430.9
9475.6
9520.3
9565.0
9609.8
9656.3
9701.7
9749.1
9796.7
9844.1
9893.2
9941.4
9990.9
10039.3
10088.5
10136.0
10184.0
10233.2
10283.3
10332.1
10380.9
10429.6
10479.3
10529.5
10579.2
10629.2
10678.7
10726.3
10776.9
10826.3
10876.0
10926.0
10975.0
11023.8
11073.2
11122.4
11172.0
11222.3
11271.4
11322.0
11370.8
11420.1
11471.1
11521.6
11571.2
11620.3
11670.8
11720.0
11769.2
11819.9
11869.8
11919.4
11969.1
12019.7
12069.1
12119.5
12170.2
12219.8
12270.3
12320.4
12370.4
12419.4
12470.3
12522.3
12571.4
12622.9
12672.9
12722.2
12772.4
12823.2
12874.5
12924.2
12975.0
13025.1
13075.9
13126.2
13175.9
13227.1
13277.7
13326.2
13378.8
13428.8
13479.9
13530.1
13581.1
13631.2
13681.4
13732.7
13784.2
13832.9
13884.0
13934.7
13985.2
14036.1
14087.3
14154.3
14205.1
14256.7
14307.1
14357.9
14408.5
14458.5
14509.5
14560.4
14611.0
14661.4
14713.3
14764.4
14814.9
14865.1
14916.2
14967.8
15018.5
15068.4
15119.0
15170.8
15222.0
15273.5
15323.5
15374.8
15424.9
15475.5
15527.3
15579.0
15629.1
15680.8
15732.4
15783.9
15834.7
15885.2
15936.9
15987.3
16038.1
16089.1
16139.3
16191.5
16242.5
16294.0
16345.7
16395.6
16446.2
16498.0
16549.3
16600.1
16651.9
16702.9
16753.6
16805.1
16856.2
16908.7
16959.2
17009.5
17060.9
17112.2
17163.5
17215.2
17266.4
17318.2
17369.4
17420.9
17473.2
17523.2
17575.5
17626.7
17678.3
17728.9
17781.0
17831.9
17884.2
17935.2
17986.3
18038.5
18089.7
18139.6
18190.2
18239.9
18288.2
18335.3
18382.5
18430.1
18477.8
18524.9
18572.0
18619.0
18666.5
18711.9
18759.1
18804.5
18852.2
18898.3
18945.0
18992.4
19038.9
19085.6
19132.5
19178.9
19225.9
19272.8
19319.1
19366.1
19412.6
19459.1
19506.6
19552.2
19599.2
19645.0
19691.4
19736.4
19783.6
19829.8
19875.4
19920.6
19967.0
20012.8
20059.2
20105.6
20150.5
20196.4
20242.1
20287.9
20333.8
20378.7
20424.2
20469.5
20515.9
20561.3
20607.9
20653.9
20699.8
20746.2
20792.1
20839.4
20885.4
20931.9
20976.3
21018.9
21062.3
21105.8
21150.3
21196.6
21246.6
21296.5
21348.1
21398.5
21449.3
21500.3
21550.1
21601.1
21650.7
21700.3
21749.0
21797.8
21847.1
21895.3
21944.8
21994.6
22044.8
22093.9
22143.6
22192.3
22241.2
22290.2
22339.3
22388.5
22437.2
22485.5
22533.6
22582.8
22631.5
22679.6
22728.0
22776.7
22825.1
22873.7
22922.0
22971.3
23019.5
23068.4
23117.1
23164.8
23214.7
23263.6
23310.4
23356.4
23404.0
23451.1
23499.7
23547.9
23597.9
23648.0
23698.7
23747.6
23796.0
23844.0
23892.2
23939.0
23987.4
24035.9
24084.8
24134.1
24184.5
24236.2
24287.0
24338.1
24389.6
24439.4
24488.9
24538.2
24587.9
24637.3
24688.4
24738.9
24790.7
24842.1
24896.0
24947.6
24999.9
25053.1
25104.8
25156.6
25208.0
25260.9
25312.6
25365.8
25417.4
25470.0
25521.8
25574.7
25627.1
25680.6
25732.2
25784.7
25836.4
25889.1
25942.5
25994.1
26046.2
26099.4
26151.9
26204.7
26256.5
26308.6
26361.3
26414.3
26467.3
26520.0
26571.2
26624.2
26676.5
26728.6
26781.2
26833.8
26886.6
26938.7
26992.1
27043.9
27096.1
27148.0
27200.8
27250.3
27301.4
27351.2
27401.6
27451.1
27501.3
27551.8
27600.8
27649.3
27699.4
27748.4
27797.8
27847.3
27896.2
27943.8
27992.6
28041.1
28089.0
28137.6
28185.9
28233.8
28282.1
28329.8
28377.7
28425.8
28473.8
28520.9
28568.6
28616.0
28663.9
28711.3
28757.2
28804.5
28851.3
28897.4
28945.6
28992.5
29039.6
29086.5
29134.0
29180.8
29228.5
29276.3
29323.8
29372.1
29419.9
29467.9
29515.6
29564.6
29613.1
29663.0
29713.0
29762.8
29810.4
29859.7
29907.8
29954.9
30001.7
30049.6
30099.0
30148.3
30198.5
30248.5
30299.0
30351.0
30398.9
30448.6
30497.0
30547.3
30596.8
30647.8
30700.2
30751.9
30803.9
30856.7
30909.7
30961.7
31014.9
31068.5
31120.4
31173.0
31225.2
31278.7
31331.1
31384.7
31436.6
31490.3
31542.5
31594.7
31648.0
31698.7
31749.5
31798.1
31848.5
31896.2
31944.9
31991.8
32039.1
32086.8
32134.2
32181.3
32228.2
32275.5
32321.6
32368.0
32414.0
32459.9
32506.3
32550.7
32595.9
32641.3
32686.1
32731.8
32776.1
32821.7
32865.7
32910.0
32954.3
32997.5
33042.2
33085.9
33129.9
33174.4
33218.0
33262.5
33307.1
33350.8
33394.9
33438.8
33483.6
33528.7
33573.5
33617.0
33659.1
33699.4
33739.9
33778.9
33819.1
33859.4
33900.5
33942.7
33984.9
34027.0
34069.1
34110.9
34153.3
34194.9
34236.8
34277.8
34320.8
34361.9
34403.6
34443.6
34481.8
34520.3
34557.7
34596.9
34635.9
34675.4
34715.2
34755.5
34796.8
34837.2
34877.9
34918.5
34960.0
35000.1
35041.3
35082.1
35122.5
35163.1
35203.9
35244.5
35285.1
35325.5
35366.6
35407.5
35447.8
35488.4
35529.6
35570.8
35611.6
35652.2
35693.1
35732.8
35774.4
35815.4
35855.0
35895.9
35936.1
35975.7
36014.3
36053.4
36089.8
36124.8
36159.2
36193.7
36228.1
36262.9
36296.9
36332.1
36365.9
36400.8
36434.8
36468.7
36503.5
36538.5
36574.1
36610.2
36647.4
36685.8
36723.2
36761.4
36799.3
36837.1
36874.8
36911.9
36949.9
36986.8
37027.0
37066.2
37106.2
37145.4
37182.9
37220.6
37256.4
37291.1
37324.5
37358.4
37393.1
37428.4
37464.4
37502.6
37540.4
37580.2
37619.5
37660.2
37698.6
37739.7
37780.7
37822.2
37863.6
37904.5
37946.6
37987.6
38029.1
38068.7
38106.8
38144.5
38183.2
38221.9
38260.6
38299.3
38339.5
38379.0
38419.2
38458.5
38498.2
38538.8
38578.3
38617.2
38656.8
38696.9
38736.4
38775.2
38813.8
38851.9
38889.2
38926.8
38965.9
39004.9
39043.6
39084.5
39124.7
39166.3
39208.7
39251.3
39294.9
39338.9
39382.3
39426.8
39469.2
39514.5
39558.9
39601.2
39644.1
39687.3
39729.4
39772.2
39814.7
39858.7
39902.1
39946.6
39991.9
40038.4
40085.1
40132.9
40181.8
40230.4
40278.6
40328.9
40378.0
40427.9
40476.6
40526.1
40577.6
40628.1
40678.4
40729.8
40780.4
40832.4
40884.7
40936.4
40987.9
41039.5
41091.5
41141.5
41190.7
41240.2
41290.3
41340.2
41389.8
41441.0
41492.2
41543.5
41595.8
41648.4
41700.8
41751.8
41803.2
41854.9
41905.6
41955.4
42005.5
42053.9
42103.7
42153.2
42201.3
42250.4
42299.6
42347.4
42396.0
42443.9
42491.1
42540.7
42589.1
42637.8
42685.4
42734.3
42782.3
42830.9
42879.0
42926.3
42975.0
43022.6
43070.8
43119.1
43167.0
43214.4
43263.4
43311.4
43359.3
43406.6
43454.1
43501.3
43547.5
43592.9
43638.6
43684.3
43728.8
43773.4
43818.8
43864.3
43907.9
43953.1
43996.9
44039.9
44082.9
44126.6
44169.7
44213.0
44256.2
44298.3
44341.5
44384.0
44427.7
44469.6
44513.7
44556.0
44599.2
44642.3
44684.8
44727.5
44770.3
44812.9
44855.7
44898.8
44941.0
44983.5
45026.0
45069.7
45112.7
45155.1
45197.3
45240.8
45283.9
45326.6
45369.7
45413.3
45454.6
45494.1
45533.7
45571.8
45610.0
45647.0
45684.3
45722.5
45759.9
45797.7
45835.2
45872.9
45911.6
45951.9
45993.7
46036.3
46079.2
46122.3
46163.7
46206.7
46248.5
46290.9
46332.4
46375.7
46418.7
46463.1
46506.9
46551.8
46597.8
46643.1
46689.3
46734.4
46780.1
46824.1
46866.9
46911.0
46955.4
47000.2
47044.5
47090.0
47135.3
47181.8
47227.9
47273.0
47319.1
47364.1
47408.3
47452.4
47495.0
47536.8
47580.4
47623.0
47664.6
47706.0
47746.5
47787.5
47828.0
47868.6
47908.4
47947.1
47984.7
48023.5
48062.8
48100.2
48138.3
48176.4
48213.6
48251.0
48289.5
48327.4
48364.3
48402.9
48440.3
48478.1
48515.7
48553.2
48589.7
48628.4
48665.2
48702.8
48740.6
48778.4
48815.2
48851.0
48887.2
48922.0
48955.4
48989.1
49021.6
49053.6
49085.8
49117.6
49149.2
49180.4
49210.7
49241.5
49272.9
49303.1
49333.0
49363.6
49394.3
49423.9
49454.4
49484.3
49514.2
49543.5
49574.1
49603.7
49633.9
49663.9
49694.2
49724.2
49753.8
49783.6
49813.0
49842.8
49872.8
49903.2
49933.0
49962.9
49992.8
50021.8
50049.4
50077.4
50105.6
50134.2
50164.3
50194.2
50225.6
50256.9
50287.4
50317.9
50347.6
50377.2
50407.5
50437.6
50469.1
50501.4
50532.9
50563.2
50595.5
50627.8
50663.7
50699.7
50734.9
50772.0
50807.6
50843.2
50877.5
50913.5
50948.6
50982.7
51018.2
51053.5
51088.0
51122.5
51157.6
51190.8
51223.6
51255.0
51284.7
51312.7
51340.5
51366.6
51392.6
51417.6
51443.1
51469.7
51496.9
51524.5
51552.1
51580.7
51607.4
51634.5
51660.9
51688.5
51714.5
51740.8
51767.4
51794.5
51820.7
51848.3
51876.4
51904.5
51932.6
51961.1
51990.4
52019.6
52049.0
52078.8
52108.0
52138.2
52168.2
52197.6
52226.9
52255.7
52283.6
52311.9
52340.2
52368.3
52397.2
52426.7
52456.2
52487.2
52518.6
52550.8
52581.0
52613.0
52644.6
52676.1
52708.1
52740.2
52772.0
52804.8
52837.7
52870.8
52903.4
52935.3
52967.3
52998.4
53029.5
53060.6
53091.0
53121.4
53152.7
53184.2
53215.2
53245.6
53276.2
53305.6
53334.1
53361.4
53388.4
53413.7
53438.6
53463.6
53488.2
53513.6
53538.7
53564.1
53589.2
53616.2
53642.8
53670.6
53697.5
53724.1
53751.9
53779.8
53808.2
53837.6
53867.7
53898.0
53926.8
53956.9
53985.4
54012.7
54040.2
54068.5
54096.9
54127.1
54155.7
54186.4
54217.1
54249.5
54282.7
54318.4
54353.4
54389.0
54425.5
54462.0
54498.2
54533.9
54572.1
54612.3
54652.9
54694.2
54734.0
54774.2
54816.2
54857.5
54898.3
54941.1
54982.6
55025.0
55066.0
55108.8
55152.5
55195.3
55238.5
55283.0
55326.5
55369.8
55415.1
55460.3
55505.1
55551.6
55596.7
55642.2
55688.7
55735.5
55782.0
55826.3
55872.3
55916.4
55961.3
56005.1
56049.4
56093.9
56139.7
56186.0
56233.1
56280.5
56328.1
56375.9
56423.2
56470.0
56518.1
56566.4
56615.3
56663.9
56712.5
56761.5
56810.4
56858.0
56908.0
56956.9
57005.4
57053.7
57101.6
57149.5
57198.9
57247.5
57295.5
57343.8
57391.4
57440.1
57488.7
57536.9
57585.4
57633.3
57681.5
57729.7
57778.5
57827.2
57875.4
57924.4
57972.0
58020.7
58068.9
58116.4
58164.6
58213.2
58261.9
58309.5
58357.8
58406.4
58454.8
58502.7
58551.5
58599.3
58648.4
58696.8
58744.5
58792.5
58840.0
58886.7
58932.6
58978.6
59023.3
59067.3
59107.4
59146.8
59184.7
59221.3
59258.0
59293.9
59329.2
59365.7
59401.3
59436.5
59471.7
59507.2
59542.0
59577.0
59611.0
59645.6
59679.6
59714.7
59749.4
59783.3
59816.9
59851.1
59884.4
59918.3
59952.0
59984.9
60019.4
60052.9
60086.6
60119.4
60153.4
60186.9
60220.8
60254.3
60287.7
60320.8
60354.6
60387.7
60421.9
60455.1
60488.4
60521.9
60555.4
60588.1
60621.8
60655.7
60689.5
60723.3
60757.3
60792.3
60829.6
60867.1
60906.0
60944.5
60983.7
61022.4
61060.3
61099.3
61138.2
61176.8
61216.6
61256.2
61296.8
61337.2
61378.3
61419.1
61461.4
61503.2
61544.7
61586.2
61626.1
61664.8
61703.8
61743.8
61783.4
61823.8
61864.5
61906.1
61948.1
61990.4
62033.0
62076.6
62119.2
62161.6
62204.0
62247.6
62291.2
62334.0
62377.1
62420.5
62463.3
62507.1
62549.8
62593.0
62636.2
62679.3
62722.5
62765.8
62809.4
62852.0
62895.9
62939.0
62981.6
63024.7
63067.7
63111.0
63153.0
63193.6
63234.3
63274.3
63315.0
63354.3
63393.6
63432.2
63471.1
63508.4
63545.6
63581.0
63615.4
63649.6
63683.4
63716.2
63748.7
63781.5
63814.7
63847.7
63879.9
63912.0
63945.2
63977.8
64010.9
64042.9
64075.1
64107.5
64140.5
64171.9
64204.2
64236.0
64267.9
64299.9
64332.0
64362.8
64394.5
64425.2
64454.7
64484.3
64513.7
64541.7
64569.4
64596.7
64622.8
64648.2
64674.3
64699.0
64723.4
64748.0
64770.9
64794.9
64817.9
64841.1
64862.8
64884.8
64906.6
64928.3
64949.0
64970.3
64991.6
65012.9
65033.7
65054.5
65074.4
65094.9
65115.7
65136.1
65157.1
65177.8
65199.2
65220.1
65241.2
65262.9
65283.8
65303.9
65322.5
65341.1
65360.6
65379.2
65398.6
65417.6
65436.9
65455.3
65473.4
65490.8
65508.2
65525.8
65542.9
65560.0
65576.2
65593.9
65615.5
65637.8
65661.1
65685.7
65711.2
65735.6
65760.7
65785.0
65809.9
65833.2
65858.0
65882.3
65907.7
65933.5
65960.1
65987.8
66016.0
66044.2
66073.6
66101.1
66128.8
66157.2
66185.4
66213.2
66242.3
66273.3
66302.7
66334.7
66367.0
66399.2
66432.7
66467.2
66500.4
66533.8
66566.2
66597.9
66628.2
66657.8
66687.7
66716.2
66743.1
66771.2
66799.7
66827.2
66854.6
66881.4
66908.4
66935.5
66963.8
66990.8
67017.4
67043.8
67070.1
67096.7
67123.0
67148.5
67173.8
67199.5
67224.7
67250.3
67274.9
67299.3
67323.9
67348.6
67372.4
67396.8
67420.9
67444.8
67469.0
67492.1
67515.7
67539.8
67562.7
67586.6
67609.9
67633.5
67656.6
67679.5
67703.0
67726.0
67749.6
67772.5
67795.5
67818.4
67841.7
67863.4
67885.2
67905.2
67924.8
67944.4
67963.4
67982.1
68000.9
68019.2
68037.7
68056.2
68073.8
68092.0
68110.3
68128.3
68145.9
68164.4
68183.0
68201.6
68220.2
68238.8
68258.1
68276.7
68296.0
68314.5
68333.7
68352.9
68372.4
68392.1
68411.7
68431.6
68451.4
68471.6
68492.1
68512.5
68533.5
68554.4
68575.1
68595.4
68613.9
68632.4
68650.3
68668.0
68687.7
68708.3
68733.3
68757.9
68782.6
68807.8
68833.3
68859.1
68884.9
68909.7
68934.6
68959.6
68984.9
69011.4
69037.6
69064.1
69091.6
69119.7
69147.2
69175.2
69203.6
69230.6
69256.8
69283.9
69311.2
69338.7
69366.2
69393.2
69421.1
69450.6
69480.5
69510.8
69541.7
69573.6
69605.7
69638.8
69672.7
69707.5
69742.3
69778.8
69816.4
69855.8
69896.0
69936.1
69975.3
70015.3
70055.5
70095.4
70136.4
70176.9
70217.6
70260.3
70303.0
70345.9
70388.8
70432.4
70475.8
70517.7
70560.1
70603.3
70646.1
70687.2
70728.9
70770.3
70811.0
70852.8
70893.2
70933.0
70972.5
71012.3
71052.8
71093.4
71132.8
71172.3
71210.4
71248.6
71286.3
71323.6
71360.0
71398.1
71435.2
71474.3
71513.6
71552.9
71592.7
71633.4
71673.7
71713.9
71753.7
71793.0
71832.8
71872.3
71911.8
71951.6
71989.3
72026.1
72061.5
72097.4
72131.9
72166.6
72201.3
72236.9
72272.1
72307.8
72342.4
72377.6
72413.4
72448.8
72484.5
72520.7
72556.1
72592.5
72628.6
72664.2
72701.3
72737.3
72774.2
72811.5
72849.2
72885.5
72923.2
72959.7
72995.0
73030.4
73065.4
73099.9
73134.6
73169.9
73203.7
73238.9
73274.2
73309.2
73342.1
73374.5
73407.5
73440.0
73475.2
73510.2
73545.5
73581.9
73618.3
73653.9
73688.4
73723.7
73757.3
73791.8
73827.5
73862.3
73898.9
73935.8
73973.0
74011.2
74048.7
74086.7
74124.7
74163.3
74201.2
74238.2
74276.5
74314.7
74353.0
74390.0
74427.7
74466.4
74504.1
74541.8
74579.5
74618.0
74654.7
74691.0
74727.0
74762.5
74798.1
74832.2
74866.8
74901.6
74935.7
74970.2
75003.9
75036.8
75071.1
75104.8
75141.2
75177.8
75213.5
75249.4
75285.8
75321.1
75357.4
75393.5
75429.5
75465.6
75500.5
75535.8
75570.8
75606.1
75642.5
75677.7
75713.1
75749.6
75784.7
75821.1
75856.0
75891.2
75925.2
75960.2
75994.5
76029.8
76064.8
76097.9
76131.4
76165.4
76200.1
76233.5
76267.6
76301.2
76334.5
76367.1
76399.7
76433.2
76466.3
76499.3
76531.2
76563.6
76596.0
76628.9
76661.2
76693.1
76724.8
76757.9
76789.9
76821.1
76853.2
76884.7
76916.2
76947.9
76980.0
77012.1
77043.8
77075.5
77107.3
77139.5
77171.3
77201.8
77231.5
77260.2
77289.1
77317.5
77344.8
77372.1
77399.4
77427.3
77455.4
77483.3
77511.6
77538.9
77564.6
77590.8
77618.2
77645.7
77674.3
77703.0
77732.0
77760.7
77789.0
77818.3
77847.2
77876.2
77904.9
77934.0
77963.7
77993.4
78023.8
78054.4
78085.6
78117.4
78147.5
78176.9
78207.0
78235.3
78263.3
78290.8
78317.5
78346.1
78375.1
78405.5
78436.3
78467.7
78500.4
78531.6
78563.8
78594.6
78624.6
78654.3
78684.7
78713.3
78742.9
78772.3
78801.5
78828.6
78856.3
78883.6
78910.4
78936.5
78962.0
78988.4
79014.0
79039.9
79065.4
79090.3
79115.6
79139.9
79163.7
79186.4
79208.1
79229.1
79249.5
79269.5
79288.7
79307.4
79326.8
79348.5
79371.2
79392.9
79414.2
79435.0
79456.1
79476.6
79497.7
79517.4
79536.1
79553.8
79570.8
79589.3
79608.1
79628.3
79648.3
79669.6
79692.0
79713.9
79734.6
79756.6
79778.2
79800.2
79821.3
79842.7
79864.8
79886.0
79907.7
79928.7
79949.1
79968.9
79987.4
80005.7
80022.9
80039.9
80057.3
80075.5
80096.7
80117.1
80137.6
80158.2
80178.6
80198.8
80218.3
80238.3
80258.0
80278.2
80299.1
80319.0
80339.9
80361.3
80383.2
80405.1
80426.6
80448.4
80469.8
80491.3
80513.1
80535.0
80556.0
80577.6
80599.4
80621.2
80642.0
80663.3
80685.2
80707.1
80729.6
80752.3
80774.2
80796.0
80818.1
80839.6
80862.0
80884.9
80907.4
80930.2
80953.1
80976.2
80998.9
81022.7
81046.4
81070.2
81094.5
81119.4
81143.9
81168.9
81193.8
81219.3
81244.5
81270.4
81295.9
81319.7
81343.6
81366.9
81389.7
81413.0
81437.2
81461.5
81486.9
81511.5
81538.1
81564.1
81590.7
81616.8
81645.0
81670.7
81698.5
81724.9
81752.3
81779.2
81806.2
81834.0
81860.1
81886.6
81910.6
81933.0
81954.1
81975.2
81997.3
82019.6
82041.6
82062.7
82083.7
82104.7
82124.9
82144.0
82163.9
82182.5
82201.0
82219.9
82238.7
82257.3
82276.4
82294.5
82314.3
82332.7
82350.7
82369.1
82385.6
82403.2
82420.5
82437.1
82453.8
82470.4
82486.8
82503.1
82520.0
82536.3
82552.6
82568.9
82585.6
82602.5
82618.7
82635.0
82650.7
82667.2
82683.8
82700.1
82715.8
82732.1
82748.1
82764.7
82781.5
82801.3
82821.7
82841.1
82861.0
82880.2
82900.3
82920.2
82939.8
82960.0
82979.4
82999.4
83019.1
83039.7
83060.6
83081.7
83103.4
83125.1
83147.1
83168.4
83190.3
83212.0
83233.2
83254.7
83276.7
83299.1
83319.8
83342.1
83363.1
83385.2
83407.1
83429.0
83450.0
83471.3
83493.0
83514.8
83536.7
83558.1
83579.8
83601.1
83622.3
83643.6
83664.7
83685.7
83706.6
83727.8
83748.7
83769.0
83789.6
83810.7
83831.5
83852.2
83871.9
83892.3
83912.1
83932.0
83950.8
83970.5
83990.1
84009.5
84029.1
84048.7
84070.0
84092.2
84114.6
84136.9
84159.0
84181.2
84203.6
84226.1
84249.1
84272.1
84295.5
84319.4
84344.2
84369.2
84395.7
84422.4
84449.4
84473.3
84496.7
84516.6
84536.4
84556.0
84574.9
84594.4
84614.7
84635.9
84657.8
84679.6
84702.0
84724.7
84747.2
84769.8
84792.7
84816.5
84840.0
84863.7
84887.1
84910.5
84934.4
84958.2
84982.2
85005.3
85029.2
85052.9
85077.1
85101.4
85125.7
85149.5
85174.1
85198.5
85223.6
85248.0
85272.8
85297.6
85322.9
85348.1
85374.3
85400.8
85430.1
85460.2
85490.8
85520.8
85551.4
85581.3
85611.9
85641.8
85672.2
85700.0
85727.2
85754.0
85781.9
85811.0
85839.7
85869.0
85899.7
85930.2
85959.8
85990.5
86019.8
86048.3
86075.4
86101.6
86127.8
86153.1
86177.1
86200.9
86225.7
86249.2
86272.9
86296.7
86319.6
86342.9
86365.5
86388.9
86412.2
86436.3
86459.6
86483.8
86507.7
86531.5
86555.0
86578.4
86600.9
86625.0
86649.0
86673.6
86697.7
86722.8
86747.2
86772.4
86798.7
86824.1
86850.8
86877.2
86902.1
86926.5
86951.0
86975.2
86998.8
87023.5
87048.5
87074.1
87099.6
87126.8
87154.8
87182.2
87209.7
87238.0
87267.1
87296.0
87325.3
87354.1
87383.3
87413.2
87443.2
87473.8
87504.2
87535.2
87566.6
87598.2
87630.2
87663.2
87695.9
87729.9
87766.4
87803.5
87840.3
87877.1
87913.2
87949.0
87984.5
88020.7
88058.2
88095.4
88133.9
88170.4
88207.8
88245.3
88283.7
88323.2
88363.2
88405.2
88446.8
88489.8
88532.2
88575.9
88619.1
88661.6
88705.2
88748.6
88792.6
88835.2
88878.5
88921.7
88965.2
89007.6
89051.8
89095.3
89139.0
89180.6
89224.9
89268.7
89311.5
89355.4
89397.7
89441.2
89484.5
89525.7
89567.2
89608.2
89648.1
89688.1
89727.4
89766.6
89805.2
89842.8
89880.2
89915.9
89952.0
89987.8
90022.7
90055.9
90087.2
90117.1
90145.5
90173.0
90199.5
90225.3
90250.7
90275.6
90300.1
90324.8
90348.4
90371.7
90394.6
90416.6
90438.7
90460.7
90483.1
90504.6
90526.5
90548.2
90569.9
90592.1
90613.4
90634.4
90654.8
90675.1
90695.4
90714.9
90734.3
90752.1
90768.3
90785.9
90803.7
90821.8
90840.1
90858.3
90875.6
90893.6
90911.2
90928.9
90946.0
90963.1
90979.9
90996.8
91013.0
91029.4
91045.5
91061.7
91078.0
91094.1
91110.4
91126.7
91142.8
91158.5
91174.9
91191.2
91208.2
91223.7
91240.7
91256.4
91273.3
91288.9
91305.5
91321.2
91338.2
91354.9
91371.3
91388.5
91404.5
91421.2
91438.1
91455.1
91473.2
91487.1
91507.6
91528.2
91549.2
91570.0
91591.6
91612.4
91633.7
91652.5
91670.8
91687.9
91704.0
91720.5
91736.4
91752.6
91768.1
91784.4
91800.4
91815.9
91831.2
91846.9
91862.5
91876.6
91890.4
91902.7
91915.5
91929.1
91942.6
91957.1
91971.9
91987.1
92003.1
92018.9
92034.5
92051.3
92067.6
92084.0
92100.2
92116.3
92132.6
92148.6
92165.0
92180.8
92197.3
92213.7
92230.0
92246.4
92262.9
92279.8
92296.4
92313.0
92329.3
92345.5
92360.9
92377.3
92392.9
92408.2
92422.7
92437.4
92452.1
92467.1
92481.6
92495.7
92509.5
92523.6
92537.4
92551.4
92565.1
92578.8
92592.3
92605.8
92621.5
92638.5
92655.7
92673.0
92689.9
92706.5
92723.2
92739.9
92756.2
92772.3
92788.7
92805.3
92822.7
92840.0
92857.1
92875.3
92893.2
92911.3
92929.4
92947.4
92965.4
92983.7
93001.7
93019.2
93037.0
93055.4
93074.0
93092.2
93110.2
93128.4
93146.7
93165.8
93184.2
93202.3
93221.1
93239.4
93258.1
93277.4
93295.2
93314.6
93333.5
93352.9
93371.9
93391.4
93411.0
93429.5
93449.2
93468.5
93488.8
93508.9
93528.6
93549.1
93569.1
93589.4
93610.1
93631.0
93651.3
93672.7
93694.1
93715.7
93735.9
93754.8
93773.2
93791.7
93810.2
93829.8
93849.8
93871.2
93892.6
93913.7
93935.4
93956.9
93977.4
93997.5
94016.5
94035.3
94052.3
94069.5
94085.9
94102.3
94118.8
94135.1
94151.1
94167.6
94183.8
94200.1
94216.4
94232.6
94249.0
94265.5
94281.9
94297.8
94314.7
94330.9
94347.6
94363.3
94379.7
94395.6
94412.1
94428.4
94445.1
94462.0
94478.3
94495.1
94511.7
94528.7
94545.5
94562.8
94579.9
94596.8
94613.8
94631.3
94648.8
94666.8
94685.3
94704.2
94722.2
94740.9
94757.0
94773.8
94789.0
94803.5
94817.6
94830.1
94842.2
94853.9
94865.4
94876.4
94887.8
94898.2
94909.2
94920.5
94932.7
94945.9
94962.9
94978.6
94993.7
95008.8
95023.7
95038.4
95052.9
95067.7
95082.5
95097.3
95111.8
95126.7
95142.5
95157.5
95173.8
95189.9
95206.3
95222.5
95238.6
95255.4
95271.6
95287.4
95303.4
95319.9
95336.3
95352.0
95368.2
95384.4
95400.7
95417.0
95433.0
95449.5
95466.4
95482.6
95498.4
95514.3
95528.9
95543.8
95558.4
95572.7
95586.5
95600.2
95613.4
95626.7
95640.3
95652.5
95665.6
95678.3
95690.9
95703.7
95715.9
95728.2
95740.2
95751.9
95763.8
95775.2
95786.9
95798.7
95810.5
95820.9
95829.0
95836.1
95843.3
95850.2
95857.3
95864.9
95872.4
95880.1
95887.7
95895.8
95904.2
95913.0
95921.8
95930.6
95939.5
95948.7
95957.9
95967.4
95977.2
95987.2
95996.8
96005.4
96014.4
96024.3
96033.6
96044.9
96055.4
96067.0
96079.2
96093.0
96106.0
96119.6
96133.5
96147.8
96162.6
96177.8
96192.4
96208.6
96224.2
96240.4
96256.8
96273.4
96290.0
96306.2
96321.9
96338.6
96354.7
96371.0
96387.4
96404.3
96420.3
96436.5
96452.0
96468.9
96484.7
96501.3
96517.5
96533.9
96550.5
96567.2
96583.3
96599.6
96615.9
96632.5
96648.5
96665.4
96681.7
96698.4
96714.6
96732.3
96751.3
96772.5
96794.1
96814.8
96836.1
96858.5
96880.4
96901.8
96923.4
96943.7
96964.5
96984.8
97006.1
97028.2
97050.9
97074.8
97099.1
97124.3
97149.9
97176.9
97203.2
97229.6
97255.2
97280.8
97306.5
97332.7
97359.7
97386.9
97414.4
97440.7
97468.3
97495.0
97522.3
97549.3
97576.8
97602.7
97630.1
97656.0
97682.6
97707.6
97732.7
97758.4
97783.3
97808.1
97832.2
97856.8
97881.7
97906.7
97931.1
97955.8
97980.3
98004.8
98029.9
98053.7
98077.8
98100.3
98122.5
98144.7
98167.7
98190.4
98214.7
98239.2
98264.0
98289.7
98316.4
98342.9
98369.0
98394.7
98420.4
98446.5
98473.0
98499.7
98525.6
98553.4
98580.4
98607.6
98634.5
98661.2
98688.0
98715.2
98742.0
98769.7
98796.1
98823.6
98851.0
98878.0
98904.7
98931.7
98958.9
98985.9
99013.1
99040.3
99069.1
99099.0
99128.7
99158.7
99188.8
99218.4
99249.2
99279.1
99308.6
99338.4
99368.6
99398.4
99429.5
99460.2
99491.3
99522.8
99554.9
99587.2
99618.9
99650.9
99682.7
99715.5
99748.0
99780.2
99812.8
99845.4
99878.0
99910.1
99940.0
99972.3
100003.9
100034.4
100063.5
100092.2
100119.8
100146.6
100173.5
100199.1
100225.7
100251.3
100277.0
100303.4
100328.9
100354.7
100379.6
100405.2
100430.2
100455.6
100481.6
100507.3
100533.6
100560.3
100586.0
100610.8
100635.9
100659.3
100683.8
100708.4
100733.3
100758.6
100784.0
100810.2
100837.1
100863.7
100892.1
100919.5
100947.5
100974.9
101003.3
101031.7
101060.6
101090.3
101119.7
101148.6
101175.7
101202.9
101229.9
101254.4
101277.9
101300.3
101322.0
101342.8
101364.2
101384.9
101406.8
101427.0
101446.4
101465.2
101483.9
101501.9
101519.7
101536.9
101554.5
101571.7
101588.6
101605.6
101622.0
101638.1
101653.1
101667.8
101681.4
101695.5
101708.8
101722.0
101734.3
101746.8
101758.8
101771.0
101782.4
101793.6
101804.9
101816.2
101827.8
101838.5
101849.8
101860.8
101872.4
101884.0
101895.7
101907.0
101919.1
101930.8
101942.8
101955.3
101967.5
101979.4
101992.3
102004.7
102018.3
102033.6
102049.8
102065.4
102080.2
102094.4
102108.7
102122.6
102135.5
102148.0
102160.4
102172.8
102185.1
102197.1
102209.6
102222.1
102235.0
102247.7
102258.1
102269.0
102278.4
102287.5
102297.8
102307.5
102318.2
102329.5
102340.9
102353.0
102365.3
102377.3
102389.8
102402.1
102414.7
102426.0
102436.1
102445.6
102454.8
102463.1
102471.1
102478.6
102485.8
102492.9
102500.2
102507.0
102513.6
102519.5
102525.2
102530.6
102535.8
102540.7
102545.2
102549.7
102554.2
102558.9
102563.2
102567.2
102571.1
102574.7
102578.1
102581.5
102584.8
102588.0
102591.1
102594.1
102596.9
102599.8
102602.6
102605.4
102608.2
102611.1
102614.1
102617.5
102621.1
102624.9
102628.8
102633.5
102640.8
102648.4
102656.1
102664.3
102672.4
102681.3
102690.2
102700.0
102709.8
102720.6
102731.8
102742.4
102753.3
102763.5
102773.0
102783.3
102793.7
102804.6
102815.8
102828.1
102840.3
102853.7
102867.8
102881.3
102896.4
102911.8
102927.6
102943.0
102958.7
102974.7
102990.3
103006.8
103023.3
103039.5
103055.9
103072.5
103088.6
103104.8
103121.3
103137.2
103153.4
103170.2
103186.0
103202.5
103218.7
103235.4
103251.1
103267.8
103284.3
103300.4
103316.7
103332.9
103349.3
103365.2
103381.7
103398.3
103414.8
103430.3
103446.5
103462.9
103478.8
103495.5
103511.1
103527.4
103543.5
103559.8
103576.0
103591.8
103608.3
103625.2
103641.4
103657.9
103674.1
103690.1
103706.5
103722.8
103738.7
103756.2
103772.6
103789.2
103804.7
103821.6
103837.5
103853.1
103868.0
103883.2
103898.8
103913.7
103928.9
103942.6
103957.3
103972.1
103986.4
104000.7
104014.7
104028.8
104042.3
104056.2
104069.9
104083.4
104097.0
104109.9
104123.6
104136.8
104149.6
104162.9
104175.1
104188.2
104201.6
104213.9
104226.1
104238.6
104251.5
104263.6
104276.2
104288.9
104301.9
104313.5
104326.0
104338.3
104350.8
104362.3
104374.8
104387.3
104399.6
104411.8
104424.0
104436.0
104448.7
104461.1
104472.9
104485.0
104497.2
104509.6
104522.2
104534.8
104546.7
104559.5
104571.5
104584.4
104596.7
104609.5
104622.3
104634.6
104647.5
104660.6
104673.1
104685.9
104698.7
104712.3
104725.8
104738.9
104752.3
104766.0
104779.8
104794.0
104807.7
104821.5
104835.8
104849.8
104864.4
104878.7
104892.7
104907.6
104922.6
104936.4
104949.7
104963.2
104976.0
104988.9
105001.2
105013.3
105025.4
105034.6
105043.5
105052.0
105061.0
105070.4
105079.8
105090.1
105100.5
105111.1
105120.8
105129.2
105136.7
105143.8
105150.1
105156.2
105161.8
105167.5
105173.2
105178.9
105184.5
105188.4
105189.4
105189.8
105189.9
105189.9
105189.9
105189.9
105190.5
105191.1
105191.7
105192.4
105193.1
105193.7
105194.3
105194.9
105195.7
105196.7
105197.9
105199.4
105201.2
105203.7
105208.0
105214.3
105221.3
105227.9
105234.4
105240.2
105245.4
105249.3
105252.9
105255.6
105257.9
105260.3
105263.2
105266.3
105270.3
105274.3
105278.7
105283.9
105289.3
105294.9
105300.1
105305.8
105311.4
105317.2
105323.0
105328.5
105334.1
105339.5
105345.1
105350.6
105356.0
105361.3
105366.5
105372.2
105377.8
105383.3
105388.6
105393.8
105399.2
105404.6
105410.1
105415.9
105421.1
105426.2
105431.9
105437.5
105443.1
105448.7
105454.2
105459.8
105465.6
105471.5
105479.2
105488.4
105496.6
105505.3
105514.7
105524.1
105533.2
105542.4
105551.6
105561.4
105571.6
105581.7
105592.5
105603.3
105614.5
105627.1
105638.1
105648.0
105658.7
105670.3
105683.3
105698.9
105714.9
105731.2
105747.8
105764.6
105780.5
105797.4
105814.1
105831.0
105847.8
105865.0
105882.7
105900.4
105919.0
105938.0
105957.1
105976.5
105994.1
106010.1
106026.3
106042.8
106059.8
106077.3
106095.9
106114.8
106134.0
106153.3
106173.4
106193.0
106213.1
106233.3
106253.5
106273.0
106292.7
106312.1
106332.3
106352.6
106372.6
106392.4
106412.3
106432.1
106452.3
106472.2
106492.7
106513.1
106533.9
106555.2
106577.1
106598.6
106618.8
106639.4
106659.9
106680.4
106701.0
106721.5
106742.8
106763.9
106786.8
106810.7
106837.2
106866.5
106897.6
106929.5
106958.8
106985.6
107011.3
107037.1
107062.8
107089.2
107115.9
107143.1
107170.4
107198.6
107226.8
107254.8
107283.1
107310.4
107337.5
107364.8
107392.0
107419.4
107447.0
107474.3
107501.7
107529.2
107556.1
107584.0
107611.3
107639.2
107665.8
107692.8
107719.5
107746.8
107773.3
107801.5
107830.6
107859.0
107888.0
107915.8
107944.1
107972.8
108001.0
108027.8
108054.1
108078.5
108102.1
108124.8
108148.2
108171.1
108194.6
108217.7
108241.2
108264.5
108287.6
108310.9
108334.4
108357.3
108380.0
108402.8
108425.1
108448.0
108470.7
108493.0
108515.9
108537.8
108559.5
108581.9
108604.2
108625.7
108647.2
108669.5
108690.5
108712.8
108734.0
108755.8
108777.4
108799.3
108820.9
108843.0
108864.5
108886.5
108908.1
108929.7
108951.6
108973.1
108994.9
109016.5
109038.0
109059.2
109081.2
109102.5
109122.6
109142.3
109162.2
109181.7
109200.5
109219.6
109238.2
109256.7
109275.0
109292.9
109310.7
109327.7
109343.5
109358.6
109372.6
109386.3
109399.2
109411.9
109424.8
109437.2
109449.8
109461.9
109473.6
109485.7
109498.2
109510.4
109522.5
109534.7
109547.2
109559.8
109572.5
109585.5
109598.3
109611.6
109624.7
109638.2
109651.5
109664.8
109678.5
109692.2
109706.0
109719.9
109734.2
109748.8
109763.4
109778.4
109793.4
109808.6
109823.4
109839.3
109854.3
109870.3
109882.9
109896.5
109909.3
109922.0
109935.7
109949.6
109964.5
109978.8
109993.9
110009.9
110026.4
110042.5
110059.0
110075.3
110091.5
110106.3
110120.1
110131.3
110141.2
110149.9
110157.3
110163.8
110169.9
110175.8
110181.4
110187.3
110192.9
110198.3
110203.6
110209.4
110215.1
110220.8
110226.5
110232.2
110238.2
110244.1
110249.7
110255.6
110261.3
110267.0
110272.2
110277.4
110283.1
110288.6
110294.1
110299.3
110304.6
110309.8
110315.4
110320.9
110326.2
110331.3
110336.6
110342.5
110348.1
110353.6
110358.7
110363.3
110367.6
110371.5
110375.2
110378.2
110380.8
110383.2
110385.4
110387.2
110388.9
110390.5
110391.9
110392.8
110393.5
110394.0
110394.3
110394.5
110394.7
110394.9
110395.1
110395.3
110395.5
110395.7
110395.9
110396.4
110396.6
110396.8
110397.0
110397.2
110397.4
110397.4
110397.8
110398.4
110398.9
110399.3
110399.7
110400.1
110400.6
110401.2
110402.0
110403.0
110404.2
110405.6
110409.0
110413.9
110419.0
110424.3
110430.0
110435.8
110441.8
110448.3
110454.7
110461.7
110468.7
110476.4
110484.3
110493.2
110501.1
110508.8
110515.8
110522.7
110530.2
110537.3
110544.9
110553.6
110563.2
110573.1
110583.1
110593.5
110604.2
110614.9
110625.5
110636.8
110647.8
110658.8
110669.6
110680.7
110691.8
110702.3
110713.3
110723.7
110734.6
110745.5
110756.3
110767.4
110778.3
110789.4
110800.5
110811.0
110822.0
110833.2
110844.1
110854.8
110865.9
110876.8
110887.4
110898.5
110909.1
110919.8
110930.9
110942.1
110953.7
110965.2
110976.7
110988.0
111000.0
111012.3
111024.8
111037.7
111050.8
111063.0
111075.2
111087.0
111098.4
111109.7
111121.6
111133.8
111146.5
111160.3
111174.2
111188.9
111204.7
111220.1
111235.5
111250.5
111265.8
111281.2
111296.6
111312.6
111328.4
111344.7
111361.3
111377.3
111393.6
111409.4
111425.7
111442.5
111458.5
111475.0
111491.3
111507.8
111523.8
111540.4
111557.0
111573.1
111589.2
111604.9
111620.4
111635.5
111650.0
111664.7
111678.4
111692.6
111706.3
111719.8
111733.3
111746.1
111759.1
111772.0
111784.6
111797.3
111809.2
111821.3
111833.6
111845.2
111856.8
111867.6
111878.9
111889.7
111901.1
111912.1
111923.0
111933.9
111944.7
111955.4
111966.2
111977.1
111988.3
111999.4
112009.8
112021.0
112031.8
112042.8
112053.8
112064.2
112074.7
112086.1
112096.6
112107.6
112118.7
112129.7
112140.4
112150.7
112161.9
112172.3
112182.6
112193.1
112203.7
112213.9
112224.4
112234.5
112244.9
112255.4
112265.5
112275.6
112285.8
112294.9
112303.6
112311.7
112319.0
112326.2
112332.9
112339.3
112345.4
112351.3
112357.2
112362.6
112367.7
112372.7
112377.7
112382.8
112388.0
112393.2
112398.4
112403.6
112408.8
112414.1
112419.5
112424.9
112430.3
112435.8
112439.6
112440.7
112441.0
112441.2
112441.2
112441.2
112441.2
112441.2
112441.2
112441.2
112441.2
112441.2
112441.2
112441.2
112441.2
112441.2
112441.2
112441.2
112441.2
112441.2
112441.2
112441.2
112441.2
112441.4
112441.6
112442.0
112442.4
112443.0
112443.6
112444.4
112445.2
112446.2
112447.6
112449.3
112451.4
112453.9
112456.9
112459.8
112461.3
112463.0
112463.9
112464.5
112465.5
112467.1
112468.9
112471.4
112474.6
112478.1
112482.5
112487.3
112492.0
112496.3
112500.8
112505.2
112510.0
112515.5
112520.9
112526.4
112531.8
112537.3
112542.8
112548.4
112553.7
112559.2
112564.4
112570.0
112575.4
112581.1
112586.3
112591.5
112596.9
112602.5
112608.0
112613.4
112618.9
112624.3
112629.6
112635.4
112640.7
112645.9
112651.3
112656.6
112662.2
112667.7
112673.3
112678.9
112684.0
112689.5
112695.0
112700.2
112705.7
112711.1
112716.6
112722.1
112727.7
112732.7
112738.4
112743.9
112749.4
112754.6
112760.1
112765.8
112770.7
112776.2
112781.8
112787.4
112792.3
112798.0
112803.6
112809.0
112814.3
112819.7
112825.3
112830.7
112836.3
112841.5
112846.7
112852.3
112857.9
112863.3
112868.9
112874.2
112882.4
112891.2
112900.3
112909.2
112917.9
112926.5
112935.1
112943.8
112952.0
112961.4
112970.2
112979.5
112989.0
112999.2
113009.7
113020.2
113031.2
113042.0
113052.5
113063.1
113074.2
113085.3
113096.4
113106.6
113118.0
113129.1
113140.5
113152.3
113163.5
113175.0
113186.1
113197.9
113209.1
113220.5
113231.8
113243.3
113254.5
113265.9
113277.6
113289.7
113301.6
113313.6
113325.9
113338.3
113350.9
113363.8
113376.8
113390.1
113402.8
113413.8
113424.7
113434.9
113444.6
113455.1
113466.2
113477.9
113491.4
113507.9
113526.3
113544.3
113562.4
113580.8
113598.7
113617.4
113635.7
113654.4
113672.7
113691.9
113710.6
113729.0
113747.1
113765.2
113783.6
113802.1
113819.9
113837.4
113854.9
113872.7
113890.6
113908.2
113925.6
113944.0
113962.2
113980.8
113998.0
114013.5
114028.3
114042.6
114056.4
114067.9
114079.2
114090.8
114102.0
114114.8
114127.0
114140.3
114153.8
114168.6
114183.7
114198.2
114214.1
114229.6
114246.3
114264.3
114283.5
114302.8
114323.8
114344.3
114362.0
114379.2
114395.8
114413.2
114431.2
114450.4
114469.2
114487.9
114505.9
114524.4
114542.6
114560.0
114577.5
114595.3
114613.2
114631.1
114648.9
114666.2
114684.0
114701.1
114718.3
114735.4
114752.5
114769.5
114786.3
114803.4
114820.7
114837.4
114854.4
114871.6
114887.4
114903.0
114917.7
114932.2
114946.4
114960.2
114973.9
114986.9
115000.2
115013.4
115026.5
115038.9
115051.5
115063.9
115076.0
115088.3
115101.1
115113.2
115125.9
115138.5
115151.3
115164.0
115176.7
115188.9
115199.9
115210.5
115220.8
115230.8
115240.4
115249.7
115258.8
115268.0
115277.0
115286.2
115295.6
115303.8
115310.7
115317.3
115325.1
115333.0
115342.5
115352.3
115362.5
115373.0
115383.5
115394.1
115404.6
115415.4
115426.1
115435.6
115443.7
115451.4
115461.3
115470.8
115481.6
115492.5
115503.3
115514.4
115525.2
115536.0
115546.5
115557.4
115568.2
115579.0
115590.1
115601.1
115611.7
115622.6
115633.7
115644.6
115655.5
115666.5
115677.2
115688.2
115698.9
115709.6
115720.8
115731.7
115742.2
115752.5
115761.2
115768.3
115775.7
115781.9
115787.8
115793.0
115799.1
115805.1
115810.8
115816.0
115821.6
115827.2
115832.6
115838.0
115843.5
115848.9
115854.5
115860.1
115865.6
115871.4
115877.0
115882.7
115887.9
115892.4
115896.5
115899.9
115902.9
115905.5
115907.6
115909.4
115911.1
115912.2
115913.5
115914.3
115914.9
115915.2
115915.4
115915.6
115915.8
115916.0
115916.2
115916.4
115916.6
115916.8
115917.0
115917.2
115917.4
115917.6
115917.8
115918.0
115918.1
115918.1
115918.1
115918.1
115918.1
115918.1
115918.1
115918.1
115918.1
115918.1
115918.1
115918.1
115918.1
115918.1
115918.1
115918.1
115918.1
115918.1
115918.1
115918.1
115918.1
115918.1
115918.1
115918.1
115918.1
115918.1
115918.1
115918.1
115918.1
115918.1
115918.1
115918.1
115918.1
115918.1
115918.1
115918.1
115918.5
115918.9
115919.3
115919.7
115920.2
115920.8
115921.4
115922.0
115922.7
115923.5
115924.6
115926.6
115929.4
115934.7
115941.4
115948.5
115956.0
115963.9
115972.3
115980.9
115990.1
115996.6
116003.0
116009.3
116014.1
116019.0
116024.6
116030.6
116036.7
116044.0
116051.3
116059.1
116066.9
116074.6
116082.6
116090.6
116098.5
116106.5
116114.8
116122.5
116130.1
116137.9
116145.7
116153.3
116160.9
116168.3
116176.1
116183.7
116191.3
116198.8
116206.5
116213.6
116220.8
116228.1
116235.3
116242.7
116249.9
116257.0
116264.1
116271.5
116278.6
116286.0
116293.2
116300.1
116307.5
116315.0
116322.2
116329.5
116336.7
116343.8
116351.1
116358.5
116365.8
116373.1
116380.1
116387.6
116395.2
116402.6
116410.1
116417.4
116425.2
116432.9
116440.6
116448.5
116456.0
116464.0
116472.0
116480.1
116488.4
116496.3
116504.5
116513.0
116521.5
116529.7
116538.2
116546.9
116555.6
116564.6
116573.5
116582.5
116591.5
116600.9
116610.3
116619.8
116628.7
116637.8
116646.8
116655.7
116664.1
116672.9
116681.5
116690.4
116698.7
116704.7
116710.5
116715.6
116721.5
116727.6
116734.8
116742.6
116750.5
116758.3
116766.1
116773.6
116781.3
116788.5
116795.8
116802.3
116809.3
116815.8
116822.4
116829.1
116835.5
116841.9
116848.4
116854.6
116860.5
116866.5
116872.4
116878.6
116884.3
116889.9
116895.6
116901.1
116906.6
116912.1
116917.7
116922.6
116928.3
116933.8
116939.1
116944.7
116950.1
116955.6
116961.0
116966.4
116971.7
116977.1
116982.6
116988.1
116993.5
116998.8
117004.4
117009.6
117013.5
117016.5
117019.2
117021.4
117023.2
117024.6
117025.6
117026.3
117027.0
117027.2
117027.4
117027.6
117027.8
117028.0
117028.2
117028.4
117028.6
117028.8
117029.0
117029.2
117029.4
117029.6
117029.8
117030.0
117030.2
117030.2
117030.2
117030.2
117030.2
117030.2
117030.2
117030.2
117030.2
117030.2
117030.2
117030.2
117030.2
117030.2
117030.2
117030.2
117030.2
117030.2
117030.2
117030.2
117030.2
117030.2
117030.2
117030.2
117030.2
117030.2
117030.2
117030.2
117030.2
117030.2
117030.2
117030.2
117030.2
117030.2
117030.2
117030.2
117030.2
117030.2
117030.2
117030.4
117030.8
117031.3
117031.9
117032.7
117033.7
117034.8
117036.2
117037.4
117038.3
117038.8
117038.8
117038.8
117038.9
117039.6
117041.1
117043.1
117045.7
117049.0
117053.1
117057.9
117062.6
117067.0
117071.2
117075.6
117079.4
117083.9
117088.4
117093.4
117098.7
117104.3
117109.7
117115.0
117120.4
117125.7
117131.2
117136.9
117142.3
117147.7
117153.2
117158.6
117164.2
117169.6
117174.8
117180.2
117185.6
117191.3
117196.7
117201.8
117207.4
117212.9
117218.6
117224.0
117229.4
117234.7
117240.2
117245.7
117250.9
117256.3
117261.8
117267.2
117272.8
117277.9
117283.2
117288.9
117294.4
117299.5
117304.9
117414.1
117419.9
117425.0
117430.4
117435.8
117440.9
117445.7
117450.0
117454.5
117458.9
117463.0
117466.7
117470.2
117473.8
117477.3
117480.6
117483.9
117486.9
117489.8
117492.6
117495.2
117497.7
117500.1
117502.3
117504.5
117506.5
117508.5
117510.3
117512.0
117513.6
117515.1
117516.5
117517.9
117519.2
117520.4
117521.6
117522.6
117523.6
117524.4
117525.2
117526.0
117526.6
117527.2
117527.8
117528.3
117528.7
117529.1
117529.5
117529.8
117530.0
117530.2
117530.4
117530.6
117530.7
117530.7
117530.7
117530.7
117530.7
117530.7
117530.7
117530.7
117530.7
117530.7
117530.7
117530.7
117530.7
117530.7
117530.7
117530.7
117530.7
117530.7
117530.8
117530.8
117530.8
117530.8
117530.8
117530.8
117530.8
117530.8
117530.8
117530.8
117530.8
117531.0
117531.2
117531.4
117531.6
117532.0
117532.4
117532.8
117533.2
117533.8
117534.4
117535.1
117535.9
117536.7
117537.6
117538.6
117539.7
117541.0
117542.8
117546.9
117552.5
117558.3
117563.9
117569.3
117573.8
117577.4
117581.3
117584.7
117588.5
117592.4
117597.2
117601.9
117607.5
117613.6
117619.3
117625.3
117631.2
117637.1
117643.1
117649.0
117654.8
117660.8
117667.0
117672.9
117678.8
117685.1
117691.7
117698.5
117705.4
117712.5
117719.2
117724.3
117729.4
117733.5
117737.1
117741.2
117745.7
117750.8
117756.1
117762.2
117769.0
117776.5
117784.1
117791.8
117799.7
117808.3
117816.6
117824.9
117833.6
117842.5
117851.1
117860.0
117868.9
117877.3
117885.2
117892.8
117900.1
117907.0
117913.8
117918.1
117921.6
117924.9
117927.4
117930.0
117933.6
117937.2
117940.6
117945.9
117950.9
117956.5
117962.1
117967.8
117973.6
117978.8
117984.7
117990.4
117995.7
118000.9
118005.2
118008.0
118010.3
118012.0
118013.0
118013.9
118014.3
118014.6
118015.4
118016.0
118016.5
118017.0
118017.4
118017.9
118018.5
118019.4
118020.4
118021.6
118022.9
118024.5
118026.2
118028.1
118030.2
118032.2
118034.4
118036.8
118039.5
118042.3
118045.3
118048.5
118051.9
118055.4
118059.1
118063.0
118067.2
118071.6
118076.1
118080.8
118084.0
118086.1
118087.8
118089.4
118091.5
118094.1
118097.2
118101.4
118105.9
118110.7
118116.2
118121.7
118127.8
118133.4
118139.0
118144.5
118150.5
118156.1
118162.5
118168.8
118175.0
118181.7
118188.3
118195.1
118201.6
118208.7
118216.2
118223.6
118231.0
118239.1
118246.9
118255.2
118263.3
118270.5
118276.5
118280.8
118283.8
118286.3
118288.5
118290.3
118291.6
118292.6
118293.3
118294.2
118294.5
118294.7
118295.3
118295.7
118296.0
118296.2
118296.4
118296.6
118296.8
118297.0
118297.2
118297.4
118297.6
118297.8
118298.0
118298.2
118298.2
118298.2
118298.2
118298.2
118298.2
118298.2
118298.2
118298.2
118298.2
118298.2
118298.2
118298.2
118298.2
118298.2
118298.2
118298.2
118298.2
118298.2
118298.2
118298.2
118298.2
118298.2
118298.2
118298.2
118298.2
118298.2
118298.2
118298.2
118298.2
118298.2
118348.6
118348.6
118348.6
118348.6
118348.6
118348.6
118348.6
118348.6
118348.6
118348.6
118348.6
118348.6
118348.6
118348.6
118348.6
118348.6
118348.6
118348.6
118348.6
118348.6
118348.6
118348.6
118348.6
118348.6
118348.6
118348.6
118348.6
118348.6
118348.6
118348.6
118348.6
118348.6
118348.6
118348.7
118348.9
118349.3
118349.7
118350.2
118350.8
118351.6
118352.4
118353.4
118354.8
118356.5
118358.6
118361.1
118363.9
118366.7
118368.3
118369.9
118370.9
118371.5
118372.3
118373.8
118375.7
118378.2
118381.5
118385.1
118389.7
118394.5
118399.0
118403.3
118407.6
118412.4
118417.4
118485.3
118490.6
118496.0
118501.3
118507.0
118512.5
118517.8
118523.4
118528.8
118534.1
118539.7
118545.3
118550.7
118556.0
118561.3
118566.7
118572.4
118577.7
118583.2
118588.7
118593.8
118599.3
118605.0
118610.5
118615.8
118621.4
118626.6
118632.1
118637.6
118643.1
118648.4
118653.8
118659.3
118664.5
118669.1
118673.6
118677.4
118681.2
118684.6
118687.7
118690.9
118693.4
118696.1
118698.7
118701.1
118703.2
118705.1
118706.8
118708.3
118709.6
118710.7
118711.6
118712.4
118713.0
118713.4
118713.7
118713.8
118713.8
118713.8
118713.8
118713.8
118713.8
118713.8
118713.8
118713.8
118714.2
118714.7
118715.1
118715.5
118715.9
118716.3
118716.7
118717.3
118718.1
118719.1
118720.2
118721.5
118723.1
118724.8
118726.7
118728.8
118731.1
118733.5
118736.1
118739.0
118742.0
118745.2
118748.6
118752.2
118756.1
118760.1
118764.3
118768.7
118773.3
118777.1
118779.7
118781.5
118783.3
118785.1
118787.1
118790.6
118794.2
118797.9
118802.5
118808.0
118813.0
118818.7
118824.2
118829.3
118834.9
118840.4
118845.7
118851.0
118855.6
118859.3
118861.4
118863.6
118865.1
118866.2
118866.9
118867.3
118867.7
118867.9
118868.1
118868.3
118868.5
118868.7
118868.9
118869.1
118869.3
118869.5
118869.7
118869.9
118870.1
118870.3
118870.5
118870.7
118870.8
118870.8
118870.8
118870.8
118870.8
118870.8
118870.8
118870.8
118870.8
118870.8
118870.8
118870.8
118870.8
118870.8
118870.8
118870.8
118870.8
118870.8
118870.8
118870.8
118870.8
118870.8
118870.8
118870.8
118870.8
118870.8
118870.8
118870.8
118870.8
118870.8
118870.8
118870.8
118870.8
118870.8
118870.8
118870.8
118870.8
118870.8
118870.8
118870.8
118870.8
118870.8
118870.8
118870.8
118870.8
118870.8
118870.8
118870.8
118870.8
118870.8
118870.8
118870.8
118870.8
118870.8
118870.8
118870.8
118870.8
118870.8
118870.8
118870.8
118870.8
118870.8
118870.8
118870.8
118870.8
118870.9
118871.2
118871.7
118872.3
118872.4
118872.4
118872.4
118872.4
118872.4
118872.4
118872.4
118872.4
118872.6
118873.7
118875.6
118879.0
118883.3
118888.2
118892.8
118897.1
118901.4
118905.4
118909.2
118913.0
118916.9
118921.3
118925.9
118931.0
118936.1
118941.6
118946.9
118952.7
118958.1
118963.3
118968.8
118974.1
118979.8
118985.1
118989.8
118994.4
118998.5
119002.6
119006.2
119009.3
119012.7
119015.6
119018.2
119021.1
119023.7
119026.0
119028.1
119030.0
119031.7
119033.2
119034.6
119035.8
119036.8
119037.6
119038.3
119038.8
119039.1
119039.3
119039.4
119039.4
119039.4
119039.4
119039.4
119039.4
119039.4
119039.4
119039.4
119039.4
119039.4
119039.4
119039.4
119039.4
119039.4
119039.4
119039.4
119039.4
119039.4
119039.4
119039.4
119039.4
119039.4
119039.4
119039.4
119039.4
119039.4
119039.4
119039.4
119039.4
119039.4
119039.4
119039.4
119039.4
119039.4
119039.4
119039.4
119039.4
119039.4
119039.4
119039.4
119039.4
119039.4
119039.4
119039.4
119039.4
119039.4
119039.4
119039.4
119039.4
119039.4
119039.4
119039.4
119039.4
119039.4
119039.4
119039.4
119039.4
119039.4
119039.4
119039.4
119039.4
119039.4
119039.4
119039.4
119039.4
119039.4
119039.4
119039.4
119039.4
119039.4
119039.4
119039.4
119039.4
119039.4
119039.4
119039.4
119039.4
119039.4
119039.4
119039.4
119039.4
119039.4
119039.4
119039.4
119039.4
119039.4
119039.4
119039.4
119039.4
119039.4
119039.4
119039.4
119039.4
119039.4
119039.4
119039.4
119039.4
119039.4
119039.4
119039.4
119039.4
119039.4
119039.4
119039.4
119039.4
119039.4
119039.4
119039.4
119039.4
119039.4
119039.4
119039.4
119039.4
119039.4
119039.4
119039.4
119039.4
119039.4
119039.4
119039.4
119039.4
119039.4
119039.4
119039.4
119039.4
119039.4
119039.4
119039.4
119039.4
119039.5
119039.7
119039.7
119039.7
119039.7
119039.7
119039.7
119039.7
119039.7
119039.7
119039.7
119039.7
119039.7
119039.7
119039.7
119039.7
119039.7
119039.7
119039.7
119039.7
119039.7
119039.7
119039.7
119039.7
119039.7
119039.7
119039.9
119040.3
119040.7
119041.1
119041.7
119041.8
119041.8
119041.8
119041.8
119041.8
119041.8
119041.8
119041.8
119041.8
119041.8
119041.8
119041.8
119041.8
119041.8
119041.8
119041.8
119041.8
119041.8
119041.8
119041.8
119041.8
119041.8
119041.8
119041.8
119041.8
119041.8
119041.8
119041.8
119041.8
119041.8
119041.8
119041.8
119041.8
119041.8
119041.8
119041.8
119041.8
119041.8
119041.8
119041.8
119041.8
119041.8
119041.8
119041.8
119041.8
119041.8
119042.0
119042.4
119042.8
119043.2
119043.6
119044.2
119044.8
119045.4
119046.0
119046.8
119047.8
119049.1
119050.7
119052.6
119054.7
119057.0
119059.6
119062.4
119065.5
119068.9
119072.6
119075.9
119078.5
119080.5
119081.8
119082.3
119082.3
119082.3
119082.3
119082.3
119082.3
119082.3
119082.3
119082.3
119082.7
119083.6
119084.7
119086.2
119086.9
119087.1
119087.3
119087.5
119087.7
119087.9
119088.1
119088.3
119088.5
119088.7
119088.9
119089.1
119089.3
119089.5
119089.7
119089.8
119089.8
119089.8
119089.8
119089.8
119089.8
119089.8
119089.8
119089.8
119089.8
119089.8
119089.8
119089.8
119089.8
119089.8
119089.8
119089.8
119089.8
119089.8
119089.8
119089.8
119089.8
119089.8
119089.8
119089.8
119089.8
119089.8
119089.8
119089.8
119089.8
119089.8
119089.8
119089.8
119089.8
119089.8
119089.8
119089.8
119089.8
119089.8
119089.8
119089.8
119089.8
119089.8
119089.8
119089.8
119089.8
119089.8
119089.8
119089.8
119089.8
119089.8
119089.8
119089.8
119089.8
119089.8
119089.8
119089.8
119089.8
119089.8
119089.8
119089.8
119089.8
119089.8
119089.8
119089.8
119089.8
119089.8
119089.8
119089.8
119089.8
119089.8
119089.8
119089.8
119089.8
119089.8
119089.8
119089.8
119089.8
119089.8
119089.8
119089.8
119089.8
119089.8
119089.8
119089.8
119089.8
119089.8
119089.8
119089.8
119089.8
119089.9
119090.1
119090.5
119091.0
119091.7
119092.5
119093.5
119094.8
119096.4
119098.1
119099.1
119100.1
119100.5
119100.7
119101.0
119101.9
119103.2
119105.3
119108.2
119111.2
119115.0
119120.1
119151.7
119156.3
119160.5
119164.6
119169.2
119173.5
119178.4
119183.4
119188.8
119194.4
119199.8
119205.0
119209.6
119213.8
119217.9
119221.3
119224.7
119227.4
119229.9
119232.3
119234.2
119236.1
119237.9
119239.4
119240.7
119241.7
119242.4
119243.0
119243.3
119243.5
119243.7
119243.9
119244.1
119244.3
119244.5
119244.7
119244.9
119245.1
119245.3
119245.5
119245.7
119245.9
119246.1
119246.2
119246.2
119246.2
119246.2
119246.2
119246.2
119246.2
119246.2
119246.2
119246.2
119246.2
119246.2
119246.2
119246.2
119246.2
119278.2
119278.2
119278.2
119278.2
119278.2
119278.2
119278.2
119278.2
119278.2
119278.2
119278.2
119278.2
119278.2
119278.2
119278.2
119278.2
119278.2
119278.2
119278.2
119278.2
119278.2
119278.2
119278.2
119278.2
119278.2
119278.2
119278.2
119278.2
119278.2
119278.2
119278.2
119278.2
119278.2
119278.5
119278.9
119279.3
119281.1
119281.1
119281.1
119281.1
119281.1
119281.1
119281.1
119281.1
119281.1
119281.1
119281.1
119281.1
119281.1
119281.1
119281.1
119281.1
119281.1
119281.1
119281.1
119281.1
119281.1
119281.1
119281.1
119281.1
119281.1
119281.1
119281.1
119281.1
119281.1
119281.1
119281.1
119281.1
119281.1
119281.1
119281.1
119281.1
119281.1
119281.1
119281.1
119281.1
119281.1
119281.1
119281.1
119281.1
119281.1
119281.1
119281.1
119281.1
119281.1
119281.1
119281.1
119281.1
119281.1
119281.1
119281.1
119281.1
119281.1
119281.1
119281.1
119281.1
119281.1
119281.1
119281.1
119281.1
119281.1
119281.1
119281.1
119281.1
119281.1
119281.1
119281.1
119281.1
119281.1
119281.1
119281.1
119281.1
119281.1
119281.1
119281.1
119281.1
119281.1
119281.1
119281.1
119281.1
119281.1
119281.1
119281.1
119281.1
119281.1
119281.1
119281.1
119281.1
119281.1
119281.1
119281.1
119281.1
119281.1
119281.1
119281.1
119281.1
119281.1
119281.1
119281.1
119281.1
119281.1
119281.1
119281.1
119281.1
119281.1
119281.1
119281.1
119281.1
119281.1
119281.1
119281.1
119281.1
119281.1
119281.1
119281.1
119281.1
119281.1
119281.1
119281.1
119281.1
119281.1
119281.1
119281.1
119281.1
119281.1
119281.1
119281.1
119281.1
119281.1
119281.1
119281.1
119281.1
119281.1
119281.1
119281.1
119281.1
119281.1
119281.1
119281.1
119281.1
119281.1
119281.4
119281.4
119281.4
119281.4
119281.4
119281.4
119281.4
119281.4
119281.4
119281.4
119281.4
119281.4
119281.4
119281.4
119281.4
119281.4
119281.4
119281.4
119281.4
119281.4
119281.4
119281.4
119281.4
119281.4
119281.4
119281.4
119281.4
119281.4
119281.4
119281.4
119281.4
119281.4
119281.4
119281.4
119281.4
119281.4
119281.4
119281.4
119281.4
119281.4
119281.4
119281.4
119281.4
119281.4
119281.4
119281.4
119281.4
119281.4
119281.4
119281.4
119281.4
119281.4
119281.4
119281.4
119281.4
119281.4
119281.4
119281.4
119281.4
119281.4
119281.4
119281.4
119281.4
119281.4
119281.4
119281.4
119281.4
119281.4
119281.4
119281.4
119281.4
119281.4
119281.4
119281.4
119281.4
119281.4
119281.4
119281.4
119281.4
119281.4
119281.4
119281.4
119281.4
119281.4
119281.4
119281.4
119281.4
119281.4
119281.4
119281.4
119281.4
119281.4
119281.4
119281.4
119281.4
119281.4
119281.4
119281.4
119281.4
119281.4
119281.4
119281.4
119281.4
119281.4
119281.4
119281.4
119281.4
119281.4
119281.4
119281.4
119281.4
119281.4
119281.4
119281.4
119281.4
119281.4
119281.4
119281.4
119281.4
119281.4
119281.4
119281.4
119281.4
119281.4
119281.4
119281.4
119281.4
119281.4
119281.4
119281.4
119281.4
119281.4
119281.4
119281.4
119281.4
119281.4
119281.4
119281.4
119281.4
119281.4
119281.4
119281.4
119281.4
119281.4
119281.4
119281.4
119281.4
119281.4
119281.4
119281.4
119281.4
119281.4
119281.4
119281.4
119281.4
119281.4
119281.4
119281.4
119281.4
119281.4
119281.4
119281.4
119281.4
119281.4
119281.4
119281.4
119281.4
119281.4
119281.4
119281.4
119281.4
119281.4
119281.4
119281.4
119281.4
119281.4
119281.4
119281.4
119281.4
119281.4
119281.4
119281.4
119281.4
119281.4
119281.4
119281.4
119281.4
119281.4
119281.4
119281.4
119281.4
119281.4
119281.4
119281.4
119281.4
119281.4
119281.4
119281.4
119281.4
119281.4
119281.4
119281.4
119281.4
119281.4
119281.4
119281.4
119281.4
119281.4
119281.4
119345.0
119345.0
119345.0
119345.0
119345.0
119345.0
119345.0
119345.0
119345.0
119345.0
119345.0
119345.0
119345.0
119345.0
119345.0
119345.0
119345.0
119345.0
119345.0
119345.0
119345.0
119345.0
119345.0
119345.0
119345.0
119345.0
119345.0
119345.0
119345.0
119345.0
119345.0
119345.0
119345.0
119345.0
119345.0
119345.0
119345.0
119345.0
119345.0
119345.0
119345.0
119345.0
119345.0
119345.0
119345.0
119345.0
119345.0
119345.0
119345.0
119345.0
119345.0
119345.0
119345.0
119345.0
119345.0
119345.0
119345.0
119345.0
119345.0
119345.0
119345.0
119345.0
119345.0
119345.0
119345.0
119345.0
119345.0
119345.0
119345.0
119345.0
119345.0
119345.0
119345.0
119345.0
119345.0
119345.0
119345.0
119345.0
119345.0
119345.0
119345.0
119345.0
119345.0
119345.0
119345.0
119345.0
119345.0
119345.0
119345.0
119345.0
119345.0
119345.0
119345.0
119345.0
119345.0
119345.0
119345.0
119345.0
119345.0
119345.0
119345.0
119345.0
119345.0
119345.0
119345.0
119345.0
119345.0
119345.0
119345.0
119345.0
119345.0
119345.0
119345.0
119376.4
119376.4
119376.4
119376.4
119376.4
119376.4
119376.4
119376.4
119376.4
119376.4
119376.4
119376.4
119376.4
119376.4
119376.4
119376.4
119376.4
119376.4
119376.4
119376.4
119376.4
119376.4
119376.4
119376.4
119376.4
119376.4
119376.4
119376.4
119376.4
119376.4
119376.4
119376.4
119376.4
119376.4
119376.4
119376.4
119376.4
119376.4
119376.4
119376.4
119376.4
119376.4
119376.4
119376.4
119376.4
119376.4
119376.4
119376.4
119376.4
119376.4
119376.4
119376.4
119376.4
119376.4
119376.4
119376.4
119376.4
119376.4
119376.4
119376.4
119376.4
119376.4
119376.4
119376.4
119376.4
119376.4
119376.4
119376.4
119376.4
119376.4
119376.4
119376.4
119376.4
119376.4
119376.4
119376.4
119376.4
119376.4
119376.4
119376.4
119376.4
119376.4
119376.4
119376.4
119376.4
119376.4
119376.4
119376.4
119376.4
119376.4
119376.4
119376.4
119376.4
119376.4
119376.4
119376.4
119376.4
119376.4
119376.4
119376.4
119376.4
119376.4
119376.4
119376.4
119376.4
119376.4
119376.4
119376.4
119376.4
119376.4
119376.4
119376.4
119376.4
119376.4
119376.4
119376.4
119376.4
119376.4
119376.4
119376.4
119376.4
119376.4
119376.4
119376.4
119376.4
119376.4
119376.4
119376.4
119376.4
119376.4
119376.4
119376.4
119376.4
119376.4
119376.4
119376.4
119376.4
119376.4
119376.4
119376.4
119376.4
119376.4
119376.4
119376.4
119376.4
119376.4
119376.4
119376.4
119376.4
119376.4
119376.4
119376.4
119376.4
119376.4
119376.4
119376.4
119376.4
119376.4
119376.4
119376.4
119376.4
119376.4
119376.4
119376.4
119376.4
119376.4
119376.4
119376.4
119376.4
119376.4
119376.4
119376.4
119376.4
119376.4
119376.4
119376.4
119376.4
119376.4
119376.4
119376.4
119376.4
119376.4
119376.4
119376.4
119376.4
119376.4
119376.4
119376.4
119376.4
119376.4
119376.4
119376.4
119376.4
119376.4
119376.4
119376.4
119376.4
119376.4
119376.4
119376.4
119376.4
119376.4
119376.4
119376.4
119376.4
119376.4
119376.4
119376.4
119376.4
119376.4
119376.4
119376.4
119376.4
119376.4
119376.4
119376.4
119376.4
119376.4
119376.4
119376.4
119376.4
119376.4
119376.4
119376.4
119376.4
119376.4
119376.4
119376.4
119376.4
119376.4
119376.4
119376.4
119376.4
119376.4
119376.4
119376.4
119376.4
119376.4
119376.4
119376.4
119376.4
119376.4
119376.4
119376.4
119376.4
119376.4
119376.4
119376.4
119376.4
119376.4
119376.4
119376.4
119376.4
119376.4
119376.4
119376.4
119376.4
119376.4
119376.4
119376.4
119376.4
119376.4
119376.4
119376.4
119376.4
119376.4
119376.4
119376.4
119376.4
119376.4
119376.4
119376.4
119376.4
119376.4
119376.4
119376.4
119376.4
119376.4
119376.4
119376.4
119376.4
119376.4
119376.4
119376.4
119376.4
119376.4
119376.4
119376.4
119376.4
119376.4
119376.4
119376.4
119376.4
119376.4
119376.4
119376.4
119376.4
119376.4
119376.4
119376.4
119376.4
119376.4
119376.4
119376.4
119376.4
119376.4
119376.4
119376.4
119376.4
119376.4
119376.4
119376.4
119376.4
119376.4
119376.4
119376.4
119376.4
119376.4
119376.4
119376.4
119376.4
119376.4
119376.4
119376.4
119376.4
119376.4
119376.4
119376.4
119376.4
119376.4
119376.4
119376.4
119376.4
119376.4
119376.4
119376.4
119376.4
119376.4
119376.4
119376.4
119376.4
119376.4
119376.4
119376.4
119376.4
119376.4
119376.4
119376.4
119376.4
119376.4
119376.4
119376.4
