Time needed: 502.63 s
Distance travelled: 1005.20 m
Total rotation: 4344.6°
Objects found after: 30.27 s, 206.77 s, 211.00 s

+++ following progress ticks +++
461
498
532
561
589
615
635
660
682
713
738
764
789
815
841
865
887
913
939
964
986
1010
1037
1062
1089
1112
1144
1168
1194
1216
1244
1268
1296
1317
1345
1368
1395
1417
1446
1466
1492
1517
1541
1564
1589
1615
1639
1662
1687
1712
1736
1759
1788
1811
1839
1860
1889
1907
1933
1959
1984
2005
2033
2054
2078
2104
2125
2149
2169
2190
2209
2226
2239
2248
2254
2257
2260
2260
2260
2260
2260
2260
2260
2260
2260
2260
2261
2261
2261
2261
2261
2261
2261
2262
2265
2269
2272
2274
2279
2286
2291
2297
2302
2312
2317
2328
2337
2349
2361
2372
2383
2395
2408
2421
2434
2446
2460
2475
2490
2505
2520
2536
2552
2566
2581
2598
2612
2631
2646
2662
2680
2699
2715
2735
2752
2772
2790
2809
2829
2850
2871
2893
2912
2936
2956
2981
3003
3027
3052
3076
3097
3127
3149
3177
3200
3228
3251
3281
3309
3337
3361
3383
3410
3439
3468
3500
3530
3559
3590
3622
3653
3683
3713
3746
3778
3812
3845
3877
3912
3944
3978
4013
4044
4078
4119
4152
4190
4223
4262
4298
4332
4372
4410
4449
4488
4524
4560
4600
4641
4681
4720
4759
4798
4837
4880
4920
4960
5001
5041
5081
5122
5163
5202
5245
5287
5327
5367
5409
5455
5496
5535
5582
5621
5667
5711
5752
5797
5841
5880
5925
5970
6015
6060
6105
6147
6194
6234
6280
6325
6370
6416
6461
6506
6550
6596
6643
6685
6733
6776
6823
6869
6914
6962
7007
7053
7100
7147
7192
7236
7287
7333
7383
7429
7476
7523
7571
7615
7666
7715
7763
7805
7855
7905
7954
8002
8050
8099
8145
8196
8241
8288
8336
8384
8432
8480
8529
8581
8627
8674
8724
8772
8821
8869
8917
8967
9016
9067
9114
9161
9212
9262
9311
9355
9407
9456
9502
9554
9598
9652
9696
9748
9800
9842
9896
9946
9995
10040
10091
10143
10192
10241
10290
10338
10390
10439
10489
10538
10586
10634
10684
10733
10783
10833
10883
10931
10979
11031
11081
11132
11181
11230
11278
11329
11376
11428
11477
11526
11574
11625
11674
11724
11775
11823
11871
11926
11973
12025
12073
12125
12172
12224
12272
12324
12375
12425
12470
12522
12575
12627
12678
12730
12779
12827
12876
12925
12976
13026
13076
13127
13178
13230
13281
13331
13382
13432
13483
13536
13588
13637
13689
13739
13789
13840
13893
13941
13994
14040
14093
14143
14195
14261
14313
14365
14415
14463
14516
14566
14616
14670
14718
14768
14819
14871
14920
14973
15020
15073
15124
15172
15223
15275
15327
15378
15429
15478
15530
15584
15635
15687
15738
15789
15840
15891
15943
15994
16046
16097
16148
16198
16249
16301
16350
16403
16455
16504
16553
16607
16656
16709
16760
16809
16860
16913
16965
17014
17066
17118
17166
17219
17271
17324
17372
17423
17476
17528
17580
17630
17683
17731
17786
17834
17890
17936
17992
18043
18091
18146
18197
18244
18298
18352
18403
18449
18502
18555
18608
18661
18714
18766
18819
18868
18921
18970
19022
19076
19124
19175
19228
19280
19332
19383
19435
19489
19541
19595
19643
19694
19748
19799
19851
19902
19954
20004
20058
20108
20166
20213
20268
20319
20370
20424
20476
20527
20578
20628
20682
20735
20786
20835
20888
20940
20991
21046
21095
21147
21200
21253
21302
21357
21404
21461
21513
21562
21614
21667
21720
21769
21820
21873
21927
21977
22029
22079
22132
22182
22231
22282
22332
22386
22437
22490
22542
22596
22648
22699
22752
22804
22857
22908
22961
23012
23066
23117
23169
23222
23274
23327
23382
23430
23484
23535
23591
23638
23691
23743
23796
23849
23900
23954
24006
24060
24108
24160
24212
24267
24319
24369
24421
24475
24527
24581
24632
24683
24736
24791
24840
24898
24943
24999
25051
25103
25155
25208
25259
25312
25367
25418
25465
25518
25574
25627
25682
25733
25784
25834
25885
25934
25985
26039
26092
26146
26197
26251
26303
26356
26407
26460
26512
26564
26618
26670
26724
26776
26828
26881
26935
26988
27039
27093
27144
27198
27250
27304
27355
27408
27461
27513
27567
27616
27672
27721
27775
27829
27883
27932
27986
28040
28094
28145
28197
28247
28304
28355
28410
28461
28510
28564
28616
28671
28720
28775
28823
28880
28935
28982
29037
29090
29140
29195
29250
29301
29348
29404
29456
29510
29563
29618
29668
29718
29771
29824
29876
29929
29980
30034
30086
30141
30193
30244
30297
30350
30403
30456
30508
30562
30614
30667
30720
30772
30824
30878
30930
30984
31036
31088
31144
31196
31250
31303
31353
31410
31464
31518
31568
31620
31676
31727
31780
31834
31887
31938
31992
32045
32100
32150
32206
32258
32312
32366
32416
32470
32524
32575
32631
32680
32732
32786
32840
32891
32948
32995
33050
33100
33156
33212
33259
33315
33368
33417
33472
33526
33580
33631
33681
33736
33791
33844
33898
33951
34004
34055
34106
34158
34212
34265
34317
34369
34423
34477
34531
34585
34637
34691
34743
34797
34850
34904
34956
35009
35062
35115
35167
35223
35274
35327
35379
35435
35485
35539
35592
35647
35700
35748
35806
35857
35912
35964
36016
36070
36120
36175
36226
36280
36331
36386
36440
36494
36545
36599
36651
36705
36755
36809
36863
36916
36969
37019
37072
37127
37178
37234
37285
37339
37390
37445
37491
37541
37584
37625
37668
37708
37743
37785
37824
37864
37902
37938
37974
38008
38042
38076
38108
38140
38172
38204
38236
38268
38300
38332
38364
38396
38428
38460
38492
38526
38560
38594
38630
38666
38704
38742
38781
38821
38863
38906
38950
38996
39043
39092
39134
39161
39182
39197
39221
39243
39275
39315
39352
39399
39452
39504
39555
39610
39663
39716
39769
39819
39876
39929
39982
40036
40088
40140
40195
40248
40303
40354
40408
40464
40518
40569
40622
40677
40731
40783
40835
40886
40940
40994
41048
41099
41152
41203
41259
41312
41366
41416
41469
41525
41577
41633
41682
41735
41791
41847
41892
41949
42002
42057
42108
42160
42214
42268
42321
42375
42430
42480
42530
42584
42639
42690
42745
42801
42856
42909
42962
43014
43067
43121
43174
43228
43282
43334
43386
43440
43494
43547
43601
43653
43710
43762
43814
43870
43923
43973
44027
44085
44136
44187
44244
44296
44345
44401
44453
44508
44560
44614
44666
44717
44773
44823
44878
44931
44982
45036
45094
45144
45196
45250
45305
45358
45411
45468
45518
45575
45625
45679
45735
45787
45840
45894
45946
45999
46053
46108
46162
46210
46267
46319
46375
46431
46482
46536
46588
46644
46699
46748
46804
46857
46906
46962
47017
47071
47120
47175
47231
47285
47338
47389
47442
47497
47551
47605
47658
47711
47766
47817
47868
47925
47975
48029
48083
48138
48191
48243
48297
48350
48404
48458
48512
48565
48618
48672
48726
48779
48833
48885
48940
48993
49048
49100
49155
49209
49264
49315
49372
49423
49477
49533
49586
49641
49691
49746
49796
49848
49903
49958
50008
50063
50114
50166
50221
50274
50326
50381
50436
50487
50540
50593
50648
50702
50754
50810
50864
50917
50970
51022
51078
51132
51182
51238
51288
51345
51397
51453
51507
51558
51611
51666
51720
51776
51826
51879
51934
51986
52042
52089
52145
52200
52251
52304
52360
52414
52462
52518
52573
52628
52682
52734
52784
52840
52893
52949
53002
53056
53110
53160
53212
53265
53319
53371
53425
53479
53531
53585
53636
53691
53744
53797
53850
53906
53959
54013
54067
54120
54173
54227
54280
54334
54387
54442
54495
54548
54601
54656
54709
54762
54816
54872
54924
54976
55031
55081
55139
55190
55241
55297
55352
55404
55460
55513
55566
55619
55674
55729
55784
55834
55890
55944
55995
56051
56107
56159
56211
56262
56318
56372
56421
56475
56524
56565
56602
56634
56664
56691
56716
56736
56758
56778
56796
56810
56823
56834
56842
56849
56854
56857
56859
56861
56863
56865
56867
56869
56871
56873
56875
56877
56877
56877
56877
56877
56877
56877
56877
56877
56877
56877
56877
56877
56877
56877
56877
56877
56877
56877
56877
56877
56877
56877
56877
56877
56877
56877
56877
56877
56877
56877
56877
56877
56877
56877
56877
56877
56877
56877
56877
56882
56888
56894
56900
56906
56912
56918
56924
56933
56944
56958
56975
56994
57017
57042
57071
57102
57136
57158
57182
57195
57208
57216
57227
57246
57266
57294
57325
57366
57412
57459
57505
57546
57594
57640
57693
57744
57795
57848
57900
57956
58010
58061
58115
58170
58224
58279
58331
58385
58439
58493
58548
58604
58654
58707
58761
58816
58872
58924
58975
59028
59083
59140
59187
59243
59300
59355
59403
59460
59515
59566
59619
59674
59730
59784
59839
59891
59942
59997
60052
60106
60160
60214
60268
60323
60375
60426
60481
60534
60588
60643
60696
60750
60804
60860
60915
60969
61022
61076
61129
61182
61236
61290
61344
61397
61451
61505
61557
61612
61666
61722
61775
61828
61883
61936
61991
62043
62100
62152
62205
62260
62314
62369
62422
62474
62531
62581
62635
62689
62745
62798
62850
62907
62957
63013
63064
63118
63172
63225
63279
63333
63388
63440
63494
63548
63604
63655
63710
63761
63815
63866
63920
63974
64026
64079
64130
64186
64243
64295
64349
64406
64456
64511
64567
64621
64675
64727
64781
64836
64892
64947
64997
65050
65101
65157
65213
65263
65317
65372
65424
65480
65532
65583
65639
65696
65749
65799
65855
65911
65965
66020
66071
66124
66178
66233
66287
66340
66396
66448
66502
66553
66607
66660
66714
66770
66824
66878
66935
66987
67041
67095
67148
67202
67259
67312
67366
67420
67474
67527
67581
67633
67687
67741
67794
67848
67903
67957
68010
68064
68118
68170
68224
68278
68333
68386
68439
68495
68549
68601
68654
68707
68757
68814
68867
68923
68976
69032
69086
69142
69194
69250
69301
69356
69413
69464
69518
69573
69627
69683
69738
69788
69844
69899
69952
70006
70060
70114
70171
70221
70277
70330
70383
70435
70489
70543
70598
70652
70706
70758
70810
70867
70921
70975
71028
71080
71137
71191
71246
71299
71351
71405
71461
71517
71569
71623
71675
71731
71787
71838
71891
71948
71999
72055
72109
72159
72214
72271
72324
72374
72430
72485
72540
72595
72643
72700
72754
72810
72862
72918
72972
73023
73075
73130
73185
73241
73293
73349
73401
73454
73510
73564
73619
73676
73732
73785
73842
73898
73952
74004
74058
74113
74168
74220
74275
74327
74380
74434
74489
74544
74597
74651
74706
74759
74812
74866
74918
74974
75029
75082
75134
75187
75242
75294
75348
75402
75459
75514
75567
75622
75674
75732
75785
75839
75890
75946
75998
76052
76108
76160
76214
76269
76322
76378
76432
76482
76537
76593
76643
76686
76723
76754
76779
76800
76816
76831
76843
76854
76864
76869
76872
76874
76876
76878
76880
76882
76884
76886
76888
76890
76892
76894
76896
76898
76898
76898
76898
76898
76898
76898
76898
76898
76898
76898
76898
76898
76898
76898
76898
76898
76898
76898
76898
76898
76898
76898
76898
76898
76898
76898
76898
76898
76898
76898
76898
76898
76898
76898
76898
76898
76898
76898
76898
76898
76898
76898
76898
76898
76898
76898
76898
76898
76898
76898
76898
76898
76898
76898
76898
76898
76898
76898
76898
76898
76898
76898
76898
76898
76898
76898
76898
76898
76898
76898
76898
76898
76898
76898
76898
76898
76898
76898
76898
76898
76898
76898
76898
76899
76901
76905
76911
76918
76927
76936
76944
76949
76950
76950
76950
76950
76950
76951
76959
76979
77008
77040
77086
77134
77179
77223
77267
77305
77346
77383
77424
77468
77513
77566
77616
77670
77727
77781
77835
77891
77942
77997
78051
78107
78160
78214
78268
78320
78372
78420
78463
78509
78553
78589
78632
78671
78708
78741
78775
78809
78841
78871
78899
78927
78953
78979
79003
79027
79050
79072
79094
79115
79135
79155
79174
79192
79210
79228
79246
79263
79279
79295
79311
79327
79343
79359
79375
79391
79407
79423
79441
79459
79477
79495
79513
79532
79552
79572
79593
79615
79637
79661
79685
79711
79737
79765
79793
79823
79854
79886
79919
79953
79989
80027
80066
80106
80148
80192
80237
80284
80333
80371
80395
80412
80434
80451
80486
80515
80554
80596
80646
80699
80754
80810
80866
80918
80973
81026
81083
81137
81189
81245
81298
81352
81405
81461
81515
81566
81621
81677
81731
81782
81835
81891
81948
82000
82054
82110
82165
82221
82274
82325
82379
82432
82487
82542
82594
82646
82701
82755
82808
82862
82914
82966
83021
83074
83128
83183
83234
83289
83344
83399
83454
83505
83559
83612
83667
83723
83772
83830
83885
83941
83989
84046
84102
84152
84205
84262
84318
84369
84423
84475
84531
84586
84640
84694
84745
84798
84849
84899
84950
85000
85047
85094
85143
85190
85236
85282
85328
85374
85420
85464
85508
85552
85596
85640
85684
85728
85772
85816
85860
85906
85952
85998
86044
86090
86137
86185
86233
86282
86332
86382
86432
86484
86536
86577
86609
86635
86677
86723
86776
86829
86881
86935
86988
87042
87096
87148
87200
87254
87309
87365
87417
87473
87527
87583
87634
87690
87743
87799
87851
87906
87957
88012
88066
88120
88176
88225
88283
88338
88390
88446
88500
88552
88608
88662
88713
88767
88823
88875
88928
88983
89037
89091
89140
89196
89251
89306
89361
89412
89467
89522
89577
89632
89683
89737
89791
89846
89899
89952
90006
90060
90114
90169
90222
90276
90328
90381
90435
90490
90545
90599
90650
90707
90761
90814
90868
90921
90977
91032
91084
91136
91193
91248
91299
91352
91409
91459
91514
91571
91627
91678
91730
91787
91841
91896
91949
91998
92054
92109
92165
92219
92273
92328
92379
92432
92486
92541
92596
92651
92706
92759
92815
92868
92920
92977
93030
93085
93139
93192
93244
93297
93351
93405
93457
93509
93563
93617
93674
93727
93781
93835
93889
93943
93997
94051
94105
94159
94213
94267
94320
94375
94429
94484
94538
94591
94644
94700
94753
94808
94861
94916
94971
95026
95080
95134
95189
95241
95298
95351
95407
95458
95515
95567
95618
95673
95729
95782
95838
95891
95946
96000
96052
96108
96161
96212
96259
96291
96319
96338
96353
96364
96371
96375
96380
96382
96384
96386
96388
96390
96392
96394
96396
96398
96400
96402
96404
96406
96408
96409
96409
96409
96409
96409
96409
96409
96409
96409
96409
96409
96409
96409
96409
96409
96409
96409
96409
96409
96409
96409
96409
96409
96409
96409
96409
96409
96409
96409
96409
96409
96409
96409
96409
96409
96409
96409
96409
96409
96409
96409
96409
96409
96409
96409
96409
96409
96409
96409
96409
96409
96409
96409
96409
96409
96409
96409
96409
96409
96409
96409
96409
96409
96409
96409
96409
96409
96409
96409
96409
96409
96409
96409
96409
96409
96409
96409
96409
96409
96409
96409
96409
96409
96409
96409
96409
96409
96409
96409
96409
96409
96409
96409
96409
96409
96409
96409
96409
96409
96409
96409
96409
96409
96409
96409
96409
96409
96409
96409
96409
96409
96409
96409
96409
96409
96409
96409
96409
96409
96409
96409
96409
96409
96409
96409
96409
96409
96409
96409
96409
96409
96409
96409
96409
96409
96409
96409
96409
96409
96409
96409
96409
96409
96409
96409
96409
96409
96409
96409
96409
96409
96409
96409
96409
96409
96409
96409
96409
96409
96409
96409
96409
96409
96409
96409
96409
96409
96409
96409
96409
96409
96409
96409
96409
96409
96409
96409
96409
96409
96409
96409
96409
96409
96409
96409
96409
96409
96409
96409
96409
96409
96409
96409
96409
96409
96409
96409
96409
96409
96409
96409
96409
96409
96409
96409
96409
96409
96409
96409
96409
96409
96409
96410
96416
96422
96428
96434
96440
96446
96452
96459
96468
96479
96492
96508
96528
96551
96576
96604
96635
96669
96706
96745
96772
96799
96816
96829
96842
96858
96877
96899
96930
96964
97005
97053
97101
97147
97196
97249
97302
97354
97410
97464
97518
97571
97622
97677
97728
97784
97837
97889
97945
97999
98056
98110
98164
98215
98270
98327
98379
98435
98489
98544
98597
98655
98708
98763
98817
98870
98923
98972
99017
99057
99098
99136
99169
99204
99233
99261
99291
99319
99345
99369
99391
99411
99429
99446
99462
99476
99489
99501
99511
99520
99528
99535
99541
99545
99549
99551
99553
99554
99554
99554
99554
99554
99554
99554
99554
99554
99554
99554
99554
99554
99554
99554
99554
99554
99554
99554
99554
99554
99554
99554
99554
99554
99554
99554
99554
99554
99554
99554
99554
99554
99554
99554
99554
99554
99554
99554
99554
99554
99554
99554
99558
99562
99565
99567
99570
99574
99578
99584
99591
99596
99606
99617
99630
99644
99660
99678
99697
99718
99741
99766
99792
99820
99850
99882
99916
99953
99992
100033
100075
100119
100165
100190
100217
100231
100244
100267
100289
100321
100358
100400
100448
100492
100542
100599
100653
100708
100761
100816
100871
100922
100979
101033
101086
101140
101197
101250
101305
101358
101413
101468
101520
101576
101626
101681
101735
101788
101843
101895
101948
102004
102060
102114
102168
102223
102276
102332
102387
102442
102495
102549
102603
102660
102714
102768
102823
102877
102930
102985
103039
103090
103144
103199
103255
103309
103361
103416
103471
103524
103579
103633
103687
103743
103798
103850
103903
103958
104015
104067
104119
104175
104229
104285
104338
104389
104446
104500
104555
104610
104660
104715
104769
104825
104879
104934
104989
105041
105096
105145
105202
105257
105311
105366
105419
105473
105528
105582
105637
105690
105745
105802
105854
105908
105962
106016
106069
106121
106176
106232
106283
106335
106388
106442
106493
106547
106602
106657
106711
106765
106819
106873
106928
106982
107036
107090
107143
107197
107252
107307
107362
107416
107470
107523
107579
107633
107689
107742
107797
107850
107906
107960
108015
108070
108123
108178
108234
108288
108340
108396
108450
108507
108558
108616
108664
108720
108773
108829
108883
108940
108994
109048
109095
109131
109159
109179
109194
109202
109207
109208
109209
109211
109212
109212
109212
109212
109212
109212
109213
109215
109217
109219
109221
109223
109225
109225
109225
109225
109225
109225
109225
109225
109225
109225
109225
109225
109225
109225
109225
109225
109225
109225
109225
109225
109225
109225
109225
109225
109225
109225
109225
109225
109225
109225
109225
109225
109225
109225
109225
109225
109225
109225
109225
109225
109225
109225
109225
109225
109225
109225
109225
109225
109225
109225
109225
109225
109225
109225
109225
109225
109225
109225
109225
109225
109225
109225
109225
109225
109225
109225
109225
109225
109225
109225
109225
109225
109225
109225
109225
109225
109225
109225
109225
109225
109225
109225
109225
109225
109225
109225
109225
109225
109225
109225
109225
109225
109225
109225
109225
109225
109225
109225
109225
109225
109225
109225
109225
109225
109225
109225
109225
109225
109225
109225
109225
109225
109225
109225
109225
109225
109225
109225
109225
109225
109225
109225
109225
109225
109225
109225
109225
109225
109225
109225
109225
109225
109225
109225
109225
109225
109225
109225
109225
109225
109225
109225
109225
109225
109225
109225
109225
109225
109225
109225
109225
109225
109225
109225
109225
109225
109225
109225
109225
109225
109225
109225
109225
109225
109225
109225
109225
109225
109225
109225
109225
109225
109225
109225
109225
109225
109225
109225
109225
109225
109225
109225
109225
109225
109225
109225
109225
109225
109225
109225
109225
109225
109225
109225
109225
109225
109225
109225
109225
109225
109225
109225
109225
109225
109225
109225
109225
109225
109225
109225
109225
109225
109225
109225
109225
109225
109225
109225
109225
109225
109225
109225
109225
109225
109225
109225
109225
109225
109225
109225
109225
109225
109225
109225
109225
109225
109225
109225
109225
109225
109225
109225
109225
109225
109225
109225
109225
109225
109225
109225
109225
109225
109225
109226
109228
109232
109236
109241
109247
109255
109263
109273
109287
109304
109325
109350
109375
109388
109404
109411
109415
109422
109434
109454
109477
109505
109541
109582
109631
109677
109720
109762
109806
109853
109901
109955
110008
110058
110101
110140
110176
110209
110238
110263
110285
110305
110325
110344
110360
110372
110382
110390
110395
110399
110401
110403
110405
110407
110409
110411
110413
110415
110417
110419
110421
110423
110425
110426
110426
110426
110426
110426
110426
110426
110426
110426
110426
110426
110426
110426
110426
110426
110426
110426
110426
110426
110426
110426
110426
110426
110426
110426
110426
110426
110426
110426
110426
110426
110426
110426
110426
110426
110426
110426
110426
110426
110426
110426
110426
110426
110426
110426
110426
110426
110426
110426
110426
110426
110426
110426
110426
110426
110426
110426
110426
110426
110426
110426
110426
110426
110426
110426
110426
110426
110426
110426
110426
110426
110426
110426
110426
110426
110426
110426
110426
110426
110426
110426
110426
110426
110426
110426
110426
110426
110426
110426
110426
110426
110426
110426
110426
110426
110426
110429
110433
110437
110442
110448
110454
110460
110466
110473
110481
110492
110506
110523
110544
110569
110596
110627
110661
110696
110723
110745
110763
110777
110787
110802
110817
110840
110869
110902
110941
110987
111034
111081
111129
111180
111231
111285
111339
111395
111449
111503
111559
111614
111670
111724
111776
111833
111888
111940
111995
112050
112102
112157
112214
112267
112320
112375
112428
112482
112536
112592
112645
112697
112751
112806
112861
112917
112970
113024
113078
113134
113189
113240
113295
113351
113403
113459
113511
113566
113622
113677
113725
113783
113838
113895
113943
113999
114050
114099
114142
114186
114231
114271
114311
114344
114382
114419
114453
114487
114519
114549
114579
114607
114635
114661
114687
114711
114735
114758
114780
114801
114821
114841
114861
114879
114897
114915
114932
114948
114964
114980
114996
115010
115024
115038
115052
115066
115080
115094
115108
115122
115136
115150
115164
115178
115192
115206
115220
115234
115248
115263
115279
115295
115311
115327
115344
115362
115380
115398
115418
115438
115458
115480
115502
115525
115549
115573
115599
115625
115653
115682
115712
115743
115775
115808
115842
115878
115915
115953
115993
116034
116076
116120
116165
116211
116259
116308
116354
116378
116398
116419
116446
116479
116515
116562
116611
116660
116700
116728
116747
116762
116770
116773
116773
116773
116774
116774
116774
116774
116774
116774
116774
116774
116774
116774
116776
116778
116780
116782
116783
116783
116783
116783
116783
116783
116783
116783
116783
116783
116783
116783
116783
116783
116783
116783
116783
116783
116783
116783
116783
116783
116783
116783
116783
116783
116783
116783
116783
116783
116783
116783
116783
116783
116783
116783
116783
116783
116783
116783
116783
116783
116783
116783
116783
116783
116783
116783
116783
116783
116783
116783
116783
116783
116783
116783
116783
116783
116783
116783
116783
116783
116783
116783
116783
116783
116783
116783
116783
116783
116783
116783
116783
116783
116783
116783
116783
116783
116783
116783
116783
116783
116783
116783
116783
116783
116783
116783
116783
116783
116783
116783
116783
116783
116783
116783
116783
116783
116783
116783
116783
116783
116783
116783
116783
116783
116783
116783
116783
116783
116783
116783
116783
116783
116783
116783
116783
116783
116783
116783
116783
116783
116783
116783
116783
116783
116783
116783
116783
116783
116783
116783
116783
116783
116783
116783
116783
116783
116783
116783
116783
116783
116783
116783
116783
116783
116783
116783
116783
116783
116783
116783
116783
116783
116783
116783
116783
116783
116783
116783
116783
116783
116783
116783
116783
116783
116783
116783
116783
116783
116783
116783
116783
116783
116783
116783
116783
116783
116783
116783
116783
116783
116783
116783
116783
116783
116783
116783
116783
116783
116783
116783
116783
116783
116783
116783
116783
116783
116783
116783
116783
116783
116783
116783
116783
116783
116783
116783
116783
116783
116783
116783
116783
116783
116783
116783
116783
116783
116783
116783
116783
116783
116783
116783
116783
116783
116783
116783
116783
116783
116783
116783
116783
116783
116783
116783
116783
116783
116783
116783
116783
116783
116783
116783
116783
116783
116783
116783
116783
116783
116783
116783
116783
116783
116783
116783
116783
116783
116783
116783
116783
116783
116783
116783
116783
116783
116783
116783
116783
116783
116783
116783
116783
116783
116783
116783
116783
116783
116783
116783
116783
116783
116783
116783
116783
116783
116783
116783
116783
116783
116783
116783
116783
116783
116783
116783
116783
116783
116783
116783
116783
116783
116783
116783
116783
116783
116783
116783
116783
116783
116783
116783
116783
116783
116783
116783
116783
116783
116783
116783
116783
116783
116783
116783
116783
116783
116783
116783
116783
116783
116783
116783
116783
116783
116783
116783
116783
116783
116783
116783
116783
116783
116783
116783
116783
116783
116783
116783
116783
116783
116783
116783
116783
116783
116783
116783
116783
116783
116783
116783
116783
116783
116783
116783
116783
116783
116783
116783
116783
116783
116783
116783
116783
116783
116783
116783
116783
116783
116783
116783
116783
116783
116783
116783
116783
116783
116783
116783
116783
116783
116783
116783
116783
116783
116783
116783
116783
116783
116783
116783
116783
116783
116783
116783
116783
116783
116783
116783
116783
116783
116783
116783
116783
116783
116783
116783
116783
116783
116783
116783
116783
116783
116783
116783
116783
116783
116783
116783
116783
116783
116783
116783
116783
116783
116783
116783
116783
116783
116783
116783
116783
116785
116788
116792
116797
116803
116811
116819
116829
116844
116861
116882
116904
116920
116934
116942
116947
116950
116959
116974
116994
117021
117053
117091
117139
117188
117232
117274
117318
117362
117410
117460
117511
117566
117620
117674
117728
117780
117833
117891
117943
117998
118053
118109
118162
118217
118270
118326
118379
118426
118472
118513
118550
118586
118619
118650
118676
118702
118729
118752
118774
118794
118811
118827
118841
118853
118863
118871
118878
118883
118887
118890
118890
118890
118890
118890
118890
118890
118890
118890
118890
118890
118890
118890
118890
118890
118890
118890
118890
118890
118890
118890
118890
118890
118890
118890
118890
118890
118890
118890
118890
118890
118890
118890
118890
118890
118890
118890
118890
118890
118890
118890
118890
118890
118890
118890
118890
118890
118890
118890
118890
118890
118890
118890
118890
118890
118890
118890
118890
118890
118890
118890
118890
118890
118890
118890
118890
118890
118890
118890
118890
118890
118890
118890
118890
118890
118890
118890
118890
118890
118890
118890
118890
118890
118890
118890
118890
118890
118890
118890
118890
118890
118890
118890
118890
118890
118890
118890
118890
118890
118890
118890
118890
118890
118890
118890
118890
118890
118890
118890
118890
118890
118890
118890
118890
118890
118890
118890
118890
118890
118890
118890
118890
118890
118890
118890
118890
118890
118890
118890
118890
118890
118890
118890
118890
118890
118890
118890
118890
118890
118890
118890
118890
118890
118890
118890
118890
118890
118890
118890
118890
118890
118890
118890
118890
118890
118890
118890
118890
118890
118890
118890
118890
118890
118890
118890
118890
118890
118890
118890
118890
118890
118890
118890
118890
118890
118890
118890
118890
118890
118890
118890
118890
118890
118890
118890
118890
118890
118890
118890
118890
118890
118890
118890
118890
118890
118890
118890
118890
118890
118890
118890
118890
118890
118890
118890
118890
118890
118890
118890
118890
118890
118890
118890
118890
118890
118890
118890
118890
118890
118890
118890
118890
118890
118890
118890
118890
118890
118890
118890
118890
118890
118890
118890
118890
118890
118890
118890
118890
118890
118890
118890
118890
118890
118890
118890
118890
118890
118890
118890
118890
118890
118890
118890
118890
118890
118890
118890
118890
118890
118890
118890
118890
118890
118890
118890
118890
118890
118890
118890
118890
118890
118890
118890
118890
118890
118890
118890
118890
118890
118890
118890
118890
118890
118890
118890
118890
118890
118890
118890
118890
118890
118890
118890
118890
118890
118890
118890
118890
118890
118890
118890
118890
118890
118890
118890
118890
118890
118890
118890
118890
118890
118890
118890
118890
118890
118890
118890
118890
118890
118890
118890
118890
118890
118890
118890
118890
118890
118890
118890
118890
118890
118890
118890
118890
118890
118890
118890
118890
118890
118890
118890
118890
118890
118890
118890
118890
118890
118890
118890
118890
118890
118890
118890
118890
118890
118890
118890
118890
118890
118890
118890
118890
118890
118890
118890
118890
118890
118890
118890
118890
118890
118890
118890
118890
118890
118890
118890
118890
118890
118890
118890
118890
118890
118890
118890
118890
118890
118890
118890
118890
118890
118890
118890
118890
118890
118890
118890
118890
118890
118890
118890
118890
118890
118890
118890
118890
118890
118890
118890
118890
118890
118890
118890
118890
118890
118890
118890
118890
118890
118890
118890
118890
118890
118890
118890
118890
118890
118890
118890
118890
118890
118890
118890
118890
118890
118890
118890
118890
118890
118890
118890
118890
118890
118890
118890
118890
118890
118890
118890
118890
118890
118890
118890
118890
118890
118890
118890
118890
118890
118890
118890
118890
118890
118890
118890
118890
118890
118890
118890
118890
118890
118890
118890
118890
118890
118890
118890
118890
118890
118890
118890
118890
118890
118890
118890
118890
118890
118890
118890
118890
118890
118890
118890
118890
118890
118890
118890
118890
118890
118890
118890
118890
118890
118890
118890
118890
118890
118890
118890
118890
118890
118890
118890
118890
118890
118890
118890
118890
118890
118890
118890
118890
118890
118890
118890
118890
118890
118890
118890
118890
118890
118890
118890
118890
118890
118890
118890
118890
118890
118890
118890
118890
118890
118890
118890
118890
118890
118890
118890
118890
118890
118890
118890
118890
118890
118890
118890
118890
118890
118890
118890
118890
118890
118890
118890
118890
118890
118890
118890
118890
118890
118890
118890
118890
118890
118890
118890
118890
118890
118890
118890
118890
118890
118890
118890
118890
118890
118890
118890
118890
118890
118890
118890
118890
118890
118890
118890
118890
118890
118890
118890
118890
118890
118890
118890
118890
118890
118890
118893
118895
118897
118899
118901
118903
118904
118904
118904
118904
118904
118904
118904
118904
118904
118904
118904
118904
118904
118904
118904
118904
118904
118904
118904
118904
118904
118904
118904
118904
118904
118904
118904
118904
118904
118904
118904
118904
118904
118904
118904
118904
118904
118904
118904
118904
118904
118904
118904
118904
118904
118904
118904
118904
118904
118904
118904
118904
118904
118904
118904
118904
118904
118904
118904
118904
118904
118904
118904
118904
118904
118904
118904
118904
118904
118904
118904
118904
118904
118904
118904
118904
118904
118904
118904
118904
118904
118904
118904
118904
118904
118904
118904
118904
118904
118904
118904
118904
118904
118904
118904
118904
118904
118904
118904
118904
118904
118904
118904
118904
118904
118904
118904
118904
118904
118904
118904
118904
118904
118904
118904
118904
118904
118904
118904
118904
118904
118904
118904
118904
118904
118904
118904
118904
118904
118904
118904
118904
118904
118904
118904
118904
118904
118904
118904
118904
118904
118904
118904
118904
118904
118904
118904
118904
118904
118904
118904
118904
118904
118904
118904
118904
118904
118904
118904
118904
118904
118904
118904
118904
118904
118904
118904
118904
118904
118904
118904
118904
118904
118904
118904
118904
118904
118904
118904
118904
118904
118904
118904
118904
118904
118904
118904
118904
118904
118904
118904
118904
118904
118904
118904
118904
118904
118904
118904
118904
118904
118904
118904
118904
118904
118904
118904
118904
118904
118904
118904
118904
118904
118904
118904
118904
118904
118904
118904
118904
118904
118904
118904
118904
118904
118904
118904
118904
118904
118904
118904
118904
118904
118904
118904
118904
118904
118904
118904
118904
118904
118904
118904
118904
118904
118904
118904
118904
118904
118904
118904
118904
118904
118904
118904
118904
118904
118904
118904
118904
118904
118904
118904
118904
118904
118904
118904
118904
118904
118904
118904
118904
118904
118904
118904
118904
118904
118904
118904
118904
118904
118904
118904
118904
118904
118904
118904
118904
118904
118904
118904
118904
118904
118904
118904
118904
118904
118904
118904
118904
118904
118904
118904
118904
118904
118904
118904
118904
118904
118904
118904
118904
118904
118904
118904
118904
118904
118904
118904
118904
118904
118904
118904
118904
118904
118904
118904
118904
118904
118904
118904
118904
118904
118904
118904
118904
118904
118904
118904
118904
118904
118904
118904
118904
118904
118904
118904
118904
118904
118904
118904
118904
118904
118904
118904
118904
118904
118904
118904
118904
118904
118904
118904
118904
118904
118904
118904
118904
118904
118904
118904
118904
118904
118904
118904
118904
118904
118904
118904
118904
118904
118904
118904
118904
118904
118904
118904
118904
118904
118904
118904
118904
118904
118904
118904
118904
118904
118904
118904
118904
118904
118904
118904
118904
118904
118904
118904
118904
118904
118904
118904
118904
118904
118904
118904
118904
118904
118904
118904
118904
118904
118904
118904
118904
118904
118904
118904
118904
118904
118904
118904
118904
118904
118904
118904
118904
118904
118904
118904
118904
118904
118904
118904
118904
118904
118904
118904
118904
118904
118904
118904
118904
118904
118904
118904
118904
118904
118904
118904
118904
118904
118904
118904
118904
118904
118904
118904
118904
118904
118904
118904
118904
118904
118904
118904
118904
118904
