Time needed: 628.83 s
Distance travelled: 1257.60 m
Total rotation: 5322.9°
Objects found after: 79.53 s, 227.43 s, 354.67 s

+++ following progress ticks +++
461
496
535
562
589
618
636
665
691
717
744
768
794
817
843
865
893
919
945
970
993
1015
1046
1067
1093
1117
1150
1177
1199
1223
1250
1276
1297
1321
1350
1374
1394
1422
1446
1469
1495
1520
1547
1574
1595
1623
1646
1670
1694
1721
1744
1767
1793
1817
1843
1868
1891
1915
1940
1966
1987
2013
2040
2063
2087
2109
2130
2158
2175
2197
2215
2233
2245
2254
2259
2263
2265
2266
2266
2266
2266
2266
2266
2266
2266
2266
2266
2266
2266
2266
2266
2266
2266
2266
2267
2269
2274
2276
2281
2286
2293
2301
2308
2314
2323
2334
2346
2355
2364
2377
2387
2398
2411
2424
2437
2453
2464
2476
2494
2506
2522
2537
2555
2568
2584
2597
2613
2630
2647
2664
2680
2700
2716
2735
2754
2772
2791
2810
2831
2850
2872
2892
2911
2937
2959
2979
3005
3029
3052
3074
3100
3125
3152
3177
3204
3231
3256
3282
3310
3338
3366
3385
3414
3442
3471
3499
3530
3560
3590
3619
3651
3680
3710
3745
3776
3812
3844
3876
3912
3945
3980
4013
4045
4082
4119
4153
4192
4227
4264
4302
4339
4377
4412
4450
4488
4525
4562
4602
4640
4681
4718
4757
4794
4834
4879
4918
4954
5000
5036
5080
5122
5161
5204
5246
5286
5326
5370
5412
5456
5499
5541
5584
5627
5670
5713
5756
5798
5842
5885
5930
5972
6015
6063
6104
6150
6195
6238
6284
6330
6374
6419
6463
6508
6555
6600
6643
6691
6734
6780
6827
6873
6923
6969
7012
7062
7111
7158
7206
7253
7297
7349
7395
7442
7489
7538
7587
7634
7682
7728
7777
7825
7872
7920
7968
8015
8062
8110
8157
8205
8252
8301
8349
8400
8447
8496
8543
8586
8640
8687
8736
8783
8833
8878
8931
8979
9025
9075
9126
9174
9224
9271
9317
9368
9418
9468
9517
9566
9615
9665
9712
9761
9810
9860
9911
9960
10008
10056
10106
10155
10205
10254
10303
10353
10404
10450
10502
10548
10598
10647
10700
10751
10798
10845
10892
10946
10994
11045
11093
11144
11192
11244
11288
11343
11392
11442
11488
11540
11591
11644
11693
11740
11786
11837
11887
11938
11988
12037
12087
12138
12189
12239
12290
12340
12391
12439
12492
12539
12592
12642
12690
12742
12790
12840
12889
12943
12993
13043
13093
13146
13195
13242
13295
13347
13397
13443
13497
13549
13600
13650
13696
13751
13799
13853
13905
13952
14006
14054
14104
14157
14207
14270
14323
14375
14427
14477
14528
14578
14627
14680
14727
14777
14829
14880
14931
14980
15032
15085
15135
15186
15237
15289
15339
15391
15441
15494
15546
15594
15646
15699
15747
15803
15849
15901
15951
16001
16053
16105
16154
16204
16256
16308
16358
16411
16462
16510
16562
16613
16667
16714
16767
16816
16868
16920
16969
17023
17074
17122
17175
17228
17277
17329
17381
17431
17479
17532
17583
17633
17685
17737
17789
17842
17892
17944
17995
18047
18099
18150
18202
18254
18304
18356
18408
18458
18508
18560
18612
18663
18714
18768
18818
18869
18922
18972
19026
19075
19127
19180
19233
19282
19334
19386
19439
19491
19541
19594
19645
19695
19751
19800
19853
19901
19953
19994
20044
20085
20125
20169
20215
20258
20302
20346
20389
20431
20473
20515
20557
20599
20641
20683
20727
20771
20815
20861
20907
20954
21002
21052
21102
21144
21173
21195
21211
21234
21261
21298
21338
21381
21430
21482
21536
21585
21635
21692
21741
21795
21845
21897
21950
22001
22053
22103
22155
22209
22262
22311
22367
22419
22473
22523
22575
22626
22678
22731
22781
22832
22883
22937
22988
23042
23093
23143
23191
23241
23285
23331
23376
23421
23461
23507
23553
23597
23641
23685
23728
23770
23812
23854
23896
23939
23983
24027
24071
24116
24162
24208
24256
24304
24353
24403
24455
24481
24508
24528
24548
24581
24616
24652
24698
24747
24800
24851
24903
24957
25008
25060
25112
25165
25215
25270
25319
25375
25426
25477
25531
25587
25636
25687
25740
25792
25845
25896
25949
26002
26055
26107
26158
26211
26265
26316
26372
26420
26473
26525
26580
26628
26685
26737
26787
26843
26897
26943
26999
27050
27106
27153
27208
27261
27313
27368
27420
27475
27524
27574
27627
27681
27733
27787
27841
27893
27948
27999
28050
28103
28156
28208
28262
28314
28368
28420
28473
28524
28576
28628
28683
28737
28788
28841
28894
28945
29000
29051
29104
29156
29209
29260
29314
29368
29418
29475
29524
29578
29630
29684
29734
29790
29843
29897
29947
29999
30054
30106
30159
30210
30261
30316
30367
30422
30471
30526
30576
30631
30682
30737
30786
30842
30898
30947
31002
31055
31108
31158
31213
31267
31319
31369
31422
31476
31530
31582
31636
31690
31746
31796
31846
31896
31950
32005
32058
32112
32163
32217
32269
32322
32375
32427
32481
32533
32586
32639
32690
32744
32798
32849
32903
32956
33010
33062
33114
33170
33224
33278
33330
33384
33436
33491
33543
33597
33648
33701
33757
33806
33860
33913
33968
34018
34073
34117
34157
34190
34222
34249
34274
34296
34314
34338
34358
34374
34388
34400
34411
34419
34425
34430
34433
34435
34437
34439
34441
34443
34445
34447
34449
34451
34452
34452
34452
34452
34452
34452
34452
34452
34452
34452
34452
34452
34452
34452
34452
34452
34452
34452
34452
34452
34452
34452
34452
34457
34463
34469
34475
34481
34487
34493
34501
34510
34522
34537
34554
34574
34597
34623
34652
34682
34698
34718
34729
34736
34742
34755
34774
34795
34823
34858
34897
34946
34989
35036
35075
35121
35155
35182
35207
35223
35263
35299
35326
35353
35375
35397
35418
35441
35458
35473
35486
35497
35506
35514
35520
35524
35527
35529
35531
35533
35535
35537
35539
35540
35540
35540
35540
35540
35540
35540
35540
35540
35540
35540
35540
35540
35540
35540
35540
35540
35540
35540
35540
35540
35540
35540
35540
35540
35540
35543
35549
35555
35561
35567
35573
35579
35586
35595
35607
35621
35637
35656
35677
35702
35730
35761
35795
35821
35844
35861
35873
35882
35893
35905
35926
35948
35978
36013
36054
36101
36147
36191
36235
36282
36328
36379
36433
36486
36539
36591
36645
36699
36753
36804
36857
36908
36965
37018
37072
37122
37178
37228
37285
37339
37390
37446
37494
37551
37606
37654
37708
37763
37815
37868
37922
37977
38028
38081
38136
38189
38245
38296
38348
38399
38451
38508
38562
38614
38669
38723
38774
38827
38881
38932
38987
39038
39092
39146
39199
39251
39304
39357
39412
39467
39519
39573
39625
39678
39732
39784
39838
39894
39948
40001
40052
40108
40161
40210
40265
40318
40372
40426
40480
40532
40587
40641
40694
40746
40803
40854
40911
40965
41016
41070
41124
41177
41230
41287
41338
41390
41445
41501
41556
41608
41660
41714
41768
41822
41874
41926
41981
42035
42089
42142
42193
42248
42301
42356
42407
42463
42512
42567
42620
42675
42731
42780
42835
42891
42939
42994
43049
43098
43153
43209
43262
43314
43367
43423
43476
43530
43584
43636
43687
43741
43795
43849
43904
43958
44012
44066
44118
44170
44225
44275
44329
44380
44435
44488
44544
44596
44649
44702
44758
44811
44865
44917
44971
45024
45078
45131
45183
45238
45295
45346
45397
45451
45505
45558
45612
45667
45720
45776
45829
45884
45935
45989
46039
46096
46146
46201
46254
46309
46363
46407
46451
46483
46505
46527
46546
46559
46569
46578
46587
46591
46593
46595
46597
46599
46601
46603
46605
46607
46609
46611
46613
46615
46617
46617
46617
46617
46617
46617
46617
46617
46617
46617
46617
46617
46617
46617
46617
46617
46617
46617
46617
46617
46617
46617
46617
46617
46617
46617
46617
46617
46617
46617
46617
46617
46617
46617
46617
46617
46617
46617
46617
46617
46617
46617
46617
46617
46617
46617
46617
46617
46617
46617
46617
46617
46617
46617
46617
46617
46617
46617
46617
46617
46617
46617
46617
46617
46617
46617
46617
46617
46617
46617
46617
46617
46617
46617
46617
46617
46617
46617
46617
46617
46617
46617
46617
46617
46617
46617
46617
46617
46617
46617
46617
46617
46617
46617
46617
46617
46617
46617
46617
46617
46617
46617
46617
46617
46617
46617
46617
46617
46617
46617
46617
46617
46617
46617
46617
46617
46617
46617
46617
46617
46617
46617
46617
46617
46617
46617
46617
46617
46617
46617
46617
46617
46617
46617
46617
46617
46617
46617
46617
46617
46617
46617
46618
46620
46624
46630
46638
46647
46650
46651
46651
46651
46651
46651
46651
46651
46652
46663
46680
46717
46756
46808
46852
46900
46940
46979
47025
47061
47104
47144
47186
47229
47282
47335
47389
47442
47493
47549
47603
47657
47712
47762
47817
47872
47925
47980
48031
48083
48140
48196
48244
48300
48355
48410
48458
48515
48570
48623
48678
48726
48782
48836
48892
48946
49001
49053
49106
49159
49211
49266
49319
49372
49427
49481
49537
49592
49648
49702
49759
49813
49868
49923
49975
50027
50081
50136
50191
50245
50299
50352
50406
50461
50512
50567
50621
50675
50729
50782
50837
50893
50945
50998
51051
51107
51158
51210
51270
51320
51373
51426
51479
51535
51588
51643
51699
51751
51806
51858
51912
51965
52020
52075
52126
52181
52232
52289
52344
52397
52450
52505
52558
52612
52664
52719
52772
52825
52876
52929
52985
53036
53087
53143
53198
53255
53308
53360
53413
53465
53520
53574
53629
53681
53733
53788
53843
53896
53951
54004
54057
54110
54166
54219
54275
54328
54380
54436
54492
54540
54596
54651
54704
54756
54810
54867
54918
54970
55024
55079
55134
55190
55238
55294
55349
55404
55458
55512
55566
55619
55675
55723
55779
55833
55887
55942
55995
56049
56103
56158
56214
56268
56325
56377
56429
56485
56539
56591
56645
56699
56752
56806
56860
56914
56968
57022
57076
57131
57184
57240
57293
57347
57402
57455
57508
57563
57617
57670
57723
57780
57832
57884
57940
57989
58045
58098
58155
58208
58264
58317
58371
58415
58453
58480
58500
58515
58524
58531
58534
58537
58539
58541
58541
58541
58541
58542
58544
58546
58548
58550
58552
58554
58556
58558
58558
58558
58558
58558
58558
58558
58558
58558
58558
58558
58558
58558
58558
58558
58558
58558
58558
58558
58558
58558
58558
58558
58558
58558
58558
58558
58558
58558
58558
58558
58558
58558
58558
58558
58558
58558
58558
58558
58558
58558
58558
58558
58558
58558
58558
58558
58558
58558
58558
58558
58558
58558
58558
58558
58558
58558
58558
58558
58558
58558
58558
58558
58558
58558
58558
58558
58558
58558
58558
58558
58558
58558
58558
58558
58558
58558
58558
58558
58558
58558
58558
58558
58558
58558
58558
58558
58558
58558
58558
58558
58558
58558
58558
58558
58558
58558
58558
58558
58558
58558
58558
58558
58558
58558
58558
58558
58558
58558
58558
58558
58558
58558
58558
58558
58558
58558
58558
58558
58558
58558
58558
58558
58558
58558
58558
58558
58558
58558
58558
58558
58558
58558
58558
58558
58558
58558
58558
58558
58558
58558
58558
58558
58558
58558
58558
58558
58558
58558
58558
58558
58558
58558
58558
58558
58558
58558
58558
58558
58558
58558
58558
58558
58559
58559
58559
58559
58559
58559
58559
58559
58559
58559
58559
58559
58559
58559
58559
58559
58559
58559
58559
58559
58559
58559
58559
58559
58559
58559
58561
58581
58625
58666
58707
58745
58783
58821
58859
58892
58930
58964
59001
59047
59089
59139
59191
59247
59297
59353
59408
59460
59515
59568
59619
59676
59733
59786
59837
59893
59949
60003
60052
60108
60164
60218
60272
60327
60376
60433
60487
60543
60594
60651
60705
60758
60812
60863
60918
60973
61027
61081
61135
61188
61244
61301
61353
61408
61460
61514
61568
61622
61676
61730
61783
61839
61893
61947
62001
62056
62109
62164
62219
62272
62326
62379
62434
62488
62542
62595
62650
62704
62759
62813
62867
62920
62977
63030
63083
63139
63194
63243
63296
63351
63405
63460
63514
63568
63622
63679
63730
63786
63838
63894
63944
63999
64056
64108
64163
64218
64270
64327
64380
64434
64487
64540
64595
64648
64704
64756
64811
64866
64922
64973
65028
65084
65137
65194
65246
65302
65356
65412
65465
65519
65575
65630
65683
65739
65791
65845
65902
65956
66010
66066
66118
66173
66229
66284
66339
66392
66444
66498
66555
66609
66661
66716
66767
66823
66879
66930
66985
67040
67093
67148
67200
67253
67308
67365
67417
67468
67524
67582
67634
67685
67740
67797
67851
67906
67957
68008
68064
68120
68173
68229
68284
68335
68390
68442
68493
68549
68605
68659
68715
68767
68822
68876
68929
68986
69040
69096
69149
69205
69257
69310
69364
69421
69476
69530
69584
69638
69692
69746
69802
69857
69911
69965
70019
70073
70126
70180
70233
70288
70340
70395
70451
70505
70557
70611
70664
70721
70773
70825
70880
70933
70986
71042
71095
71151
71204
71260
71313
71366
71418
71456
71482
71500
71515
71524
71527
71529
71530
71531
71531
71531
71531
71531
71531
71531
71531
71532
71534
71536
71538
71540
71542
71542
71542
71542
71542
71542
71542
71542
71542
71542
71542
71542
71542
71542
71542
71542
71542
71542
71542
71542
71542
71542
71542
71542
71542
71542
71542
71542
71542
71542
71542
71542
71542
71542
71542
71542
71542
71542
71542
71542
71542
71542
71542
71542
71542
71542
71542
71542
71542
71542
71542
71542
71542
71542
71542
71542
71542
71542
71542
71542
71542
71542
71542
71542
71542
71542
71542
71542
71542
71542
71542
71542
71542
71542
71542
71542
71542
71542
71542
71542
71542
71542
71542
71542
71542
71542
71542
71542
71542
71542
71542
71542
71542
71542
71542
71542
71542
71542
71542
71542
71542
71542
71542
71542
71542
71542
71542
71542
71542
71542
71542
71542
71542
71542
71542
71542
71542
71542
71542
71542
71542
71542
71542
71542
71542
71542
71542
71542
71542
71542
71542
71542
71542
71542
71542
71542
71542
71542
71542
71542
71542
71542
71542
71542
71542
71542
71542
71542
71542
71542
71542
71542
71542
71542
71542
71542
71542
71542
71542
71542
71542
71542
71542
71542
71542
71542
71542
71542
71542
71542
71542
71542
71542
71542
71542
71542
71542
71542
71542
71542
71542
71542
71542
71542
71542
71542
71542
71542
71542
71542
71542
71542
71542
71542
71542
71542
71542
71542
71542
71542
71542
71542
71542
71542
71542
71542
71542
71542
71542
71542
71542
71542
71542
71542
71542
71542
71542
71542
71542
71542
71547
71583
71621
71656
71691
71726
71764
71796
71831
71866
71900
71937
71974
72019
72065
72115
72168
72222
72278
72327
72383
72440
72493
72544
72598
72656
72709
72764
72812
72869
72925
72980
73033
73086
73138
73192
73248
73300
73355
73405
73456
73506
73554
73601
73646
73693
73740
73786
73832
73878
73924
73969
74013
74057
74101
74145
74189
74233
74277
74321
74365
74409
74453
74497
74543
74589
74635
74681
74727
74774
74822
74870
74918
74968
75018
75068
75119
75171
75224
75255
75282
75321
75367
75418
75472
75524
75577
75633
75687
75739
75790
75846
75899
75954
76007
76063
76117
76172
76227
76281
76336
76390
76446
76497
76552
76606
76658
76714
76769
76822
76879
76932
76986
77039
77092
77149
77203
77256
77310
77365
77419
77475
77530
77582
77637
77694
77750
77800
77856
77909
77964
78017
78071
78126
78178
78232
78284
78340
78392
78446
78499
78551
78604
78660
78712
78767
78821
78872
78928
78981
79035
79090
79139
79195
79248
79304
79355
79410
79461
79518
79572
79625
79681
79735
79788
79842
79897
79953
80004
80058
80112
80167
80224
80274
80328
80384
80436
80494
80547
80603
80654
80711
80764
80821
80871
80926
80983
81039
81085
81143
81199
81253
81307
81359
81411
81466
81522
81578
81631
81687
81741
81792
81844
81900
81952
82009
82063
82117
82174
82227
82281
82335
82387
82443
82497
82549
82606
82658
82710
82764
82817
82873
82925
82979
83033
83087
83141
83195
83249
83303
83359
83413
83467
83521
83574
83630
83683
83738
83791
83845
83899
83953
84006
84062
84116
84170
84225
84279
84333
84387
84442
84495
84549
84605
84659
84714
84769
84822
84878
84932
84987
85039
85096
85140
85166
85188
85199
85209
85212
85214
85214
85214
85214
85214
85214
85214
85214
85214
85214
85214
85214
85214
85215
85217
85219
85219
85219
85219
85219
85219
85219
85219
85219
85219
85219
85219
85219
85219
85219
85219
85219
85219
85219
85219
85219
85219
85219
85219
85219
85219
85219
85219
85219
85219
85219
85219
85219
85219
85219
85219
85219
85219
85219
85219
85219
85219
85219
85219
85219
85219
85219
85219
85219
85219
85219
85219
85219
85219
85219
85219
85219
85219
85219
85219
85219
85219
85219
85219
85219
85219
85219
85219
85219
85219
85219
85219
85219
85219
85219
85219
85219
85219
85219
85219
85219
85219
85219
85219
85219
85219
85219
85219
85219
85219
85219
85219
85219
85219
85219
85219
85219
85219
85219
85219
85219
85219
85219
85219
85219
85219
85219
85219
85219
85219
85219
85219
85219
85219
85219
85219
85219
85219
85219
85219
85219
85219
85219
85219
85219
85219
85219
85219
85219
85219
85219
85219
85219
85219
85219
85219
85219
85219
85219
85219
85219
85219
85219
85219
85219
85219
85219
85219
85219
85219
85219
85219
85219
85219
85219
85219
85219
85219
85219
85219
85219
85219
85219
85219
85219
85219
85219
85219
85219
85219
85219
85219
85219
85219
85219
85219
85219
85219
85219
85219
85219
85219
85219
85219
85219
85219
85219
85219
85219
85219
85219
85219
85219
85219
85219
85219
85219
85219
85219
85219
85219
85219
85219
85219
85219
85219
85219
85219
85219
85219
85219
85219
85219
85219
85219
85219
85219
85219
85219
85219
85219
85219
85219
85219
85219
85219
85219
85219
85219
85219
85219
85219
85219
85219
85219
85219
85219
85219
85219
85219
85219
85219
85219
85219
85219
85219
85219
85219
85219
85219
85219
85219
85219
85219
85219
85219
85219
85219
85219
85219
85220
85220
85220
85220
85220
85220
85220
85220
85220
85220
85220
85220
85220
85220
85220
85220
85220
85220
85220
85220
85220
85220
85220
85220
85220
85220
85220
85220
85220
85220
85220
85220
85220
85220
85220
85220
85220
85220
85220
85220
85220
85220
85220
85220
85220
85221
85225
85229
85231
85233
85235
85239
85243
85248
85255
85263
85272
85282
85294
85308
85324
85340
85358
85378
85400
85423
85448
85476
85505
85536
85568
85601
85637
85675
85715
85757
85801
85846
85886
85918
85941
85957
85971
85995
86018
86050
86090
86138
86184
86234
86289
86339
86396
86452
86504
86558
86613
86666
86720
86775
86829
86882
86935
86991
87044
87097
87152
87208
87263
87316
87368
87425
87479
87534
87589
87642
87699
87756
87811
87865
87917
87974
88027
88084
88138
88193
88245
88302
88356
88409
88467
88519
88572
88627
88682
88736
88790
88843
88898
88952
89007
89062
89112
89167
89222
89278
89333
89385
89439
89493
89549
89602
89654
89707
89763
89820
89873
89926
89982
90034
90090
90144
90198
90249
90304
90361
90417
90465
90521
90578
90633
90687
90737
90793
90850
90905
90958
91014
91065
91120
91176
91231
91286
91340
91392
91449
91500
91551
91606
91661
91717
91772
91824
91880
91936
91989
92044
92097
92152
92207
92259
92316
92371
92424
92476
92530
92586
92636
92689
92743
92795
92849
92903
92957
93011
93063
93117
93171
93225
93280
93335
93390
93444
93497
93553
93607
93660
93714
93769
93824
93878
93932
93987
94042
94094
94148
94205
94259
94315
94369
94423
94477
94532
94586
94642
94696
94751
94806
94860
94915
94964
94996
95016
95027
95035
95037
95039
95040
95040
95040
95040
95040
95040
95040
95040
95040
95040
95040
95040
95040
95040
95041
95041
95041
95041
95041
95041
95041
95041
95041
95041
95041
95041
95041
95041
95041
95041
95041
95041
95041
95041
95041
95041
95041
95041
95041
95041
95041
95041
95041
95041
95041
95041
95041
95041
95041
95041
95041
95041
95041
95041
95041
95041
95041
95041
95041
95041
95041
95041
95041
95041
95041
95041
95041
95041
95041
95041
95041
95041
95041
95041
95041
95041
95041
95041
95041
95041
95041
95041
95041
95041
95041
95041
95041
95041
95041
95041
95041
95041
95041
95041
95041
95041
95041
95041
95041
95041
95041
95041
95041
95041
95041
95041
95041
95041
95041
95041
95041
95041
95041
95041
95041
95041
95041
95041
95041
95041
95041
95041
95041
95041
95041
95041
95041
95041
95041
95041
95041
95041
95041
95041
95041
95041
95041
95041
95041
95041
95041
95041
95041
95041
95041
95041
95041
95041
95041
95041
95041
95041
95041
95041
95041
95041
95041
95041
95041
95041
95041
95041
95041
95041
95041
95041
95041
95041
95041
95041
95041
95041
95041
95041
95041
95041
95041
95041
95041
95041
95041
95041
95041
95041
95041
95041
95041
95041
95041
95041
95041
95041
95041
95041
95041
95041
95041
95041
95041
95041
95041
95041
95041
95041
95041
95041
95041
95041
95041
95041
95041
95041
95041
95041
95041
95041
95041
95041
95041
95041
95041
95041
95041
95041
95041
95041
95041
95041
95041
95041
95041
95041
95041
95041
95041
95041
95041
95041
95041
95041
95041
95041
95041
95041
95041
95041
95041
95041
95041
95041
95041
95041
95041
95041
95041
95041
95041
95041
95041
95041
95041
95041
95041
95041
95041
95041
95041
95041
95041
95041
95041
95041
95041
95041
95041
95041
95041
95041
95041
95041
95041
95041
95041
95041
95041
95041
95041
95041
95041
95041
95041
95041
95041
95041
95041
95041
95041
95041
95041
95041
95041
95041
95041
95041
95041
95041
95041
95041
95041
95041
95041
95041
95041
95041
95041
95041
95041
95041
95041
95041
95041
95041
95041
95041
95041
95041
95041
95041
95041
95041
95041
95041
95041
95041
95041
95041
95041
95041
95041
95041
95041
95041
95041
95041
95041
95041
95041
95041
95041
95041
95041
95041
95041
95041
95041
95041
95041
95041
95041
95041
95041
95041
95041
95041
95041
95041
95041
95045
95049
95053
95058
95064
95070
95076
95082
95090
95100
95112
95127
95145
95166
95189
95216
95245
95278
95313
95352
95387
95412
95433
95448
95459
95473
95492
95514
95546
95578
95615
95661
95709
95760
95808
95861
95913
95968
96024
96077
96131
96183
96237
96291
96345
96398
96450
96507
96563
96618
96671
96723
96777
96831
96886
96944
96996
97047
97104
97160
97214
97268
97321
97375
97430
97485
97540
97594
97646
97701
97757
97812
97868
97921
97972
98028
98084
98136
98192
98245
98300
98355
98412
98464
98518
98574
98627
98682
98735
98788
98843
98901
98951
99006
99063
99117
99170
99225
99281
99334
99389
99440
99494
99550
99608
99657
99710
99766
99820
99877
99931
99985
100035
100088
100146
100200
100254
100309
100363
100418
100471
100520
100578
100633
100689
100744
100798
100852
100908
100962
101016
101069
101125
101179
101232
101287
101339
101391
101447
101503
101555
101609
101664
101718
101773
101827
101882
101939
101993
102050
102105
102162
102216
102271
102326
102380
102434
102487
102541
102595
102651
102706
102760
102813
102867
102921
102976
103031
103086
103140
103194
103248
103301
103358
103412
103466
103521
103573
103627
103684
103736
103792
103845
103900
103954
104009
104063
104119
104172
104226
104258
104276
104285
104292
104294
104296
104296
104296
104296
104296
104296
104296
104296
104296
104296
104296
104296
104296
104296
104296
104296
104296
104296
104296
104296
104296
104296
104296
104296
104296
104296
104296
104296
104296
104296
104296
104296
104296
104296
104296
104296
104296
104296
104296
104296
104296
104296
104296
104296
104296
104296
104296
104296
104296
104296
104296
104296
104296
104296
104296
104296
104296
104296
104296
104296
104296
104296
104296
104296
104296
104296
104296
104296
104296
104296
104296
104296
104296
104296
104296
104296
104296
104296
104296
104296
104296
104296
104296
104296
104296
104296
104296
104296
104296
104296
104296
104296
104296
104296
104296
104296
104296
104296
104296
104296
104296
104296
104296
104296
104296
104296
104296
104296
104296
104296
104296
104296
104296
104296
104296
104296
104296
104296
104296
104296
104296
104296
104296
104296
104296
104296
104296
104296
104296
104296
104296
104296
104296
104296
104296
104296
104296
104296
104296
104296
104296
104296
104296
104296
104296
104296
104296
104296
104296
104296
104296
104296
104296
104296
104296
104296
104296
104296
104296
104296
104296
104296
104296
104296
104296
104296
104296
104296
104296
104296
104296
104296
104296
104296
104296
104296
104296
104296
104296
104296
104296
104296
104296
104296
104296
104296
104296
104296
104296
104296
104296
104296
104296
104296
104296
104296
104296
104296
104296
104296
104296
104296
104296
104296
104296
104296
104296
104296
104296
104296
104296
104296
104296
104296
104296
104296
104296
104296
104296
104296
104296
104296
104296
104296
104296
104296
104296
104296
104296
104296
104296
104296
104296
104296
104296
104296
104296
104296
104296
104296
104296
104296
104296
104296
104296
104296
104296
104296
104296
104296
104296
104296
104296
104296
104296
104296
104296
104296
104296
104296
104296
104296
104296
104296
104296
104296
104296
104296
104296
104296
104296
104296
104296
104296
104296
104296
104296
104296
104296
104296
104296
104296
104296
104296
104296
104296
104296
104296
104296
104296
104296
104296
104296
104296
104296
104296
104296
104296
104296
104296
104296
104296
104296
104296
104296
104296
104296
104296
104296
104296
104296
104296
104296
104296
104296
104296
104296
104296
104296
104296
104296
104296
104296
104296
104296
104296
104296
104296
104296
104296
104296
104296
104296
104296
104296
104296
104296
104296
104296
104296
104296
104296
104296
104296
104296
104296
104296
104296
104296
104296
104296
104296
104296
104296
104296
104296
104296
104296
104296
104296
104296
104296
104296
104296
104296
104296
104296
104296
104296
104296
104296
104296
104296
104296
104296
104296
104296
104296
104296
104296
104296
104296
104296
104296
104296
104296
104296
104296
104296
104296
104296
104296
104296
104296
104296
104296
104296
104296
104296
104296
104296
104296
104296
104296
104296
104296
104298
104300
104304
104308
104314
104320
104328
104336
104346
104360
104377
104398
104423
104453
104482
104497
104514
104523
104529
104539
104555
104573
104598
104630
104665
104709
104757
104804
104847
104892
104936
104984
105039
105093
105148
105202
105257
105312
105368
105421
105476
105528
105584
105638
105695
105747
105799
105853
105909
105964
106018
106073
106127
106180
106238
106291
106343
106397
106450
106506
106561
106617
106673
106724
106779
106834
106886
106941
106995
107050
107105
107161
107211
107268
107323
107378
107430
107485
107542
107591
107646
107702
107758
107807
107864
107920
107974
108027
108081
108137
108191
108247
108299
108351
108407
108463
108517
108573
108623
108676
108731
108789
108845
108898
108953
109004
109060
109111
109168
109223
109279
109333
109387
109442
109496
109550
109604
109657
109708
109764
109819
109874
109928
109985
110038
110092
110146
110202
110256
110310
110366
110419
110474
110529
110583
110635
110689
110743
110798
110849
110900
110952
111004
111056
111108
111160
111213
111267
111321
111375
111428
111477
111529
111581
111635
111689
111745
111799
111853
111907
111961
112016
112069
112123
112178
112232
112287
112341
112395
112449
112504
112559
112615
112667
112722
112777
112831
112887
112942
112997
113052
113106
113162
113200
113220
113231
113235
113237
113237
113237
113237
113237
113237
113237
113237
113237
113237
113237
113237
113237
113237
113237
113237
113237
113237
113237
113237
113237
113237
113237
113237
113237
113237
113237
113237
113237
113237
113237
113237
113237
113237
113237
113237
113237
113237
113237
113237
113237
113237
113237
113237
113237
113237
113237
113237
113237
113237
113237
113237
113237
113237
113237
113237
113237
113237
113237
113237
113237
113237
113237
113237
113237
113237
113237
113237
113237
113237
113237
113237
113237
113237
113237
113237
113237
113237
113237
113237
113237
113237
113237
113237
113237
113237
113237
113237
113237
113237
113237
113237
113237
113237
113237
113237
113237
113237
113237
113237
113237
113237
113237
113237
113237
113237
113237
113237
113237
113237
113237
113237
113237
113237
113237
113237
113237
113237
113237
113237
113237
113237
113237
113237
113237
113237
113237
113237
113237
113237
113237
113237
113237
113237
113237
113237
113237
113237
113237
113237
113237
113237
113237
113237
113237
113237
113237
113237
113237
113237
113237
113237
113237
113237
113237
113237
113237
113237
113237
113237
113237
113237
113237
113237
113237
113237
113237
113237
113237
113237
113237
113237
113237
113237
113237
113237
113237
113237
113237
113237
113237
113237
113237
113237
113237
113237
113237
113237
113237
113237
113237
113237
113237
113237
113237
113237
113237
113237
113237
113237
113237
113237
113237
113237
113237
113237
113237
113237
113237
113237
113237
113237
113237
113237
113237
113237
113237
113237
113237
113237
113237
113237
113237
113237
113237
113237
113237
113237
113237
113237
113237
113237
113237
113237
113237
113237
113237
113237
113237
113237
113237
113237
113237
113237
113237
113237
113237
113237
113237
113237
113237
113237
113237
113237
113237
113237
113237
113237
113237
113237
113237
113237
113237
113237
113237
113237
113237
113237
113237
113237
113237
113237
113237
113237
113237
113237
113237
113237
113237
113237
113237
113237
113237
113237
113237
113237
113237
113237
113237
113237
113237
113237
113237
113237
113237
113237
113237
113237
113237
113237
113237
113237
113237
113237
113237
113237
113237
113237
113237
113237
113237
113237
113237
113237
113237
113237
113237
113237
113237
113237
113237
113237
113237
113237
113237
113237
113237
113237
113237
113237
113237
113237
113237
113237
113237
113237
113237
113237
113237
113237
113237
113237
113237
113237
113237
113237
113237
113237
113237
113237
113237
113237
113237
113237
113237
113237
113237
113237
113237
113237
113237
113237
113237
113237
113237
113237
113237
113237
113237
113237
113237
113237
113237
113237
113237
113237
113237
113237
113237
113237
113237
113237
113237
113237
113237
113237
113237
113237
113237
113237
113237
113237
113237
113237
113237
113237
113237
113237
113237
113237
113237
113237
113237
113237
113237
113237
113237
113237
113237
113237
113237
113237
113237
113237
113237
113237
113237
113237
113237
113237
113237
113237
113237
113237
113237
113237
113237
113237
113237
113237
113237
113237
113237
113237
113237
113237
113237
113237
113237
113237
113237
113237
113237
113239
113243
113248
113254
113262
113272
113283
113297
113309
113318
113323
113323
113323
113324
113331
113346
113366
113392
113425
113466
113514
113561
113605
113647
113691
113729
113774
113819
113869
113922
113978
114032
114085
114139
114192
114247
114304
114358
114412
114467
114521
114577
114631
114683
114737
114791
114848
114902
114953
115009
115064
115121
115175
115229
115282
115337
115392
115444
115498
115553
115607
115663
115714
115767
115824
115879
115930
115984
116040
116098
116149
116203
116257
116308
116356
116399
116444
116488
116529
116566
116601
116637
116672
116705
116738
116768
116797
116825
116851
116876
116900
116922
116944
116964
116984
117002
117019
117035
117050
117064
117078
117091
117103
117115
117125
117135
117143
117151
117159
117165
117171
117177
117182
117186
117190
117194
117197
117199
117201
117203
117205
117206
117206
117206
117206
117206
117206
117206
117206
117206
117206
117206
117206
117206
117206
117206
117206
117206
117206
117206
117206
117206
117206
117206
117206
117206
117206
117206
117206
117206
117208
117210
117212
117214
117218
117222
117226
117230
117236
117242
117249
117257
117265
117274
117284
117295
117307
117319
117333
117347
117363
117379
117395
117404
117405
117405
117405
117405
117405
117405
117405
117405
117405
117405
117405
117405
117405
117405
117405
117405
117405
117405
117405
117405
117405
117405
117405
117405
117405
117405
117405
117405
117405
117405
117405
117405
117405
117405
117405
117405
117405
117405
117405
117405
117405
117405
117405
117405
117405
117405
117405
117405
117405
117405
117405
117405
117405
117405
117405
117405
117405
117405
117405
117405
117405
117405
117405
117405
117405
117405
117405
117405
117405
117405
117405
117405
117405
117405
117405
117405
117405
117405
117405
117405
117405
117405
117405
117405
117405
117405
117405
117405
117405
117405
117405
117405
117405
117405
117405
117405
117405
117405
117405
117405
117405
117405
117405
117405
117405
117405
117405
117405
117405
117405
117405
117405
117405
117405
117405
117405
117405
117405
117405
117405
117405
117405
117405
117405
117405
117405
117405
117405
117405
117405
117405
117405
117405
117405
117405
117405
117405
117405
117405
117405
117405
117405
117405
117405
117405
117405
117405
117405
117405
117405
117405
117405
117405
117405
117405
117405
117405
117405
117405
117405
117405
117405
117405
117405
117405
117405
117405
117405
117405
117405
117405
117405
117405
117405
117405
117405
117405
117405
117405
117405
117405
117405
117405
117405
117405
117405
117405
117405
117405
117405
117405
117405
117405
117405
117405
117405
117405
117405
117405
117405
117405
117405
117405
117405
117405
117405
117405
117405
117405
117405
117405
117405
117405
117405
117405
117405
117405
117405
117405
117405
117405
117405
117405
117405
117405
117405
117405
117405
117405
117405
117405
117405
117405
117405
117405
117405
117405
117405
117405
117405
117405
117405
117405
117405
117405
117405
117405
117405
117405
117405
117405
117405
117405
117405
117405
117405
117405
117405
117405
117405
117405
117405
117405
117405
117405
117405
117405
117405
117405
117405
117405
117405
117405
117405
117405
117405
117405
117405
117405
117405
117405
117405
117405
117405
117405
117405
117405
117405
117405
117405
117405
117405
117405
117405
117405
117405
117405
117405
117405
117405
117405
117405
117405
117405
117405
117405
117405
117405
117405
117405
117405
117405
117405
117405
117405
117405
117405
117405
117405
117405
117405
117405
117405
117405
117405
117405
117405
117405
117405
117405
117405
117405
117405
117405
117405
117405
117405
117405
117405
117405
117405
117405
117405
117405
117405
117405
117405
117405
117405
117405
117405
117405
117405
117405
117405
117405
117405
117405
117405
117405
117405
117405
117405
117405
117405
117405
117405
117405
117405
117405
117405
117405
117405
117405
117405
117405
117405
117405
117405
117405
117405
117405
117405
117405
117405
117405
117405
117405
117405
117405
117405
117405
117405
117405
117405
117405
117405
117405
117405
117405
117405
117405
117405
117405
117405
117405
117405
117405
117405
117405
117405
117405
117405
117405
117405
117405
117405
117405
117405
117405
117405
117405
117405
117405
117405
117405
117405
117405
117405
117405
117405
117405
117405
117405
117405
117405
117405
117405
117405
117405
117405
117405
117405
117405
117405
117405
117405
117405
117405
117405
117405
117405
117405
117405
117405
117405
117405
117405
117405
117405
117405
117405
117405
117405
117405
117405
117405
117405
117406
117409
117414
117420
117421
117421
117421
117421
117421
117421
117421
117421
117423
117434
117453
117487
117530
117579
117625
117668
117711
117751
117789
117827
117866
117910
117956
118007
118058
118113
118166
118224
118278
118330
118385
118438
118495
118548
118595
118641
118682
118723
118759
118790
118824
118853
118879
118908
118934
118957
118978
118997
119014
119029
119043
119055
119065
119073
119080
119085
119088
119090
119091
119091
119091
119091
119091
119091
119091
119091
119091
119091
119091
119091
119091
119091
119091
119091
119091
119091
119091
119091
119091
119091
119091
119091
119091
119091
119091
119091
119091
119091
119091
119091
119091
119091
119091
119091
119091
119091
119091
119091
119091
119091
119091
119091
119091
119091
119091
119091
119091
119091
119091
119091
119091
119091
119091
119091
119091
119091
119091
119091
119091
119091
119091
119091
119091
119091
119091
119091
119091
119091
119091
119091
119091
119091
119091
119091
119091
119091
119091
119091
119091
119091
119091
119091
119091
119091
119091
119091
119091
119091
119091
119091
119091
119091
119091
119091
119091
119091
119091
119091
119091
119091
119091
119091
119091
119091
119091
119091
119091
119091
119091
119091
119091
119091
119091
119091
119091
119091
119091
119091
119091
119091
119091
119091
119091
119091
119091
119091
119091
119091
119091
119091
119091
119091
119091
119091
119091
119091
119091
119091
119091
119091
119091
119091
119091
119091
119091
119091
119091
119091
119091
119091
119091
119091
119091
119091
119091
119091
119091
119091
119091
119091
119091
119091
119091
119091
119091
119091
119091
119091
119091
119091
119091
119091
119091
119091
119091
119091
119091
119091
119091
119091
119091
119091
119091
119091
119091
119091
119091
119091
119091
119091
119091
119091
119091
119091
119091
119091
119091
119091
119091
119091
119091
119091
119091
119091
119091
119091
119091
119091
119091
119091
119091
119091
119091
119091
119091
119091
119091
119091
119091
119091
119091
119091
119091
119091
119091
119091
119091
119091
119091
119091
119091
119091
119091
119091
119091
119091
119091
119091
119091
119091
119091
119091
119091
119091
119091
119091
119091
119091
119091
119091
119091
119091
119091
119091
119091
119091
119091
119091
119091
119091
119091
119091
119091
119091
119091
119091
119091
119091
119091
119091
119091
119091
119091
119091
119091
119091
119091
119091
119091
119091
119091
119091
119091
119091
119091
119091
119091
119091
119091
119091
119091
119091
119091
119091
119091
119091
119091
119091
119091
119091
119091
119091
119091
119091
119091
119091
119091
119091
119091
119091
119091
119091
119091
119091
119091
119091
119091
119091
119091
119091
119091
119091
119091
119091
119091
119091
119091
119091
119091
119091
119091
119091
119091
119091
119091
119091
119091
119091
119091
119091
119091
119091
119091
119091
119091
119091
119091
119091
119091
119091
119091
119091
119091
119091
119091
119091
119091
119091
119091
119091
119091
119091
119091
119091
119091
119091
119091
119091
119091
119091
119091
119091
119091
119091
119091
119091
119091
119091
119091
119091
119091
119091
119091
119091
119091
119091
119091
119091
119091
119091
119091
119091
119091
119091
119091
119091
119091
119091
119091
119091
119091
119091
119091
119091
119091
119091
119091
119091
119091
119091
119091
119091
119091
119091
119091
119091
119091
119091
119091
119091
119091
119091
119091
119091
119091
119091
119091
119091
119091
119091
119091
119091
119091
119091
119091
119091
119091
119091
119091
119091
119091
119091
119091
119091
119091
119091
119091
119091
119091
119091
119091
119091
119091
119091
119091
119091
119091
119091
119091
119091
119091
119091
119091
119091
119091
119091
119091
119091
119091
119091
119091
119091
119091
119091
119091
119091
119091
119091
119091
119091
119091
119091
119091
119091
119091
119091
119091
119091
119091
119091
119091
119091
119091
119091
119091
119091
119091
119091
119091
119091
119091
119091
119091
119091
119091
119091
119091
119091
119091
119091
119091
119091
119091
119091
119091
119091
119091
119091
119091
119091
119091
119091
119091
119091
119091
119091
119091
119091
119091
119091
119091
119091
119091
119091
119091
119091
119091
119091
119091
119091
119091
119091
119091
119091
119091
119091
119091
119091
119091
119091
119091
119091
119091
119091
119091
119091
119091
119091
119091
119091
119091
119091
119091
119091
119091
119091
119091
119091
119091
119091
119091
119091
119091
119091
119091
119091
119091
119091
119091
119091
119091
119091
119091
119091
119091
119091
119091
119091
119091
119091
119091
119091
119091
119091
119091
119091
119091
119091
119091
119091
119091
119091
119091
119091
119091
119091
119091
119091
119091
119094
119094
119094
119094
119094
119094
119094
119094
119094
119094
119094
119094
119094
119094
119094
119094
119094
119094
119094
119094
119094
119094
119094
119094
119094
119094
119094
119094
119094
119094
119094
119094
119094
119094
119094
119094
119094
119094
119094
119094
119094
119094
119094
119094
119094
119094
119094
119094
119094
119094
119094
119094
119094
119094
119094
119094
119094
119094
119094
119094
119094
119094
119094
119094
119094
119094
119094
119094
119094
119094
119094
119094
119094
119094
119094
119094
119094
119094
119094
119094
119094
119094
119094
119094
119094
119094
119094
119094
119094
119094
119094
119094
119094
119094
119094
119094
119094
119094
119094
119094
119094
119094
119094
119094
119094
119094
119094
119094
119094
119094
119094
119094
119094
119094
119094
119094
119094
119094
119094
119094
119094
119094
119094
119094
119094
119094
119094
119094
119094
119094
119094
119094
119094
119094
119094
119094
119094
119094
119094
119094
119094
119094
119094
119094
119094
119094
119094
119094
119094
119094
119094
119094
119094
119094
119094
119094
119094
119094
119094
119094
119094
119094
119094
119094
119094
119094
119094
119094
119094
119094
119094
119094
119094
119094
119094
119094
119094
119094
119094
119094
119094
119094
119094
119094
119094
119094
119094
119094
119094
119094
119094
119094
119094
119094
119094
119094
119094
119094
119094
119094
119094
119094
119094
119094
119094
119094
119094
119094
119094
119094
119094
119094
119094
119094
119094
119094
119094
119094
119094
119094
119094
119094
119094
119094
119094
119094
119094
119094
119094
119094
119094
119094
119094
119094
119094
119094
119094
119094
119094
119094
119094
119094
119094
119094
119094
119094
119094
119094
119094
119094
119094
119094
119094
119094
119094
119094
119094
119094
119094
119094
119094
119094
119094
119094
119094
119094
119094
119094
119094
119094
119094
119094
119094
119094
119094
119094
119094
119094
119094
119094
119094
119094
119094
119094
119094
119094
119094
119094
119094
119094
119094
119094
119094
119094
119094
119094
119094
119094
119094
119094
119094
119094
119094
119094
119094
119094
119094
119094
119094
119094
119094
119094
119094
119094
119094
119094
119094
119094
119094
119094
119094
119094
