Time needed: 617.53 s
Distance travelled: 1235.00 m
Total rotation: 5146.0°
Objects found after: 78.13 s, 157.27 s, 206.57 s

+++ following progress ticks +++
463
498
535
564
591
622
641
667
699
719
747
773
801
822
845
872
898
922
949
972
995
1019
1042
1070
1092
1117
1149
1171
1200
1222
1249
1273
1298
1323
1349
1372
1399
1422
1448
1472
1498
1523
1545
1571
1593
1620
1646
1669
1695
1721
1745
1766
1795
1815
1844
1866
1893
1916
1941
1964
1990
2014
2039
2062
2083
2108
2129
2154
2176
2195
2212
2231
2246
2255
2258
2262
2265
2265
2265
2265
2265
2265
2265
2265
2265
2265
2265
2265
2265
2265
2265
2265
2265
2265
2266
2268
2270
2274
2279
2283
2292
2299
2305
2310
2318
2329
2340
2351
2360
2372
2383
2396
2409
2422
2436
2450
2463
2477
2491
2505
2522
2538
2554
2569
2588
2600
2620
2635
2650
2669
2686
2704
2721
2741
2757
2776
2796
2815
2835
2854
2878
2897
2920
2941
2964
2984
3009
3031
3055
3079
3101
3127
3151
3178
3200
3230
3257
3286
3308
3338
3366
3383
3414
3442
3472
3499
3529
3559
3591
3622
3652
3683
3716
3748
3779
3814
3844
3878
3912
3946
3980
4011
4048
4082
4119
4150
4187
4219
4256
4294
4332
4369
4407
4441
4480
4521
4559
4600
4637
4677
4715
4754
4797
4834
4877
4918
4959
4999
5039
5081
5123
5164
5203
5245
5285
5325
5372
5413
5453
5497
5536
5584
5625
5667
5713
5757
5797
5840
5883
5928
5973
6018
6061
6106
6149
6194
6237
6281
6324
6369
6418
6464
6507
6552
6599
6642
6689
6733
6778
6825
6870
6914
6960
7011
7057
7099
7144
7193
7239
7287
7334
7381
7426
7476
7524
7570
7618
7667
7717
7763
7806
7854
7902
7951
8000
8049
8096
8146
8192
8242
8289
8340
8389
8435
8486
8533
8582
8630
8678
8729
8775
8824
8873
8919
8969
9018
9067
9114
9160
9213
9262
9309
9358
9407
9457
9503
9554
9601
9652
9702
9747
9799
9850
9897
9946
9993
10044
10095
10144
10192
10243
10291
10342
10391
10440
10488
10538
10587
10639
10691
10741
10790
10839
10890
10939
10991
11037
11090
11134
11187
11236
11285
11334
11385
11436
11483
11531
11586
11636
11684
11728
11784
11831
11884
11931
11984
12030
12084
12136
12180
12232
12284
12337
12383
12432
12484
12535
12587
12639
12689
12740
12790
12841
12891
12941
12993
13044
13095
13144
13194
13243
13293
13341
13393
13445
13494
13545
13596
13646
13696
13748
13797
13849
13899
13949
14000
14050
14100
14148
14201
14267
14318
14369
14418
14471
14522
14567
14624
14669
14725
14775
14822
14878
14925
14975
15030
15081
15128
15177
15230
15282
15335
15389
15440
15489
15540
15591
15642
15692
15743
15795
15847
15897
15947
15999
16050
16103
16153
16203
16252
16307
16358
16409
16462
16510
16563
16613
16665
16717
16766
16819
16870
16920
16971
17026
17076
17127
17179
17229
17280
17330
17382
17431
17486
17536
17593
17639
17693
17743
17797
17843
17898
17951
18000
18052
18104
18157
18209
18258
18309
18361
18411
18462
18512
18564
18615
18665
18720
18768
18820
18869
18921
18971
19022
19075
19129
19181
19231
19285
19338
19388
19440
19494
19545
19596
19650
19701
19753
19803
19855
19906
19957
20010
20062
20112
20168
20215
20268
20321
20374
20425
20475
20527
20580
20632
20683
20732
20786
20834
20889
20938
20995
21040
21096
21148
21197
21252
21303
21353
21407
21459
21509
21561
21613
21665
21716
21769
21821
21873
21926
21976
22027
22079
22130
22184
22235
22289
22340
22393
22445
22497
22549
22601
22654
22706
22757
22811
22862
22916
22967
23020
23071
23123
23175
23225
23277
23329
23383
23434
23485
23539
23591
23645
23697
23747
23800
23855
23907
23956
24010
24062
24113
24167
24217
24269
24323
24375
24430
24480
24533
24584
24639
24687
24743
24792
24845
24898
24950
25002
25055
25109
25161
25210
25265
25318
25371
25422
25475
25527
25583
25632
25684
25740
25791
25843
25895
25949
26001
26054
26107
26159
26211
26264
26316
26369
26422
26474
26525
26579
26633
26686
26737
26792
26843
26896
26948
27000
27052
27103
27158
27210
27261
27316
27368
27419
27472
27526
27577
27631
27684
27736
27784
27830
27872
27907
27939
27970
27996
28022
28047
28075
28099
28121
28141
28160
28177
28192
28206
28218
28230
28240
28250
28258
28266
28273
28279
28285
28291
28297
28301
28305
28309
28313
28317
28321
28327
28333
28339
28346
28354
28362
28372
28382
28394
28408
28423
28439
28457
28477
28499
28523
28549
28577
28608
28641
28677
28714
28737
28761
28774
28784
28796
28811
28834
28856
28888
28922
28964
29009
29053
29099
29143
29192
29241
29297
29348
29402
29455
29506
29560
29612
29665
29716
29770
29823
29874
29930
29979
30033
30085
30140
30191
30246
30294
30349
30406
30454
30509
30561
30612
30666
30721
30773
30822
30876
30929
30984
31036
31087
31136
31191
31244
31299
31353
31408
31461
31517
31570
31625
31675
31728
31783
31833
31887
31940
31993
32047
32101
32153
32206
32258
32310
32363
32413
32469
32524
32574
32625
32680
32732
32783
32837
32888
32942
32994
33048
33099
33152
33205
33259
33312
33361
33417
33473
33521
33578
33631
33685
33735
33790
33844
33895
33947
34001
34054
34107
34162
34215
34264
34321
34372
34428
34480
34533
34584
34638
34690
34745
34794
34849
34904
34954
35011
35064
35112
35170
35222
35274
35326
35379
35435
35488
35543
35593
35643
35696
35751
35805
35860
35915
35968
36019
36074
36125
36180
36232
36288
36341
36391
36446
36500
36553
36607
36658
36712
36766
36819
36872
36924
36977
37029
37084
37136
37189
37238
37293
37347
37399
37454
37506
37561
37614
37667
37719
37774
37823
37881
37932
37985
38037
38092
38144
38197
38251
38303
38357
38412
38465
38516
38571
38626
38679
38731
38782
38837
38890
38942
38994
39034
39080
39118
39154
39187
39220
39246
39277
39307
39335
39361
39385
39408
39430
39450
39468
39486
39502
39517
39531
39545
39557
39569
39580
39590
39600
39610
39620
39629
39637
39645
39653
39661
39669
39677
39687
39697
39707
39717
39728
39740
39752
39765
39779
39794
39810
39828
39847
39867
39889
39913
39938
39965
39994
40025
40058
40093
40129
40168
40209
40252
40282
40306
40325
40338
40350
40371
40393
40422
40454
40491
40534
40582
40625
40663
40699
40729
40752
40774
40791
40806
40818
40830
40840
40846
40850
40852
40854
40856
40858
40860
40862
40864
40866
40868
40870
40872
40874
40874
40874
40874
40874
40874
40874
40874
40874
40874
40874
40874
40874
40874
40874
40874
40874
40874
40874
40874
40874
40874
40874
40874
40874
40874
40874
40874
40874
40874
40874
40874
40874
40874
40874
40874
40874
40874
40874
40874
40874
40874
40874
40874
40874
40874
40874
40874
40874
40874
40874
40874
40874
40874
40875
40877
40881
40887
40894
40902
40910
40913
40914
40914
40914
40914
40914
40914
40914
40919
40930
40955
40990
41037
41086
41133
41174
41220
41261
41302
41335
41378
41421
41465
41512
41562
41618
41669
41723
41778
41833
41884
41936
41988
42043
42095
42150
42202
42252
42309
42365
42412
42469
42525
42580
42627
42685
42738
42792
42844
42892
42950
43003
43060
43112
43168
43220
43273
43322
43376
43433
43487
43541
43592
43646
43699
43754
43807
43859
43915
43968
44021
44074
44129
44183
44237
44291
44344
44398
44452
44505
44560
44612
44667
44721
44775
44828
44882
44937
44990
45042
45096
45151
45202
45260
45312
45363
45418
45473
45527
45582
45634
45689
45739
45796
45849
45902
45956
46011
46063
46118
46171
46226
46278
46333
46385
46436
46490
46541
46597
46650
46702
46757
46811
46865
46919
46971
47025
47079
47133
47188
47241
47296
47348
47403
47455
47513
47562
47616
47670
47724
47779
47828
47883
47938
47989
48044
48099
48153
48204
48260
48315
48367
48416
48473
48527
48581
48636
48688
48737
48792
48847
48902
48956
49009
49066
49119
49174
49225
49277
49330
49382
49432
49486
49538
49593
49646
49698
49752
49807
49862
49915
49968
50021
50075
50129
50184
50237
50291
50346
50398
50452
50505
50560
50614
50669
50723
50775
50831
50883
50937
50992
51045
51099
51152
51208
51260
51315
51368
51422
51476
51531
51585
51641
51694
51748
51804
51857
51909
51965
52020
52074
52126
52181
52231
52272
52308
52341
52368
52390
52412
52430
52444
52462
52475
52486
52494
52499
52501
52503
52505
52507
52509
52511
52513
52515
52517
52519
52521
52523
52525
52525
52525
52525
52525
52525
52525
52525
52525
52525
52525
52525
52525
52525
52525
52525
52525
52525
52525
52525
52525
52525
52525
52525
52525
52525
52525
52525
52525
52525
52525
52525
52525
52525
52525
52525
52525
52525
52525
52525
52525
52525
52525
52525
52525
52525
52525
52525
52525
52525
52525
52525
52525
52525
52525
52525
52525
52525
52525
52525
52525
52525
52525
52525
52525
52525
52525
52525
52525
52525
52525
52525
52525
52525
52525
52525
52525
52525
52525
52525
52525
52525
52525
52525
52525
52525
52525
52525
52525
52525
52525
52525
52525
52525
52525
52525
52525
52525
52525
52525
52525
52525
52525
52525
52525
52525
52525
52525
52525
52525
52525
52525
52525
52525
52525
52525
52525
52525
52525
52525
52525
52525
52525
52525
52525
52525
52525
52525
52525
52525
52525
52525
52525
52525
52525
52525
52525
52525
52525
52525
52525
52526
52526
52526
52526
52526
52526
52526
52526
52526
52526
52526
52526
52526
52526
52526
52526
52526
52526
52526
52526
52526
52526
52526
52526
52526
52526
52530
52557
52601
52642
52682
52722
52760
52800
52834
52872
52909
52948
52984
53030
53075
53121
53174
53228
53284
53334
53389
53443
53494
53550
53605
53658
53710
53765
53818
53872
53923
53980
54036
54091
54143
54196
54249
54305
54359
54414
54468
54521
54576
54627
54678
54733
54789
54843
54897
54953
55006
55059
55112
55165
55219
55272
55326
55379
55431
55485
55540
55595
55649
55702
55756
55810
55862
55916
55970
56024
56078
56133
56187
56241
56295
56349
56401
56456
56511
56564
56618
56671
56727
56779
56831
56889
56936
56990
57044
57101
57154
57209
57263
57317
57371
57427
57477
57533
57588
57641
57695
57748
57802
57857
57909
57963
58020
58071
58125
58180
58237
58287
58341
58396
58452
58507
58558
58615
58669
58727
58779
58831
58886
58939
58992
59046
59098
59152
59207
59260
59314
59364
59418
59474
59528
59582
59636
59687
59741
59796
59851
59906
59957
60011
60066
60120
60176
60228
60280
60338
60392
60441
60497
60553
60605
60656
60714
60769
60822
60874
60925
60981
61035
61091
61143
61197
61248
61302
61358
61411
61467
61520
61575
61629
61683
61737
61791
61842
61896
61947
62002
62056
62113
62168
62223
62277
62330
62385
62438
62491
62545
62600
62654
62708
62762
62815
62869
62924
62977
63032
63086
63139
63193
63247
63301
63354
63408
63462
63516
63571
63624
63678
63734
63787
63841
63896
63949
64005
64057
64110
64165
64215
64271
64325
64381
64435
64487
64541
64593
64649
64703
64756
64810
64866
64907
64946
64975
64996
65015
65030
65039
65047
65053
65059
65061
65063
65065
65067
65069
65071
65073
65075
65077
65079
65081
65083
65085
65087
65087
65087
65087
65087
65087
65087
65087
65087
65087
65087
65087
65087
65087
65087
65087
65087
65087
65087
65087
65087
65087
65087
65087
65087
65087
65087
65087
65087
65087
65087
65087
65087
65087
65087
65087
65087
65087
65087
65087
65087
65087
65087
65087
65087
65087
65087
65087
65087
65087
65087
65087
65087
65087
65087
65087
65087
65087
65087
65087
65087
65087
65087
65087
65087
65087
65087
65087
65087
65087
65087
65087
65087
65087
65087
65087
65087
65087
65087
65087
65087
65087
65087
65087
65087
65087
65087
65087
65087
65087
65087
65087
65087
65087
65087
65087
65087
65087
65087
65087
65087
65087
65087
65087
65087
65087
65087
65087
65087
65087
65087
65087
65087
65087
65087
65087
65087
65087
65087
65087
65087
65087
65087
65087
65087
65087
65087
65087
65087
65087
65087
65087
65087
65087
65087
65087
65087
65087
65087
65087
65087
65087
65087
65087
65087
65087
65087
65087
65087
65087
65087
65087
65087
65087
65087
65087
65087
65087
65087
65087
65087
65087
65087
65087
65087
65087
65087
65087
65087
65087
65087
65087
65087
65087
65087
65087
65087
65087
65087
65087
65087
65087
65087
65087
65087
65087
65087
65087
65087
65087
65087
65087
65087
65087
65087
65087
65087
65087
65087
65087
65087
65093
65128
65163
65196
65233
65266
65299
65335
65366
65402
65436
65472
65510
65549
65595
65647
65694
65749
65806
65853
65910
65967
66022
66072
66125
66181
66236
66291
66342
66394
66450
66504
66557
66614
66666
66722
66772
66824
66880
66935
66989
67043
67097
67151
67206
67261
67314
67366
67421
67474
67526
67582
67639
67691
67747
67803
67858
67909
67963
68017
68071
68124
68177
68231
68286
68339
68394
68448
68501
68555
68609
68665
68719
68773
68828
68880
68934
68989
69043
69097
69152
69207
69260
69313
69369
69422
69478
69530
69585
69642
69694
69751
69803
69859
69911
69964
70017
70072
70126
70182
70234
70289
70342
70396
70451
70504
70560
70615
70667
70725
70778
70830
70884
70942
70991
71047
71100
71154
71206
71261
71316
71370
71423
71476
71531
71583
71637
71688
71743
71798
71851
71904
71956
72011
72065
72121
72175
72227
72280
72337
72388
72447
72500
72555
72606
72662
72717
72771
72824
72878
72931
72987
73041
73093
73150
73201
73257
73313
73365
73421
73475
73529
73583
73639
73691
73744
73800
73853
73907
73959
74017
74071
74126
74174
74230
74286
74342
74396
74451
74500
74557
74611
74668
74721
74775
74830
74884
74940
74988
75041
75097
75151
75208
75262
75315
75370
75424
75477
75534
75588
75643
75696
75751
75805
75858
75912
75966
76023
76078
76131
76185
76238
76293
76347
76403
76456
76511
76564
76618
76672
76726
76779
76833
76887
76942
76997
77050
77103
77156
77210
77267
77319
77371
77425
77479
77531
77586
77640
77695
77751
77802
77858
77912
77969
78022
78078
78130
78187
78238
78291
78344
78402
78456
78509
78557
78590
78620
78640
78653
78663
78669
78672
78673
78676
78678
78678
78678
78678
78678
78679
78681
78683
78685
78687
78689
78691
78693
78694
78694
78694
78694
78694
78694
78694
78694
78694
78694
78694
78694
78694
78694
78694
78694
78694
78694
78694
78694
78694
78694
78694
78694
78694
78694
78694
78694
78694
78694
78694
78694
78694
78694
78694
78694
78694
78694
78694
78694
78694
78694
78694
78694
78694
78694
78694
78694
78694
78694
78694
78694
78694
78694
78694
78694
78694
78694
78694
78694
78694
78694
78694
78694
78694
78694
78694
78694
78694
78694
78694
78694
78694
78694
78694
78694
78694
78694
78694
78694
78694
78694
78694
78694
78694
78694
78694
78694
78694
78694
78694
78694
78694
78694
78694
78694
78694
78694
78694
78694
78694
78694
78694
78694
78694
78694
78694
78694
78694
78694
78694
78694
78694
78694
78694
78694
78694
78694
78694
78694
78694
78694
78694
78694
78694
78694
78694
78694
78694
78694
78694
78694
78694
78694
78694
78694
78694
78694
78694
78694
78694
78694
78694
78694
78694
78694
78694
78694
78694
78694
78694
78694
78694
78694
78694
78694
78694
78694
78694
78694
78694
78694
78694
78694
78694
78694
78694
78694
78694
78694
78694
78694
78694
78694
78694
78694
78694
78694
78694
78694
78694
78694
78694
78694
78694
78694
78694
78694
78694
78694
78694
78694
78694
78694
78694
78694
78694
78694
78694
78694
78694
78694
78694
78694
78694
78694
78694
78694
78694
78694
78694
78694
78694
78694
78694
78694
78694
78694
78694
78694
78694
78694
78694
78694
78694
78694
78694
78694
78694
78694
78694
78694
78714
78745
78776
78810
78840
78876
78906
78938
78973
79004
79039
79074
79116
79155
79204
79254
79309
79356
79414
79469
79524
79578
79629
79682
79739
79794
79851
79902
79958
80010
80065
80118
80175
80228
80283
80339
80394
80448
80501
80557
80610
80663
80720
80770
80822
80878
80932
80988
81045
81099
81154
81207
81262
81315
81368
81423
81477
81535
81588
81643
81697
81751
81805
81859
81915
81971
82024
82079
82133
82188
82242
82296
82349
82402
82459
82513
82567
82622
82675
82731
82785
82839
82895
82949
83003
83057
83111
83167
83220
83274
83330
83383
83434
83489
83538
83595
83649
83705
83758
83816
83869
83925
83976
84033
84084
84139
84196
84249
84305
84361
84412
84466
84520
84575
84631
84680
84737
84791
84846
84898
84954
85008
85062
85115
85170
85226
85279
85334
85388
85445
85495
85531
85588
85643
85699
85752
85806
85862
85916
85973
86027
86080
86135
86191
86246
86300
86353
86408
86463
86520
86574
86628
86679
86735
86789
86843
86898
86952
87004
87058
87113
87168
87222
87278
87329
87385
87439
87492
87548
87599
87654
87710
87765
87814
87870
87927
87977
88032
88087
88143
88195
88246
88297
88343
88388
88435
88478
88520
88554
88593
88630
88667
88702
88736
88768
88800
88830
88860
88888
88916
88943
88969
88994
89018
89042
89066
89088
89110
89132
89153
89173
89193
89213
89233
89253
89272
89290
89308
89326
89344
89362
89380
89398
89416
89434
89452
89470
89489
89509
89529
89549
89569
89589
89611
89633
89655
89677
89701
89725
89750
89776
89802
89829
89857
89886
89916
89947
89979
90012
90046
90081
90117
90155
90194
90234
90276
90318
90362
90408
90455
90503
90552
90597
90622
90641
90666
90690
90724
90761
90810
90860
90911
90965
91020
91069
91106
91130
91152
91163
91171
91173
91174
91175
91177
91178
91178
91178
91178
91178
91178
91179
91180
91182
91184
91186
91188
91190
91190
91190
91190
91190
91190
91190
91190
91190
91190
91190
91190
91190
91190
91190
91190
91190
91190
91190
91190
91190
91190
91190
91190
91190
91190
91190
91190
91190
91190
91190
91190
91190
91190
91190
91190
91190
91190
91190
91190
91190
91190
91190
91190
91190
91190
91190
91190
91190
91190
91190
91190
91190
91190
91190
91190
91190
91190
91190
91190
91190
91190
91190
91190
91190
91190
91190
91190
91190
91190
91190
91190
91190
91190
91190
91190
91190
91190
91190
91190
91190
91190
91190
91190
91190
91190
91190
91190
91190
91190
91190
91190
91190
91190
91190
91190
91190
91190
91190
91190
91190
91190
91190
91190
91190
91190
91190
91190
91190
91190
91190
91190
91190
91190
91190
91190
91190
91190
91190
91190
91190
91190
91190
91190
91190
91190
91190
91190
91190
91190
91190
91190
91190
91190
91190
91190
91190
91190
91190
91190
91190
91190
91190
91190
91190
91190
91190
91190
91190
91190
91190
91190
91190
91190
91190
91190
91190
91190
91190
91190
91190
91190
91190
91190
91190
91190
91190
91190
91190
91190
91190
91190
91190
91190
91190
91190
91190
91190
91190
91190
91190
91190
91190
91190
91190
91190
91190
91190
91190
91190
91190
91190
91190
91190
91190
91190
91190
91190
91190
91190
91190
91190
91190
91190
91190
91190
91190
91190
91190
91190
91190
91190
91190
91190
91190
91190
91190
91190
91190
91190
91190
91190
91190
91190
91190
91190
91190
91190
91190
91190
91190
91190
91190
91190
91190
91190
91190
91190
91190
91190
91190
91190
91190
91190
91190
91190
91190
91190
91190
91190
91190
91190
91190
91190
91190
91190
91190
91190
91190
91190
91190
91190
91199
91227
91255
91285
91317
91344
91378
91411
91440
91470
91503
91538
91576
91615
91663
91711
91763
91818
91871
91925
91974
92031
92087
92142
92198
92251
92306
92359
92413
92465
92520
92575
92630
92685
92739
92793
92846
92901
92956
93008
93063
93119
93171
93225
93277
93331
93384
93441
93495
93548
93602
93657
93710
93764
93818
93871
93926
93979
94034
94088
94141
94198
94253
94306
94360
94414
94468
94523
94578
94631
94685
94738
94793
94848
94902
94956
95012
95064
95119
95176
95230
95283
95337
95391
95447
95501
95555
95609
95664
95718
95774
95827
95883
95936
95992
96045
96097
96155
96205
96259
96312
96369
96423
96480
96533
96589
96641
96697
96747
96802
96857
96912
96967
97018
97073
97128
97182
97238
97292
97344
97400
97450
97507
97562
97618
97668
97726
97781
97835
97889
97945
97999
98051
98108
98162
98217
98267
98323
98376
98433
98487
98539
98594
98649
98706
98759
98812
98869
98923
98978
99034
99086
99140
99195
99248
99303
99357
99409
99463
99517
99574
99625
99678
99731
99787
99841
99895
99951
100005
100059
100116
100166
100214
100255
100294
100330
100364
100395
100422
100449
100474
100501
100524
100544
100562
100578
100592
100605
100616
100626
100634
100640
100644
100647
100649
100649
100649
100649
100649
100649
100649
100649
100649
100649
100649
100649
100649
100649
100649
100649
100649
100649
100649
100649
100649
100649
100649
100649
100649
100649
100649
100649
100649
100649
100649
100649
100649
100649
100649
100649
100649
100649
100649
100649
100649
100649
100649
100649
100649
100649
100649
100649
100649
100649
100649
100649
100649
100649
100649
100649
100649
100649
100649
100649
100649
100649
100649
100649
100649
100649
100649
100649
100649
100649
100649
100649
100649
100649
100649
100649
100649
100649
100649
100649
100649
100649
100649
100649
100649
100649
100650
100655
100658
100658
100658
100658
100658
100658
100658
100658
100658
100658
100658
100658
100658
100658
100658
100658
100658
100658
100658
100658
100658
100658
100658
100658
100658
100658
100658
100658
100658
100658
100658
100658
100658
100658
100658
100658
100658
100658
100658
100658
100658
100658
100658
100658
100658
100658
100658
100658
100658
100658
100658
100658
100658
100658
100658
100658
100658
100658
100658
100658
100658
100658
100658
100658
100658
100658
100658
100658
100658
100658
100658
100658
100658
100658
100658
100658
100658
100658
100658
100658
100658
100658
100658
100658
100658
100658
100658
100658
100658
100658
100658
100658
100658
100658
100658
100658
100658
100658
100658
100658
100658
100658
100658
100658
100658
100658
100658
100658
100658
100658
100658
100658
100658
100658
100658
100658
100658
100658
100658
100658
100658
100658
100658
100658
100658
100658
100658
100658
100658
100658
100658
100658
100658
100658
100658
100658
100658
100658
100658
100658
100658
100658
100658
100658
100658
100658
100658
100658
100658
100658
100658
100658
100658
100658
100658
100658
100658
100658
100658
100658
100658
100658
100658
100658
100658
100658
100658
100658
100658
100658
100658
100658
100658
100658
100658
100658
100658
100658
100658
100658
100658
100658
100658
100658
100658
100658
100658
100658
100658
100658
100658
100658
100658
100658
100658
100658
100658
100658
100658
100658
100658
100658
100658
100658
100658
100658
100658
100658
100658
100658
100658
100658
100658
100658
100658
100658
100658
100658
100658
100658
100658
100658
100658
100658
100658
100658
100658
100658
100658
100658
100658
100658
100658
100658
100658
100658
100658
100658
100658
100658
100658
100658
100658
100658
100658
100658
100658
100658
100658
100658
100658
100658
100658
100658
100658
100658
100658
100658
100658
100658
100658
100658
100658
100658
100658
100658
100658
100658
100658
100658
100658
100658
100658
100658
100658
100658
100658
100658
100658
100658
100658
100658
100658
100658
100658
100658
100658
100658
100658
100658
100658
100658
100658
100658
100658
100658
100658
100658
100658
100658
100658
100658
100658
100681
100713
100740
100767
100797
100830
100860
100888
100919
100953
100988
101024
101062
101110
101152
101202
101254
101309
101365
101418
101472
101528
101580
101636
101686
101742
101798
101853
101908
101963
102017
102071
102126
102181
102234
102287
102343
102395
102447
102501
102556
102608
102666
102721
102775
102831
102883
102938
102991
103047
103100
103152
103206
103261
103314
103369
103424
103476
103530
103584
103638
103692
103747
103801
103855
103909
103964
104018
104073
104128
104182
104235
104289
104343
104396
104452
104506
104561
104615
104668
104722
104778
104832
104887
104941
104995
105050
105104
105160
105214
105269
105323
105378
105432
105484
105540
105594
105646
105700
105754
105810
105864
105920
105975
106031
106083
106139
106191
106248
106298
106351
106405
106461
106516
106571
106627
106678
106732
106785
106844
106898
106953
107007
107060
107113
107168
107225
107279
107334
107389
107441
107496
107551
107603
107659
107713
107767
107820
107877
107932
107986
108039
108092
108148
108203
108255
108310
108364
108421
108473
108525
108582
108637
108692
108744
108797
108849
108905
108960
109013
109064
109117
109176
109232
109287
109338
109384
109427
109466
109503
109533
109559
109583
109605
109623
109640
109656
109670
109679
109686
109691
109694
109696
109698
109700
109702
109704
109706
109708
109710
109712
109714
109716
109718
109720
109722
109722
109722
109722
109722
109722
109722
109722
109722
109722
109722
109722
109722
109722
109722
109722
109722
109722
109722
109722
109722
109722
109722
109722
109722
109722
109722
109722
109722
109722
109722
109722
109722
109722
109722
109722
109722
109722
109722
109722
109722
109722
109722
109722
109722
109722
109722
109722
109722
109722
109722
109722
109722
109722
109722
109722
109722
109722
109722
109722
109722
109722
109722
109722
109722
109722
109722
109722
109722
109722
109722
109722
109722
109722
109722
109722
109722
109722
109722
109722
109722
109722
109722
109722
109722
109722
109722
109722
109722
109722
109722
109722
109722
109722
109722
109722
109722
109722
109722
109722
109722
109722
109722
109722
109722
109722
109722
109722
109722
109722
109722
109722
109722
109722
109722
109722
109722
109722
109722
109722
109722
109722
109722
109722
109722
109722
109722
109722
109722
109722
109722
109722
109722
109722
109722
109722
109722
109722
109722
109722
109722
109722
109722
109722
109722
109722
109722
109722
109722
109722
109722
109722
109722
109722
109722
109722
109722
109722
109722
109722
109722
109722
109722
109722
109722
109722
109722
109722
109722
109722
109722
109722
109722
109722
109722
109722
109722
109722
109722
109722
109722
109722
109722
109722
109722
109722
109722
109722
109722
109722
109722
109722
109722
109722
109722
109722
109722
109722
109722
109722
109722
109722
109722
109722
109722
109722
109722
109722
109722
109722
109722
109722
109722
109722
109722
109722
109722
109722
109722
109722
109722
109722
109722
109722
109722
109722
109722
109722
109722
109722
109722
109722
109722
109722
109722
109722
109722
109722
109722
109722
109722
109722
109722
109722
109722
109722
109722
109722
109722
109722
109722
109722
109722
109722
109722
109722
109722
109722
109722
109722
109722
109722
109722
109722
109722
109722
109722
109722
109722
109722
109722
109722
109722
109722
109722
109722
109722
109722
109722
109722
109722
109722
109722
109722
109722
109722
109722
109722
109722
109722
109722
109722
109722
109722
109722
109722
109722
109722
109722
109722
109722
109722
109722
109722
109722
109722
109722
109722
109722
109722
109722
109722
109722
109722
109722
109722
109722
109722
109722
109722
109722
109722
109722
109722
109722
109722
109722
109722
109722
109722
109722
109722
109722
109722
109722
109722
109722
109722
109722
109722
109722
109722
109722
109722
109722
109722
109722
109722
109722
109722
109722
109722
109722
109722
109722
109722
109722
109722
109722
109722
109722
109722
109722
109722
109722
109722
109722
109722
109722
109722
109722
109722
109722
109722
109722
109722
109722
109722
109722
109722
109722
109722
109722
109722
109722
109722
109722
109722
109722
109722
109722
109722
109722
109722
109722
109722
109722
109722
109722
109722
109722
109722
109722
109722
109722
109722
109722
109722
109722
109722
109722
109722
109722
109722
109722
109722
109722
109722
109722
109722
109722
109722
109722
109722
109722
109722
109734
109753
109788
109830
109875
109918
109960
109993
110022
110050
110076
110102
110128
110154
110179
110203
110227
110251
110275
110299
110323
110347
110371
110395
110419
110443
110467
110491
110515
110539
110563
110587
110611
110635
110659
110683
110708
110734
110760
110786
110812
110838
110866
110894
110922
110951
110981
111011
111041
111073
111105
111137
111171
111205
111240
111276
111313
111351
111390
111430
111470
111512
111554
111597
111641
111687
111734
111782
111830
111880
111931
111970
111995
112017
112049
112082
112130
112180
112234
112289
112344
112399
112452
112508
112563
112618
112674
112726
112783
112832
112888
112944
112999
113055
113108
113163
113213
113268
113324
113379
113435
113490
113542
113596
113651
113705
113760
113815
113867
113920
113975
114031
114087
114139
114193
114250
114306
114356
114413
114466
114521
114573
114630
114684
114738
114790
114846
114902
114956
115010
115065
115119
115175
115230
115283
115339
115393
115448
115500
115545
115586
115620
115650
115676
115697
115715
115732
115743
115756
115764
115770
115773
115775
115777
115779
115781
115783
115785
115787
115789
115791
115793
115795
115797
115799
115801
115802
115802
115802
115802
115802
115802
115802
115802
115802
115802
115802
115802
115802
115802
115802
115802
115802
115802
115802
115802
115802
115802
115802
115802
115802
115802
115802
115802
115802
115802
115802
115802
115802
115802
115802
115802
115802
115802
115802
115802
115802
115802
115802
115802
115802
115802
115802
115802
115802
115802
115802
115802
115802
115802
115802
115802
115802
115802
115802
115802
115802
115802
115802
115802
115802
115802
115802
115802
115802
115802
115802
115802
115802
115802
115802
115802
115802
115802
115802
115802
115802
115802
115802
115802
115802
115802
115802
115802
115802
115802
115802
115802
115802
115802
115802
115802
115802
115802
115802
115802
115802
115802
115802
115802
115802
115802
115802
115802
115802
115802
115802
115802
115802
115802
115802
115802
115802
115802
115802
115802
115802
115802
115802
115802
115802
115802
115802
115802
115802
115802
115802
115802
115802
115802
115802
115802
115802
115802
115802
115802
115802
115802
115802
115802
115802
115802
115802
115802
115802
115802
115802
115802
115802
115802
115802
115802
115802
115802
115802
115802
115802
115802
115802
115802
115802
115802
115802
115802
115802
115802
115802
115802
115802
115802
115802
115802
115802
115802
115802
115802
115802
115802
115802
115802
115802
115802
115802
115802
115802
115802
115802
115802
115802
115802
115802
115802
115802
115802
115802
115802
115802
115802
115802
115802
115802
115802
115802
115802
115802
115802
115802
115802
115802
115802
115802
115802
115802
115802
115802
115802
115802
115802
115802
115802
115802
115802
115802
115802
115802
115802
115802
115802
115802
115802
115802
115802
115802
115802
115802
115802
115802
115802
115802
115802
115802
115802
115802
115802
115802
115802
115802
115802
115802
115802
115802
115802
115802
115802
115802
115802
115802
115802
115802
115802
115802
115802
115802
115802
115802
115802
115802
115802
115802
115802
115802
115802
115802
115802
115802
115802
115802
115802
115802
115802
115802
115802
115802
115802
115802
115802
115802
115802
115802
115802
115802
115802
115802
115802
115802
115802
115802
115802
115802
115802
115802
115802
115802
115802
115802
115802
115802
115802
115802
115802
115802
115802
115802
115802
115802
115802
115802
115802
115802
115802
115802
115802
115802
115802
115802
115802
115802
115802
115802
115802
115802
115802
115802
115802
115802
115802
115802
115802
115802
115802
115802
115802
115802
115802
115802
115802
115802
115802
115802
115802
115802
115802
115802
115802
115802
115802
115802
115802
115802
115802
115802
115802
115802
115802
115802
115802
115802
115802
115802
115802
115802
115802
115802
115802
115802
115802
115802
115802
115802
115802
115802
115802
115802
115802
115802
115802
115802
115802
115802
115802
115802
115802
115802
115802
115802
115802
115802
115802
115802
115802
115802
115802
115802
115802
115802
115802
115802
115802
115802
115802
115802
115802
115802
115802
115802
115802
115802
115802
115802
115802
115802
115802
115802
115802
115802
115802
115802
115802
115802
115802
115802
115802
115802
115802
115802
115802
115802
115802
115802
115802
115802
115802
115802
115802
115802
115802
115802
115802
115802
115802
115802
115802
115802
115802
115802
115802
115802
115802
115802
115802
115802
115802
115802
115802
115802
115802
115802
115802
115802
115802
115802
115802
115802
115802
115802
115802
115802
115802
115802
115802
115802
115802
115802
115802
115802
115802
115802
115802
115802
115802
115802
115802
115802
115802
115802
115802
115802
115802
115802
115802
115802
115802
115802
115802
115802
115802
115802
115802
115802
115802
115802
115802
115802
115803
115808
115812
115816
115820
115824
115828
115832
115839
115847
115857
115868
115882
115897
115914
115933
115953
115975
115999
116026
116054
116084
116116
116150
116185
116222
116261
116303
116347
116392
116439
116471
116492
116509
116525
116546
116572
116603
116645
116690
116738
116792
116843
116900
116953
117007
117060
117116
117167
117225
117280
117333
117389
117443
117498
117548
117603
117659
117713
117765
117823
117876
117933
117988
118039
118087
118125
118155
118180
118202
118220
118233
118243
118250
118259
118262
118264
118266
118268
118270
118272
118274
118276
118278
118280
118282
118284
118286
118288
118290
118292
118292
118292
118292
118292
118292
118292
118292
118292
118292
118292
118292
118292
118292
118292
118292
118292
118292
118292
118292
118292
118292
118292
118292
118292
118292
118292
118292
118292
118292
118292
118292
118292
118292
118292
118292
118292
118292
118292
118292
118292
118292
118292
118292
118292
118292
118292
118292
118292
118292
118292
118292
118292
118292
118292
118292
118292
118292
118292
118292
118292
118292
118292
118292
118292
118292
118292
118292
118292
118292
118292
118292
118292
118292
118292
118292
118292
118292
118292
118292
118292
118292
118292
118292
118292
118292
118292
118292
118292
118292
118292
118292
118292
118292
118292
118292
118292
118292
118292
118292
118292
118292
118292
118292
118292
118292
118292
118292
118292
118292
118292
118292
118292
118292
118292
118292
118292
118292
118292
118292
118292
118292
118292
118292
118292
118292
118292
118292
118292
118292
118292
118292
118292
118292
118292
118292
118292
118292
118292
118292
118292
118292
118292
118292
118292
118292
118292
118292
118292
118292
118292
118292
118292
118292
118292
118292
118292
118292
118292
118292
118292
118292
118292
118292
118292
118292
118292
118292
118292
118292
118292
118292
118292
118292
118292
118292
118292
118292
118292
118292
118292
118292
118292
118292
118292
118292
118292
118292
118292
118292
118292
118292
118292
118292
118292
118292
118292
118292
118292
118292
118292
118292
118292
118292
118292
118292
118292
118292
118292
118292
118292
118292
118292
118292
118292
118292
118292
118292
118292
118292
118292
118292
118292
118292
118292
118292
118292
118292
118292
118292
118292
118292
118292
118292
118292
118292
118292
118292
118292
118292
118292
118292
118292
118292
118292
118292
118292
118292
118292
118292
118292
118292
118292
118292
118292
118292
118292
118292
118292
118292
118292
118292
118292
118292
118292
118292
118292
118292
118292
118292
118292
118292
118292
118292
118292
118292
118292
118292
118292
118292
118292
118292
118292
118292
118292
118292
118292
118292
118292
118292
118292
118292
118292
118292
118292
118292
118292
118292
118292
118292
118292
118292
118292
118292
118292
118292
118292
118292
118292
118292
118292
118292
118292
118292
118292
118292
118292
118292
118292
118292
118292
118292
118292
118292
118292
118292
118292
118292
118292
118292
118292
118292
118292
118292
118292
118292
118292
118292
118292
118292
118292
118292
118292
118292
118292
118292
118292
118292
118292
118292
118292
118292
118292
118292
118292
118292
118292
118292
118292
118292
118292
118292
118292
118292
118292
118292
118292
118292
118292
118292
118292
118292
118292
118292
118292
118292
118292
118292
118292
118292
118292
118292
118292
118292
118292
118292
118292
118292
118292
118292
118292
118292
118292
118292
118292
118292
118292
118292
118292
118292
118292
118292
118292
118292
118292
118292
118292
118292
118292
118292
118292
118292
118292
118292
118292
118292
118292
118292
118292
118292
118292
118292
118292
118292
118292
118292
118292
118292
118292
118292
118292
118292
118292
118292
118292
118292
118292
118292
118292
118292
118292
118292
118292
118292
118292
118292
118292
118292
118292
118292
118292
118292
118292
118292
118292
118292
118292
118292
118292
118292
118292
118292
118292
118292
118292
118292
118292
118292
118292
118292
118292
118292
118292
118292
118292
118292
118292
118292
118292
118292
118292
118292
118292
118292
118292
118292
118292
118292
118292
118292
118292
118292
118292
118292
118292
118292
118292
118292
118292
118292
118292
118292
118292
118292
118292
118292
118292
118292
118292
118292
118292
118292
118292
118292
118292
118292
118292
118292
118292
118292
118292
118292
118292
118292
118292
118292
118292
118292
118292
118292
118292
118292
118292
118292
118292
118292
118292
118292
118292
118292
118292
118292
118292
118292
118292
118292
118292
118292
118292
118292
118292
118292
118292
118292
118292
118292
118292
118292
118292
118292
118292
118292
118292
118292
118292
118292
118292
118294
118298
118302
118306
118310
118316
118322
118328
118334
118342
118352
118365
118381
118400
118421
118444
118470
118498
118529
118563
118600
118633
118659
118679
118692
118697
118697
118697
118697
118697
118697
118697
118697
118697
118701
118710
118721
118736
118743
118745
118747
118749
118751
118753
118755
118757
118759
118761
118763
118765
118767
118769
118771
118772
118772
118772
118772
118772
118772
118772
118772
118772
118772
118772
118772
118772
118772
118772
118772
118772
118772
118772
118772
118772
118772
118772
118772
118772
118772
118772
118772
118772
118772
118772
118772
118772
118772
118772
118772
118772
118772
118772
118772
118772
118772
118772
118772
118772
118772
118772
118772
118772
118772
118772
118772
118772
118772
118772
118772
118772
118772
118772
118772
118772
118772
118772
118772
118772
118772
118772
118772
118772
118772
118772
118772
118772
118772
118772
118772
118772
118772
118772
118772
118772
118772
118772
118772
118772
118772
118772
118772
118772
118772
118772
118772
118772
118772
118772
118772
118772
118772
118772
118772
118772
118772
118772
118772
118772
118772
118772
118772
118772
118772
118772
118772
118772
118772
118772
118772
118772
118772
118772
118772
118772
118772
118772
118772
118772
118772
118772
118772
118772
118772
118772
118772
118772
118772
118772
118772
118772
118772
118772
118772
118772
118772
118772
118772
118772
118772
118772
118772
118772
118772
118772
118772
118772
118772
118772
118772
118772
118772
118772
118772
118772
118772
118772
118772
118772
118772
118772
118772
118772
118772
118772
118772
118772
118772
118772
118772
118772
118772
118772
118772
118772
118772
118772
118772
118772
118772
118772
118772
118772
118772
118772
118772
118772
118772
118772
118772
118772
118772
118772
118772
118772
118772
118772
118772
118772
118772
118772
118772
118772
118772
118772
118772
118772
118772
118772
118772
118772
118772
118772
118772
118772
118772
118772
118772
118772
118772
118772
118772
118772
118772
118772
118772
118772
118772
118772
118772
118772
118772
118772
118772
118772
118772
118772
118772
118772
118772
118772
118772
118772
118772
118772
118772
118772
118772
118772
118772
118772
118772
118772
118772
118772
118772
118772
118772
118772
118772
118772
118772
118772
118772
118772
118772
118772
118772
118772
118772
118772
118772
118772
118772
118772
118772
118772
118772
118772
118772
118772
118772
118772
118772
118772
118772
118772
118772
118772
118772
118772
118772
118772
118772
118772
118772
118772
118772
118772
118772
118772
118772
118772
118772
118772
118772
118772
118772
118772
118772
118772
118772
118772
118772
118772
118772
118772
118772
118772
118772
118772
118772
118772
118772
118772
118772
118772
118772
118772
118772
118772
118772
118772
118772
118772
118772
118772
118772
118772
118772
118772
118772
118772
118772
118772
118772
118772
118772
118772
118772
118772
118772
118772
118772
118772
118772
118772
118772
118772
118772
118772
118772
118772
118772
118772
118772
118772
118772
118772
118772
118772
118772
118772
118772
118772
118772
118772
118772
118772
118772
118772
118772
118772
118772
118772
118772
118772
118772
118772
118772
118772
118772
118772
118772
118772
118772
118772
118772
118772
118772
118772
118772
118772
118772
118772
118772
118772
118772
118772
118772
118772
118772
118772
118772
118772
118772
118772
118772
118772
118772
118772
118772
118772
118772
118772
118772
118772
118772
118772
118772
118772
118772
118772
118772
118772
118772
118772
118772
118772
118772
118772
118772
118772
118772
118772
118772
118772
118772
118772
118772
118772
118772
118772
118772
118772
118772
118772
118772
118772
118772
118772
118772
118772
118772
118772
118772
118772
118772
118772
118772
118772
118772
118772
118772
118772
118772
118772
118772
118772
118772
118772
118772
118772
118772
118772
118772
118772
118772
118772
118772
118772
118772
118772
118772
118772
118772
118772
118772
118772
118772
118772
118772
118772
118772
118772
118772
118772
118772
118772
118772
118772
118772
118772
118772
118772
118772
118772
118772
118772
118772
118772
118772
118772
118772
118772
118772
118772
118772
118772
118772
118772
118772
118772
118772
118772
118772
118772
118772
118772
118772
118772
118772
118772
118772
118772
118772
118772
118772
118772
118772
118772
118772
118772
118772
