Time needed: 610.10 s
Distance travelled: 1220.13 m
Total rotation: 5095.9°
Objects found after: 167.83 s, 268.37 s, 280.47 s

+++ following progress ticks +++
461
493
531
557
588
615
631
656
682
707
739
763
793
814
840
863
888
912
938
962
990
1013
1038
1061
1085
1111
1142
1169
1195
1219
1241
1267
1291
1316
1341
1369
1390
1417
1442
1466
1490
1515
1537
1563
1589
1612
1636
1660
1685
1709
1732
1757
1782
1807
1829
1857
1880
1908
1930
1956
1976
2003
2028
2051
2074
2100
2123
2146
2166
2186
2204
2220
2232
2244
2248
2252
2254
2255
2255
2255
2255
2255
2255
2255
2255
2255
2255
2255
2255
2255
2255
2255
2255
2256
2257
2260
2263
2268
2273
2280
2285
2292
2300
2304
2314
2327
2333
2347
2357
2370
2380
2393
2407
2419
2433
2447
2460
2472
2487
2501
2513
2529
2545
2561
2575
2592
2608
2624
2639
2658
2672
2694
2713
2731
2749
2768
2788
2808
2827
2849
2868
2890
2912
2934
2956
2981
3003
3028
3050
3075
3098
3124
3149
3176
3202
3227
3256
3282
3308
3337
3367
3385
3413
3439
3469
3500
3532
3562
3591
3622
3652
3683
3716
3748
3779
3813
3848
3879
3913
3947
3982
4015
4051
4085
4119
4156
4192
4228
4262
4305
4339
4378
4413
4454
4492
4526
4568
4606
4645
4685
4725
4765
4802
4843
4885
4925
4965
5006
5047
5087
5128
5165
5208
5248
5290
5330
5374
5415
5456
5499
5540
5581
5625
5669
5710
5751
5800
5839
5886
5931
5972
6018
6059
6101
6148
6194
6240
6286
6330
6372
6419
6461
6506
6553
6600
6645
6690
6738
6782
6827
6874
6921
6967
7012
7056
7101
7148
7194
7242
7289
7337
7382
7431
7481
7527
7570
7620
7666
7714
7760
7811
7854
7906
7955
8000
8048
8097
8145
8196
8243
8290
8337
8381
8432
8481
8528
8578
8627
8677
8725
8773
8822
8870
8920
8968
9018
9067
9114
9165
9213
9259
9309
9354
9404
9455
9505
9552
9599
9649
9694
9748
9794
9843
9894
9942
9991
10041
10087
10139
10188
10233
10285
10336
10388
10437
10486
10533
10582
10631
10682
10733
10782
10830
10880
10931
10981
11031
11080
11129
11180
11228
11281
11329
11377
11428
11476
11527
11577
11629
11677
11731
11779
11829
11880
11930
11977
12027
12078
12127
12176
12226
12277
12322
12376
12424
12476
12520
12575
12625
12673
12726
12777
12824
12873
12926
12977
13029
13081
13130
13179
13229
13275
13329
13379
13428
13481
13531
13582
13634
13684
13734
13784
13836
13889
13939
13988
14040
14092
14139
14193
14259
14311
14363
14414
14467
14518
14570
14618
14670
14719
14770
14823
14874
14924
14970
15025
15076
15130
15179
15229
15279
15333
15381
15434
15485
15532
15585
15639
15686
15734
15788
15842
15894
15946
15998
16052
16099
16148
16199
16247
16298
16350
16400
16451
16502
16554
16605
16658
16709
16761
16811
16862
16914
16966
17016
17068
17118
17170
17221
17274
17324
17377
17430
17479
17531
17585
17635
17684
17737
17790
17843
17892
17941
17995
18048
18100
18151
18199
18254
18303
18358
18404
18461
18512
18561
18614
18668
18717
18769
18823
18876
18924
18973
19024
19077
19130
19185
19235
19285
19339
19390
19442
19494
19545
19595
19650
19701
19754
19805
19857
19907
19957
20008
20060
20115
20165
20216
20271
20321
20372
20426
20478
20531
20584
20633
20687
20736
20790
20840
20894
20944
20998
21050
21101
21151
21203
21255
21309
21362
21412
21461
21516
21568
21622
21670
21722
21771
21828
21880
21928
21983
22035
22084
22137
22190
22243
22288
22344
22397
22450
22502
22554
22604
22653
22705
22754
22805
22859
22912
22963
23016
23067
23121
23173
23225
23277
23328
23381
23432
23483
23537
23592
23645
23696
23749
23800
23853
23907
23955
24009
24060
24114
24164
24217
24270
24323
24376
24430
24482
24532
24583
24636
24688
24738
24792
24844
24897
24950
25001
25056
25108
25163
25214
25268
25318
25373
25424
25479
25525
25582
25635
25683
25738
25791
25845
25892
25947
26000
26053
26105
26157
26206
26259
26312
26365
26417
26469
26521
26572
26628
26679
26733
26785
26836
26889
26942
26993
27047
27099
27152
27203
27256
27307
27362
27415
27464
27518
27573
27621
27674
27728
27779
27835
27888
27940
27993
28044
28099
28150
28204
28255
28308
28358
28413
28464
28517
28570
28622
28676
28727
28780
28832
28884
28937
28988
29043
29091
29144
29197
29251
29301
29353
29397
29446
29490
29528
29571
29611
29648
29692
29732
29772
29811
29849
29887
29925
29962
29998
30034
30070
30106
30142
30178
30216
30254
30292
30330
30370
30410
30451
30493
30535
30579
30624
30670
30718
30766
30816
30858
30882
30900
30921
30942
30974
31007
31048
31092
31143
31193
31246
31300
31352
31406
31455
31513
31562
31618
31669
31722
31775
31829
31879
31933
31987
32037
32089
32144
32198
32251
32303
32354
32408
32462
32515
32568
32619
32673
32727
32778
32828
32869
32915
32952
32992
33032
33063
33101
33138
33175
33209
33242
33274
33305
33335
33365
33393
33421
33449
33477
33505
33532
33558
33584
33610
33637
33665
33693
33721
33749
33778
33808
33838
33870
33902
33936
33970
34006
34043
34081
34121
34162
34204
34248
34294
34341
34373
34400
34422
34436
34455
34477
34504
34535
34578
34622
34668
34719
34770
34821
34875
34924
34980
35033
35084
35138
35192
35244
35300
35352
35405
35456
35511
35565
35617
35669
35721
35773
35829
35881
35936
35987
36040
36093
36147
36202
36252
36306
36358
36413
36464
36521
36575
36624
36680
36736
36783
36840
36894
36945
36997
37051
37105
37158
37212
37261
37316
37370
37424
37477
37530
37583
37637
37693
37746
37799
37855
37908
37960
38012
38063
38116
38169
38223
38276
38328
38382
38435
38488
38542
38594
38648
38700
38754
38809
38863
38916
38970
39023
39075
39130
39183
39237
39290
39346
39399
39454
39504
39560
39612
39667
39719
39771
39827
39878
39932
39986
40039
40090
40144
40196
40251
40302
40355
40410
40464
40516
40568
40621
40675
40728
40782
40835
40888
40941
40995
41047
41103
41152
41207
41257
41313
41370
41419
41473
41527
41577
41633
41685
41736
41790
41845
41900
41954
42003
42059
42113
42169
42221
42272
42327
42376
42430
42484
42537
42589
42643
42699
42753
42806
42860
42912
42964
43019
43072
43126
43177
43231
43284
43338
43391
43445
43499
43551
43604
43657
43711
43767
43820
43872
43925
43980
44031
44082
44141
44192
44243
44298
44352
44405
44460
44511
44566
44615
44671
44725
44777
44832
44885
44937
44992
45045
45099
45152
45209
45260
45310
45363
45410
45451
45488
45519
45548
45574
45597
45618
45643
45663
45680
45697
45710
45721
45730
45738
45744
45748
45750
45752
45754
45756
45758
45760
45762
45764
45766
45767
45767
45767
45767
45767
45767
45767
45767
45767
45767
45767
45767
45767
45767
45767
45767
45767
45767
45767
45767
45767
45767
45767
45767
45767
45767
45767
45767
45767
45767
45767
45767
45769
45775
45781
45787
45793
45799
45805
45811
45820
45831
45844
45860
45879
45901
45926
45953
45984
46017
46038
46062
46075
46085
46093
46105
46123
46143
46171
46201
46240
46286
46331
46377
46420
46462
46499
46528
46549
46588
46620
46647
46671
46691
46710
46731
46747
46762
46774
46783
46790
46795
46798
46800
46802
46804
46806
46808
46810
46812
46814
46816
46818
46820
46821
46821
46821
46821
46821
46821
46821
46821
46821
46821
46821
46821
46821
46821
46821
46821
46821
46821
46821
46821
46821
46821
46821
46821
46821
46821
46821
46821
46821
46821
46821
46821
46821
46821
46821
46821
46821
46821
46821
46821
46825
46829
46835
46841
46847
46853
46859
46866
46874
46884
46897
46914
46933
46956
46981
47010
47038
47054
47073
47083
47090
47096
47109
47125
47149
47176
47209
47253
47297
47343
47390
47432
47478
47519
47573
47624
47676
47730
47786
47841
47894
47945
47999
48056
48109
48163
48216
48270
48323
48379
48431
48486
48537
48591
48647
48699
48754
48805
48858
48912
48970
49017
49073
49128
49183
49232
49289
49343
49397
49450
49500
49557
49610
49665
49720
49774
49826
49877
49929
49981
50036
50092
50148
50201
50254
50309
50361
50416
50468
50521
50575
50630
50683
50739
50790
50844
50897
50951
51005
51058
51112
51165
51219
51272
51326
51381
51435
51489
51540
51594
51649
51702
51754
51809
51864
51914
51970
52020
52075
52129
52183
52239
52292
52345
52399
52448
52506
52558
52613
52668
52720
52773
52828
52880
52932
52988
53042
53092
53148
53203
53258
53311
53365
53421
53475
53529
53582
53634
53690
53743
53798
53850
53900
53956
54010
54064
54117
54169
54224
54277
54331
54386
54437
54491
54544
54600
54656
54706
54760
54811
54865
54923
54973
55026
55083
55139
55186
55243
55299
55353
55407
55455
55511
55565
55619
55674
55728
55778
55829
55885
55941
55996
56048
56102
56155
56213
56267
56321
56376
56429
56482
56536
56589
56646
56701
56753
56806
56859
56913
56969
57023
57077
57131
57185
57239
57291
57345
57399
57450
57503
57558
57613
57667
57717
57770
57826
57880
57933
57988
58042
58098
58151
58207
58259
58311
58366
58423
58475
58529
58582
58636
58689
58744
58798
58848
58906
58959
59011
59064
59110
59143
59174
59200
59219
59237
59251
59262
59273
59282
59287
59289
59291
59293
59295
59297
59299
59301
59303
59305
59307
59309
59311
59313
59314
59314
59314
59314
59314
59314
59314
59314
59314
59314
59314
59314
59314
59314
59314
59314
59314
59314
59314
59314
59314
59314
59314
59314
59314
59314
59314
59314
59314
59314
59314
59314
59314
59314
59314
59314
59314
59314
59314
59314
59314
59314
59314
59314
59314
59314
59314
59314
59314
59314
59314
59314
59314
59314
59314
59314
59314
59314
59314
59314
59314
59314
59314
59314
59314
59314
59314
59314
59314
59314
59314
59314
59314
59314
59314
59314
59314
59314
59314
59314
59314
59314
59314
59314
59314
59314
59314
59314
59314
59314
59314
59314
59314
59314
59314
59314
59314
59314
59314
59314
59314
59314
59314
59314
59314
59314
59314
59314
59314
59314
59314
59314
59314
59314
59314
59314
59314
59314
59314
59314
59314
59314
59314
59314
59314
59314
59314
59314
59314
59314
59314
59314
59314
59314
59314
59314
59314
59314
59314
59314
59314
59314
59314
59314
59314
59314
59314
59314
59314
59314
59314
59314
59314
59314
59314
59314
59314
59314
59314
59314
59314
59314
59314
59314
59314
59314
59315
59318
59323
59329
59336
59339
59339
59339
59339
59339
59339
59339
59339
59339
59345
59357
59389
59428
59480
59524
59573
59613
59660
59697
59736
59772
59812
59856
59900
59950
60005
60057
60112
60163
60217
60272
60327
60380
60434
60488
60540
60596
60651
60701
60757
60811
60861
60917
60972
61028
61077
61132
61189
61244
61290
61347
61403
61457
61512
61563
61617
61669
61727
61779
61835
61888
61943
61997
62051
62105
62155
62210
62264
62319
62373
62427
62480
62533
62588
62642
62694
62748
62802
62856
62909
62963
63017
63072
63125
63179
63233
63287
63341
63396
63449
63503
63558
63611
63666
63721
63775
63828
63882
63937
63990
64044
64101
64153
64206
64263
64315
64367
64426
64477
64528
64581
64636
64691
64745
64798
64855
64907
64963
65012
65067
65122
65178
65232
65284
65339
65392
65445
65500
65556
65610
65662
65717
65773
65826
65879
65935
65988
66042
66095
66151
66208
66262
66316
66368
66425
66479
66533
66587
66639
66695
66750
66805
66858
66911
66964
67020
67074
67130
67182
67236
67287
67344
67398
67451
67508
67558
67613
67669
67721
67777
67827
67883
67938
67992
68044
68100
68156
68204
68259
68315
68371
68419
68474
68530
68585
68638
68690
68743
68799
68853
68909
68962
69017
69072
69123
69173
69229
69284
69339
69393
69448
69501
69559
69612
69665
69719
69772
69828
69880
69934
69987
70041
70092
70146
70201
70255
70311
70364
70417
70471
70525
70579
70633
70687
70741
70795
70847
70903
70959
71013
71066
71118
71171
71225
71281
71333
71386
71439
71493
71547
71603
71657
71713
71766
71821
71875
71929
71985
72038
72093
72144
72201
72253
72306
72362
72414
72469
72520
72557
72589
72611
72627
72639
72647
72652
72656
72659
72661
72663
72664
72666
72668
72670
72672
72674
72676
72678
72680
72682
72684
72685
72685
72685
72685
72685
72685
72685
72685
72685
72685
72685
72685
72685
72685
72685
72685
72685
72685
72685
72685
72685
72685
72685
72685
72685
72685
72685
72685
72685
72685
72685
72685
72685
72685
72685
72685
72685
72685
72685
72685
72685
72685
72685
72685
72685
72685
72685
72685
72685
72685
72685
72685
72685
72685
72685
72685
72685
72685
72685
72685
72685
72685
72685
72685
72685
72685
72685
72685
72685
72685
72685
72685
72685
72685
72685
72685
72685
72685
72685
72685
72685
72685
72685
72685
72685
72685
72685
72685
72685
72685
72685
72685
72685
72685
72685
72685
72685
72685
72685
72685
72685
72685
72685
72685
72685
72685
72685
72685
72685
72685
72685
72685
72685
72685
72685
72685
72685
72685
72685
72685
72685
72685
72685
72685
72685
72685
72685
72685
72685
72685
72685
72685
72685
72685
72685
72685
72685
72685
72685
72685
72685
72685
72685
72685
72685
72685
72685
72685
72685
72685
72685
72685
72685
72685
72685
72685
72685
72685
72685
72685
72685
72685
72685
72685
72685
72685
72685
72685
72685
72685
72685
72685
72685
72685
72685
72685
72685
72685
72685
72685
72685
72685
72685
72685
72685
72685
72685
72687
72687
72687
72687
72687
72687
72687
72687
72687
72687
72687
72687
72687
72687
72687
72687
72687
72687
72687
72687
72687
72687
72687
72687
72687
72687
72689
72705
72749
72788
72830
72869
72910
72945
72982
73019
73050
73087
73126
73167
73212
73261
73312
73367
73421
73476
73529
73581
73637
73693
73744
73799
73855
73910
73961
74015
74072
74127
74175
74234
74288
74341
74397
74445
74500
74556
74610
74665
74720
74773
74822
74878
74933
74987
75042
75098
75151
75206
75261
75313
75367
75423
75475
75526
75581
75634
75688
75742
75797
75853
75909
75964
76020
76074
76129
76182
76236
76290
76343
76396
76452
76506
76560
76614
76668
76722
76776
76829
76883
76939
76994
77048
77102
77156
77211
77266
77321
77375
77429
77485
77538
77594
77647
77702
77755
77809
77865
77917
77970
78027
78078
78131
78185
78240
78294
78349
78402
78458
78513
78567
78620
78676
78730
78785
78839
78896
78945
79001
79055
79111
79162
79218
79272
79325
79379
79433
79489
79541
79597
79649
79703
79758
79814
79869
79921
79975
80026
80082
80136
80188
80241
80295
80349
80404
80458
80512
80565
80619
80675
80730
80782
80838
80890
80944
80999
81054
81108
81157
81213
81267
81322
81376
81428
81484
81539
81594
81650
81702
81756
81811
81865
81918
81969
82023
82081
82134
82177
82228
82274
82320
82357
82399
82438
82477
82515
82550
82584
82616
82648
82678
82707
82735
82762
82788
82814
82838
82862
82886
82908
82930
82952
82972
82992
83012
83032
83051
83069
83087
83105
83123
83141
83159
83177
83195
83213
83231
83249
83267
83285
83303
83321
83341
83361
83381
83401
83422
83444
83466
83488
83512
83536
83560
83586
83612
83640
83668
83698
83728
83760
83792
83826
83861
83897
83933
83971
84011
84052
84094
84138
84184
84230
84278
84328
84353
84377
84394
84419
84444
84480
84519
84570
84619
84672
84727
84771
84808
84833
84852
84866
84874
84877
84878
84880
84880
84880
84880
84880
84880
84880
84880
84880
84882
84884
84886
84888
84890
84892
84892
84892
84892
84892
84892
84892
84892
84892
84892
84892
84892
84892
84892
84892
84892
84892
84892
84892
84892
84892
84892
84892
84892
84892
84892
84892
84892
84892
84892
84892
84892
84892
84892
84892
84892
84892
84892
84892
84892
84892
84892
84892
84892
84892
84892
84892
84892
84892
84892
84892
84892
84892
84892
84892
84892
84892
84892
84892
84892
84892
84892
84892
84892
84892
84892
84892
84892
84892
84892
84892
84892
84892
84892
84892
84892
84892
84892
84892
84892
84892
84892
84892
84892
84892
84892
84892
84892
84892
84892
84892
84892
84892
84892
84892
84892
84892
84892
84892
84892
84892
84892
84892
84892
84892
84892
84892
84892
84892
84892
84892
84892
84892
84892
84892
84892
84892
84892
84892
84892
84892
84892
84892
84892
84892
84892
84892
84892
84892
84892
84892
84892
84892
84892
84892
84892
84892
84892
84892
84892
84892
84892
84892
84892
84892
84892
84892
84892
84892
84892
84892
84892
84892
84892
84892
84892
84892
84892
84892
84892
84892
84892
84892
84892
84892
84892
84892
84892
84892
84892
84892
84892
84892
84892
84892
84892
84892
84892
84892
84892
84892
84892
84892
84892
84892
84892
84892
84892
84892
84892
84892
84892
84892
84892
84892
84892
84892
84892
84892
84892
84892
84892
84892
84892
84892
84892
84892
84892
84892
84892
84892
84892
84892
84892
84892
84892
84892
84892
84892
84892
84892
84892
84892
84892
84892
84892
84892
84892
84892
84892
84892
84892
84892
84892
84892
84892
84892
84892
84892
84892
84892
84892
84892
84892
84892
84893
84916
84953
84990
85028
85063
85097
85133
85167
85202
85237
85272
85308
85353
85398
85448
85502
85552
85606
85661
85716
85770
85824
85879
85933
85984
86040
86094
86149
86203
86254
86309
86366
86422
86475
86530
86579
86635
86690
86744
86800
86855
86909
86963
87017
87071
87120
87175
87230
87285
87341
87393
87450
87505
87558
87612
87666
87719
87776
87832
87887
87940
87993
88049
88103
88156
88209
88266
88321
88378
88432
88485
88538
88591
88645
88701
88755
88808
88863
88917
88971
89026
89080
89135
89191
89244
89297
89352
89405
89461
89515
89569
89621
89676
89731
89785
89836
89888
89943
89997
90052
90107
90163
90217
90271
90326
90379
90435
90490
90547
90599
90657
90706
90762
90815
90871
90926
90980
91036
91087
91143
91194
91249
91305
91358
91412
91466
91520
91574
91631
91683
91737
91793
91847
91899
91956
92010
92063
92118
92174
92228
92281
92334
92388
92444
92497
92550
92603
92656
92711
92765
92818
92872
92926
92982
93034
93086
93140
93194
93247
93303
93356
93410
93462
93519
93573
93628
93683
93736
93786
93835
93878
93918
93955
93989
94019
94047
94072
94095
94121
94142
94161
94178
94193
94206
94218
94228
94236
94242
94247
94250
94252
94252
94252
94252
94252
94252
94252
94252
94252
94252
94252
94252
94252
94252
94252
94252
94252
94252
94252
94252
94252
94252
94252
94252
94252
94252
94252
94252
94252
94252
94252
94252
94252
94252
94252
94252
94252
94252
94252
94252
94252
94252
94252
94252
94252
94252
94252
94252
94252
94252
94252
94252
94252
94252
94252
94252
94252
94252
94252
94252
94252
94252
94252
94252
94252
94252
94252
94252
94252
94252
94252
94252
94252
94252
94252
94252
94252
94252
94252
94252
94252
94252
94252
94253
94253
94253
94253
94253
94253
94253
94253
94253
94253
94253
94253
94253
94253
94253
94253
94253
94253
94253
94253
94253
94253
94253
94253
94253
94253
94253
94253
94253
94253
94253
94253
94253
94253
94253
94253
94253
94253
94253
94253
94253
94253
94253
94253
94253
94253
94253
94253
94253
94253
94253
94253
94253
94253
94253
94253
94253
94253
94253
94253
94253
94253
94253
94253
94253
94253
94253
94253
94253
94253
94253
94253
94253
94253
94253
94253
94253
94253
94253
94253
94253
94253
94253
94253
94253
94253
94253
94253
94253
94253
94253
94253
94253
94253
94253
94253
94253
94253
94253
94253
94253
94253
94253
94253
94253
94253
94253
94253
94253
94253
94253
94253
94253
94253
94253
94253
94253
94253
94253
94253
94253
94253
94253
94253
94253
94253
94253
94253
94253
94253
94253
94253
94253
94253
94253
94253
94253
94253
94253
94253
94253
94253
94253
94253
94253
94253
94253
94253
94253
94253
94253
94253
94253
94253
94253
94253
94253
94253
94253
94253
94253
94253
94253
94253
94253
94253
94253
94253
94253
94253
94253
94253
94253
94253
94253
94253
94253
94253
94253
94253
94253
94253
94253
94253
94253
94253
94253
94253
94253
94253
94253
94253
94253
94253
94253
94253
94253
94253
94253
94253
94253
94253
94253
94253
94253
94253
94253
94253
94253
94253
94253
94253
94253
94253
94253
94253
94253
94253
94253
94253
94253
94253
94253
94253
94253
94253
94253
94253
94253
94253
94253
94253
94253
94253
94253
94253
94253
94253
94253
94253
94253
94253
94253
94253
94253
94253
94253
94253
94253
94253
94253
94253
94253
94253
94253
94253
94253
94253
94253
94253
94253
94253
94253
94253
94253
94253
94253
94253
94253
94253
94253
94253
94253
94253
94253
94253
94253
94253
94253
94253
94253
94253
94253
94253
94253
94253
94258
94289
94321
94353
94388
94419
94454
94485
94520
94550
94585
94620
94656
94700
94745
94795
94847
94902
94953
95007
95062
95116
95173
95229
95277
95334
95390
95445
95499
95554
95607
95657
95713
95768
95825
95878
95935
95987
96040
96096
96145
96201
96255
96309
96365
96419
96475
96529
96583
96638
96693
96747
96800
96856
96908
96963
97020
97074
97126
97180
97235
97287
97341
97394
97448
97501
97554
97607
97661
97715
97771
97827
97881
97935
97988
98042
98095
98151
98206
98259
98315
98368
98423
98477
98531
98585
98639
98694
98749
98805
98857
98911
98967
99021
99075
99131
99186
99240
99295
99349
99403
99458
99512
99567
99622
99675
99732
99784
99838
99896
99947
100000
100051
100106
100161
100216
100270
100327
100379
100436
100488
100543
100596
100650
100706
100759
100814
100870
100920
100977
101031
101084
101138
101191
101246
101302
101358
101407
101465
101518
101575
101627
101682
101737
101788
101842
101900
101951
102004
102059
102115
102172
102224
102277
102334
102388
102447
102500
102552
102609
102664
102720
102772
102823
102879
102932
102977
103015
103053
103081
103109
103132
103151
103171
103187
103203
103214
103223
103230
103234
103236
103238
103240
103242
103244
103246
103248
103250
103252
103254
103256
103258
103260
103262
103263
103263
103263
103263
103263
103263
103263
103263
103263
103263
103263
103263
103263
103263
103263
103263
103263
103263
103263
103263
103263
103263
103263
103263
103263
103263
103263
103263
103263
103263
103263
103263
103263
103263
103263
103263
103263
103263
103263
103263
103263
103263
103263
103263
103263
103263
103263
103263
103263
103263
103263
103263
103263
103263
103263
103263
103263
103263
103263
103263
103263
103263
103263
103263
103263
103263
103263
103263
103263
103263
103263
103263
103263
103263
103263
103263
103263
103263
103263
103263
103263
103263
103263
103263
103263
103263
103263
103263
103263
103263
103263
103263
103263
103263
103263
103263
103263
103263
103263
103263
103263
103263
103263
103263
103263
103263
103263
103263
103263
103263
103263
103263
103263
103263
103263
103263
103263
103263
103263
103263
103263
103263
103263
103263
103263
103263
103263
103263
103263
103263
103263
103263
103263
103263
103263
103263
103263
103263
103263
103263
103263
103263
103263
103263
103263
103263
103263
103263
103263
103263
103263
103263
103263
103263
103263
103263
103263
103263
103263
103263
103263
103263
103263
103263
103263
103263
103263
103263
103263
103263
103263
103263
103263
103263
103263
103263
103263
103263
103263
103263
103263
103263
103263
103263
103263
103263
103263
103263
103263
103263
103263
103263
103263
103263
103263
103263
103263
103263
103263
103263
103263
103263
103263
103263
103263
103263
103263
103263
103263
103263
103263
103263
103263
103263
103263
103263
103263
103263
103263
103263
103263
103263
103263
103263
103263
103263
103263
103263
103263
103263
103263
103263
103263
103263
103263
103263
103263
103263
103263
103263
103263
103263
103263
103263
103263
103263
103263
103263
103263
103263
103263
103263
103263
103263
103263
103263
103263
103263
103263
103263
103263
103263
103263
103263
103263
103263
103263
103263
103263
103263
103263
103263
103263
103263
103263
103263
103263
103263
103263
103263
103263
103263
103263
103263
103263
103263
103263
103263
103263
103263
103263
103263
103263
103263
103263
103263
103263
103263
103263
103263
103263
103263
103263
103263
103263
103263
103263
103263
103263
103263
103263
103263
103263
103263
103263
103263
103263
103263
103263
103263
103263
103263
103263
103263
103263
103263
103263
103263
103263
103263
103263
103263
103263
103263
103263
103263
103263
103263
103263
103263
103263
103263
103263
103263
103263
103263
103263
103263
103263
103263
103263
103263
103263
103263
103263
103263
103263
103263
103263
103263
103263
103263
103263
103263
103263
103263
103263
103263
103263
103263
103263
103263
103263
103263
103263
103263
103263
103263
103263
103263
103263
103263
103263
103263
103263
103263
103263
103263
103263
103263
103263
103263
103263
103263
103263
103263
103263
103280
103310
103340
103370
103402
103433
103464
103497
103527
103560
103592
103629
103666
103710
103759
103807
103858
103914
103970
104022
104072
104128
104185
104240
104295
104349
104401
104454
104508
104564
104619
104675
104728
104784
104840
104892
104949
104999
105051
105107
105162
105218
105273
105325
105383
105437
105490
105547
105599
105653
105709
105763
105816
105872
105926
105980
106034
106086
106142
106195
106249
106302
106356
106410
106463
106517
106570
106624
106677
106731
106785
106839
106895
106950
107003
107058
107112
107168
107223
107276
107330
107384
107438
107492
107546
107600
107654
107707
107763
107817
107872
107924
107979
108034
108090
108143
108197
108252
108306
108361
108417
108471
108526
108579
108634
108690
108744
108800
108854
108909
108964
109016
109073
109125
109178
109230
109286
109341
109397
109450
109507
109560
109615
109666
109722
109772
109830
109885
109938
109995
110048
110106
110158
110212
110268
110324
110376
110431
110486
110541
110595
110649
110702
110759
110811
110865
110921
110975
111030
111081
111139
111192
111246
111299
111356
111409
111464
111516
111572
111628
111681
111734
111788
111831
111870
111903
111928
111952
111971
111987
112000
112011
112022
112028
112031
112033
112035
112037
112039
112041
112043
112045
112047
112049
112051
112053
112055
112057
112059
112060
112060
112060
112060
112060
112060
112060
112060
112060
112060
112060
112060
112060
112060
112060
112060
112060
112060
112060
112060
112060
112060
112060
112060
112060
112060
112060
112060
112060
112060
112060
112060
112060
112060
112060
112060
112060
112060
112060
112060
112060
112060
112060
112060
112060
112060
112060
112060
112060
112060
112060
112060
112060
112060
112060
112060
112060
112060
112060
112060
112060
112060
112060
112060
112060
112060
112060
112060
112060
112060
112060
112060
112060
112060
112060
112060
112060
112060
112060
112060
112060
112060
112060
112060
112060
112060
112060
112060
112060
112060
112060
112060
112060
112060
112060
112060
112060
112060
112060
112060
112060
112060
112060
112060
112060
112060
112060
112060
112060
112060
112060
112060
112060
112060
112060
112060
112060
112060
112060
112060
112060
112060
112060
112060
112060
112060
112060
112060
112060
112060
112060
112060
112060
112060
112060
112060
112060
112060
112060
112060
112060
112060
112060
112060
112060
112060
112060
112060
112060
112060
112060
112060
112060
112060
112060
112060
112060
112060
112060
112060
112060
112060
112060
112060
112060
112060
112060
112060
112060
112060
112060
112060
112060
112060
112060
112060
112060
112060
112060
112060
112060
112060
112060
112060
112060
112060
112060
112060
112060
112060
112060
112060
112060
112060
112060
112060
112060
112060
112060
112060
112060
112060
112060
112060
112060
112060
112060
112060
112060
112060
112060
112060
112060
112060
112060
112060
112060
112060
112060
112060
112060
112060
112060
112060
112060
112060
112060
112060
112060
112060
112060
112060
112060
112060
112060
112060
112060
112060
112060
112060
112060
112060
112060
112060
112060
112060
112060
112060
112060
112060
112060
112060
112060
112060
112060
112060
112060
112060
112060
112060
112060
112060
112060
112060
112060
112060
112060
112060
112060
112060
112060
112060
112060
112060
112060
112060
112060
112060
112060
112060
112060
112060
112060
112060
112060
112060
112060
112060
112060
112060
112060
112060
112060
112060
112060
112060
112060
112060
112060
112060
112060
112060
112060
112060
112060
112060
112060
112060
112060
112060
112060
112060
112060
112060
112060
112060
112060
112060
112060
112060
112060
112060
112060
112060
112060
112060
112060
112060
112060
112060
112060
112060
112060
112060
112060
112060
112060
112060
112060
112060
112060
112060
112060
112060
112060
112060
112060
112060
112060
112060
112060
112060
112060
112060
112060
112060
112060
112060
112060
112060
112060
112060
112060
112060
112060
112060
112060
112060
112060
112060
112060
112060
112060
112060
112060
112060
112060
112060
112060
112060
112060
112060
112060
112060
112060
112060
112060
112060
112060
112060
112060
112060
112060
112060
112060
112060
112060
112060
112060
112060
112060
112060
112060
112060
112060
112060
112060
112060
112060
112060
112060
112060
112060
112060
112060
112060
112060
112060
112060
112060
112060
112060
112060
112060
112060
112060
112060
112060
112060
112060
112060
112060
112060
112060
112060
112060
112066
112077
112111
112156
112202
112248
112296
112345
112392
112453
112496
112541
112591
112628
112663
112700
112735
112769
112802
112834
112865
112895
112924
112952
112980
113006
113032
113058
113083
113107
113131
113154
113176
113198
113220
113242
113262
113282
113302
113322
113342
113360
113378
113396
113414
113432
113450
113468
113486
113504
113522
113540
113558
113576
113594
113612
113630
113648
113666
113684
113702
113720
113739
113759
113779
113799
113819
113839
113860
113882
113904
113926
113950
113974
113998
114023
114049
114075
114103
114131
114161
114191
114221
114253
114285
114318
114352
114387
114423
114460
114498
114538
114578
114620
114663
114707
114752
114798
114845
114894
114944
114995
115023
115049
115071
115101
115135
115181
115231
115285
115339
115394
115447
115504
115558
115615
115665
115721
115773
115827
115882
115936
115990
116047
116101
116154
116208
116261
116319
116372
116425
116480
116533
116588
116643
116699
116748
116805
116860
116913
116969
117023
117078
117132
117186
117239
117293
117348
117403
117457
117510
117566
117618
117657
117687
117714
117736
117754
117768
117778
117785
117792
117794
117796
117798
117800
117802
117804
117806
117808
117810
117812
117814
117816
117818
117820
117822
117824
117824
117824
117824
117824
117824
117824
117824
117824
117824
117824
117824
117824
117824
117824
117824
117824
117824
117824
117824
117824
117824
117824
117824
117824
117824
117824
117824
117824
117824
117824
117824
117824
117824
117824
117824
117824
117824
117824
117824
117824
117824
117824
117824
117824
117824
117824
117824
117824
117824
117824
117824
117824
117824
117824
117824
117824
117824
117824
117824
117824
117824
117824
117824
117824
117824
117824
117824
117824
117824
117824
117824
117824
117824
117824
117824
117824
117824
117824
117824
117824
117824
117824
117824
117824
117824
117824
117824
117824
117824
117824
117824
117824
117824
117824
117824
117824
117824
117824
117824
117824
117824
117824
117824
117824
117824
117824
117824
117824
117824
117824
117824
117824
117824
117824
117824
117824
117824
117824
117824
117824
117824
117824
117824
117824
117824
117824
117824
117824
117824
117824
117824
117824
117824
117824
117824
117824
117824
117824
117824
117824
117824
117824
117824
117824
117824
117824
117824
117824
117824
117824
117824
117824
117824
117824
117824
117824
117824
117824
117824
117824
117824
117824
117824
117824
117824
117824
117824
117824
117824
117824
117824
117824
117824
117824
117824
117824
117824
117824
117824
117824
117824
117824
117824
117824
117824
117824
117824
117824
117824
117824
117824
117824
117824
117824
117824
117824
117824
117824
117824
117824
117824
117824
117824
117824
117824
117824
117824
117824
117824
117824
117824
117824
117824
117824
117824
117824
117824
117824
117824
117824
117824
117824
117824
117824
117824
117824
117824
117824
117824
117824
117824
117824
117824
117824
117824
117824
117824
117824
117824
117824
117824
117824
117824
117824
117824
117824
117824
117824
117824
117824
117824
117824
117824
117824
117824
117824
117824
117824
117824
117824
117824
117824
117824
117824
117824
117824
117824
117824
117824
117824
117824
117824
117824
117824
117824
117824
117824
117824
117824
117824
117824
117824
117824
117824
117824
117824
117824
117824
117824
117824
117824
117824
117824
117824
117824
117824
117824
117824
117824
117824
117824
117824
117824
117824
117824
117824
117824
117824
117824
117824
117824
117824
117824
117824
117824
117824
117824
117824
117824
117824
117824
117824
117824
117824
117824
117824
117824
117824
117824
117824
117824
117824
117824
117824
117824
117824
117824
117824
117824
117824
117824
117824
117824
117824
117824
117824
117824
117824
117824
117824
117824
117824
117824
117824
117824
117824
117824
117824
117824
117824
117824
117824
117824
117824
117824
117824
117824
117824
117824
117824
117824
117824
117824
117824
117824
117824
117824
117824
117824
117824
117824
117824
117824
117824
117824
117824
117824
117824
117824
117824
117824
117824
117824
117824
117824
117824
117824
117824
117824
117824
117824
117824
117824
117824
117824
117824
117824
117824
117824
117824
117824
117824
117824
117824
117824
117824
117824
117824
117824
117824
117824
117824
117824
117824
117824
117824
117824
117824
117824
117824
117824
117824
117824
117824
117824
117824
117824
117824
117824
117824
117824
117824
117824
117824
117824
117824
117824
117824
117824
117824
117824
117824
117824
117824
117824
117824
117824
117824
117824
117824
117824
117824
117824
117824
117824
117824
117824
117824
117824
117824
117824
117824
117824
117824
117824
117824
117824
117824
117824
117824
117824
117824
117824
117824
117824
117824
117824
117824
117824
117824
117824
117824
117824
117824
117824
117824
117824
117824
117824
117824
117824
117824
117824
117824
117824
117824
117824
117824
117824
117824
117824
117824
117824
117824
117824
117824
117824
117824
117824
117824
117824
117824
117824
117824
117824
117824
117824
117824
117824
117824
117824
117824
117824
117824
117824
117824
117824
117824
117824
117824
117824
117824
117824
117828
117833
117837
117841
117845
117849
117853
117859
117867
117877
117888
117901
117917
117934
117953
117974
117997
118021
118047
118076
118106
118138
118172
118208
118247
118287
118329
118373
118419
118457
118483
118501
118519
118537
118557
118592
118628
118665
118711
118766
118816
118873
118928
118979
119035
119090
119143
119196
119242
119279
119300
119322
119337
119348
119355
119359
119363
119365
119367
119369
119371
119373
119375
119377
119379
119381
119383
119385
119387
119389
119391
119393
119394
119394
119394
119394
119394
119394
119394
119394
119394
119394
119394
119394
119394
119394
119394
119394
119394
119394
119394
119394
119394
119394
119394
119394
119394
119394
119394
119394
119394
119394
119394
119394
119394
119394
119394
119394
119394
119394
119394
119394
119394
119394
119394
119394
119394
119394
119394
119394
119394
119394
119394
119394
119394
119394
119394
119394
119394
119394
119394
119394
119394
119394
119394
119394
119394
119394
119394
119394
119394
119394
119394
119394
119394
119394
119394
119394
119394
119394
119394
119394
119394
119394
119394
119394
119394
119394
119394
119394
119394
119394
119394
119394
119394
119394
119394
119394
119394
119394
119394
119394
119394
119394
119394
119394
119394
119394
119394
119394
119394
119394
119394
119394
119394
119394
119394
119394
119394
119394
119394
119394
119394
119394
119394
119394
119394
119394
119394
119394
119394
119394
119394
119394
119394
119394
119394
119394
119394
119394
119394
119394
119394
119394
119394
119394
119394
119394
119394
119394
119394
119394
119394
119394
119394
119394
119394
119394
119394
119394
119394
119394
119394
119394
119394
119394
119394
119394
119394
119394
119394
119394
119394
119394
119394
119394
119394
119394
119394
119394
119394
119394
119394
119394
119394
119394
119394
119394
119394
119394
119394
119394
119394
119394
119394
119394
119394
119394
119394
119394
119394
119394
119394
119394
119394
119394
119394
119394
119394
119394
119394
119394
119394
119394
119394
119394
119394
119394
119394
119394
119394
119394
119394
119394
119394
119394
119394
119394
119394
119394
119394
119394
119394
119394
119394
119394
119394
119394
119394
119394
119394
119394
119394
119394
119394
119394
119394
119394
119394
119394
119394
119394
119394
119394
119394
119394
119394
119394
119394
119394
119394
119394
119394
119394
119394
119394
119394
119394
119394
119394
119394
119394
119394
119394
119394
119394
119394
119394
119394
119394
119394
119394
119394
119394
119394
119394
119394
119394
119394
119394
119394
119394
119394
119394
119394
119394
119394
119394
119394
119394
119394
119394
119394
119394
119394
119394
119394
119394
119394
119394
119394
119394
119394
119394
119394
119394
119394
119394
119394
119394
119394
119394
119394
119394
119394
119394
119394
119394
119394
119394
119394
119394
119394
119394
119394
119394
119394
119394
119394
119394
119394
119394
119394
119394
119394
119394
119394
119394
119394
119394
119394
119394
119394
119394
119394
119394
119394
119394
119394
119394
119394
119394
119394
119394
119394
119394
119394
119394
119394
119394
119394
119394
119394
119394
119394
119394
119394
119394
119394
119394
119394
119394
119394
119394
119394
119394
119394
119394
119394
119394
119394
119394
119394
119394
119394
119394
119394
119394
119394
119394
119394
119394
119394
119394
119394
119394
119394
119394
119394
119394
119394
119394
119394
119394
119394
119394
119394
119394
119394
119394
119394
119394
119394
119394
119394
119394
119394
119394
119394
119394
119394
119394
119394
119394
119394
119394
119394
119394
119394
119394
119394
119394
119394
119394
119394
119394
119394
119394
119394
119394
119394
119394
119394
119394
119394
119394
119394
119394
119394
119394
119394
119394
119394
119394
119394
119394
119394
119394
119394
119394
119394
119394
119394
119394
119394
119394
119394
119394
119394
119394
119394
119394
119394
119394
119394
119394
119394
119394
119394
119394
119394
119394
119394
119394
119394
119394
119394
119394
119394
119394
119394
119394
119394
119394
119394
119394
119394
119394
119394
119394
119394
119394
119394
119394
119394
119394
119394
119394
119394
119394
119394
119394
119394
119394
119394
119394
119394
119394
119394
119394
119394
119394
119394
119394
119394
119394
119394
119394
119394
119394
119394
119394
119394
119394
119394
119394
119394
119394
119394
119394
119394
119394
119394
119394
119394
119394
119394
119394
119394
119394
119394
119394
119394
119394
119394
119394
119394
119394
119394
119394
119394
119394
119394
119394
119394
119394
119394
119394
119394
119394
119394
119394
119394
119394
119394
119394
119394
119394
119394
119394
119394
119394
119397
119401
119405
119408
119408
119408
119408
119408
119408
119408
119408
119408
119408
119408
119408
119408
119408
119408
119408
119408
119408
119408
119408
119408
119408
119408
119408
119408
119408
119408
119408
119408
119408
119408
119408
119408
119408
119408
119408
119408
119408
119408
119408
119408
119408
119408
119408
119408
119408
119408
119408
119408
119408
119408
119408
119408
119408
119408
119408
119408
119408
119408
119408
119408
119408
119408
119408
119408
119408
119408
119408
119408
119408
119408
119408
119408
119408
119408
119408
119408
119408
119408
119408
119408
119408
119408
119408
119408
119408
119408
119408
119408
119408
119408
119408
119408
119408
119408
119408
119408
119408
119408
119408
119408
119408
119408
119408
119408
119408
119408
119408
119408
119408
119408
119408
119408
119408
119408
119408
119408
119408
119408
119408
119408
119408
119408
119408
119408
119408
119408
119408
119408
119408
119408
119408
119408
119408
119408
119408
119408
119408
119408
119408
119408
119408
119408
119408
119408
119408
119408
119408
119408
119408
119408
119408
119408
119408
119408
119408
119408
119408
119408
119408
119408
119408
119408
119408
119408
119408
119408
119408
119408
119408
119408
119408
119408
119408
119408
119408
119408
119408
119408
119408
119408
119408
119408
119408
119408
119408
119408
119408
119408
119408
119408
119408
119408
119408
119408
119408
119408
119408
119408
119408
119408
119408
119408
119408
119408
119408
119408
119408
119408
119408
119408
119408
119408
119408
119408
119408
119408
119408
119408
119408
119408
119408
119408
119408
119408
119408
119408
119408
119408
119408
119408
119408
119408
119408
119408
119408
119408
119408
119408
119408
119408
119408
119408
119408
119408
119408
119408
119408
119408
119408
119408
119408
119408
119408
119408
119408
119408
119408
119408
119408
119408
119408
119408
119408
119408
119408
119408
119408
119408
119408
119408
119408
119408
119408
119408
119408
119408
119408
119408
119408
