Time needed: 578.53 s
Distance travelled: 1157.00 m
Total rotation: 4856.9°
Objects found after: 28.37 s, 116.80 s, 160.27 s

+++ following progress ticks +++
456
493
534
559
592
618
635
663
688
718
742
767
791
813
841
864
891
916
938
963
990
1014
1038
1068
1090
1114
1147
1171
1196
1220
1247
1269
1294
1321
1345
1368
1396
1419
1445
1464
1491
1515
1538
1562
1593
1613
1643
1664
1690
1713
1738
1763
1788
1812
1836
1862
1887
1911
1934
1959
1982
2007
2029
2050
2074
2098
2124
2145
2166
2186
2206
2221
2237
2245
2250
2254
2256
2256
2256
2256
2256
2256
2256
2256
2256
2256
2256
2256
2256
2256
2256
2256
2256
2256
2258
2261
2263
2268
2273
2278
2284
2290
2297
2303
2312
2321
2332
2342
2354
2365
2378
2391
2401
2412
2426
2437
2450
2462
2480
2491
2506
2523
2537
2551
2569
2587
2603
2620
2639
2655
2671
2692
2710
2727
2746
2766
2784
2805
2826
2845
2866
2887
2911
2932
2955
2977
3001
3024
3044
3071
3095
3122
3147
3172
3198
3225
3251
3278
3306
3335
3361
3381
3409
3437
3466
3496
3524
3555
3585
3616
3648
3681
3710
3744
3777
3809
3842
3878
3908
3943
3980
4015
4049
4084
4116
4153
4188
4224
4261
4298
4336
4374
4411
4451
4491
4525
4565
4604
4647
4685
4722
4764
4802
4841
4879
4923
4962
4999
5046
5082
5127
5164
5210
5254
5296
5334
5378
5421
5463
5507
5549
5590
5637
5674
5719
5762
5806
5849
5892
5934
5980
6024
6064
6112
6152
6198
6244
6287
6334
6379
6423
6467
6513
6555
6598
6648
6691
6738
6782
6832
6873
6921
6966
7010
7059
7107
7155
7200
7247
7289
7337
7385
7434
7479
7528
7579
7629
7676
7725
7771
7818
7867
7914
7962
8012
8059
8110
8156
8205
8250
8298
8347
8393
8438
8491
8540
8587
8633
8682
8732
8779
8828
8876
8924
8973
9019
9070
9121
9168
9213
9265
9316
9363
9412
9461
9511
9559
9608
9658
9705
9754
9804
9853
9902
9950
9999
10050
10100
10149
10197
10248
10295
10345
10394
10443
10492
10541
10591
10641
10688
10739
10789
10836
10889
10937
10985
11038
11087
11131
11185
11234
11284
11335
11380
11434
11484
11529
11581
11633
11682
11735
11783
11829
11877
11928
11979
12030
12078
12128
12180
12230
12280
12331
12382
12433
12485
12536
12584
12637
12687
12735
12786
12836
12888
12937
12989
13036
13089
13139
13188
13237
13288
13339
13387
13437
13491
13541
13591
13641
13692
13739
13795
13842
13896
13942
13996
14048
14094
14148
14198
14264
14318
14368
14418
14466
14513
14565
14618
14668
14721
14771
14822
14874
14927
14977
15027
15077
15127
15178
15230
15280
15332
15381
15430
15484
15534
15583
15637
15685
15740
15788
15841
15894
15944
15997
16048
16097
16149
16202
16253
16301
16354
16404
16458
16507
16556
16609
16661
16712
16764
16814
16866
16917
16967
17021
17073
17119
17172
17225
17275
17325
17378
17431
17484
17535
17586
17638
17689
17740
17793
17842
17893
17944
17996
18047
18098
18150
18202
18255
18305
18358
18410
18459
18511
18563
18614
18666
18720
18768
18822
18869
18922
18974
19026
19077
19129
19181
19233
19283
19333
19385
19437
19489
19540
19592
19643
19696
19746
19802
19850
19903
19954
20009
20058
20111
20160
20215
20267
20315
20371
20422
20471
20525
20576
20631
20684
20733
20782
20834
20887
20937
20990
21043
21095
21146
21200
21250
21302
21355
21409
21459
21511
21563
21615
21669
21722
21772
21824
21875
21927
21980
22030
22084
22136
22188
22242
22295
22345
22397
22449
22501
22553
22605
22659
22711
22760
22814
22867
22921
22971
23021
23074
23126
23179
23229
23279
23333
23383
23437
23486
23544
23590
23646
23698
23748
23803
23852
23905
23959
24013
24061
24114
24167
24219
24272
24323
24378
24427
24480
24532
24585
24637
24691
24744
24796
24848
24900
24954
25007
25059
25112
25165
25216
25269
25320
25373
25425
25479
25531
25582
25636
25689
25739
25794
25844
25894
25950
26000
26052
26105
26156
26209
26262
26313
26368
26419
26471
26523
26576
26629
26678
26731
26786
26837
26892
26943
26994
27047
27101
27152
27206
27256
27309
27361
27415
27464
27519
27571
27624
27677
27727
27780
27833
27888
27938
27987
28041
28095
28148
28202
28252
28304
28355
28409
28464
28518
28573
28625
28678
28729
28783
28836
28889
28941
28993
29047
29100
29153
29205
29258
29310
29362
29413
29470
29522
29574
29628
29681
29733
29788
29840
29892
29946
29999
30053
30105
30157
30211
30265
30317
30372
30423
30475
30527
30576
30630
30682
30737
30790
30842
30896
30946
30997
31052
31105
31158
31209
31257
31311
31363
31419
31467
31522
31576
31627
31681
31732
31784
31840
31893
31941
31997
32050
32104
32152
32206
32260
32314
32367
32419
32472
32521
32570
32625
32680
32732
32784
32838
32889
32944
32996
33048
33101
33155
33207
33260
33313
33365
33417
33471
33525
33578
33630
33684
33736
33792
33845
33895
33951
34002
34055
34108
34158
34214
34265
34321
34373
34426
34479
34529
34585
34636
34688
34742
34797
34849
34897
34953
35007
35060
35112
35166
35218
35271
35324
35375
35427
35482
35536
35590
35640
35692
35744
35799
35849
35907
35958
36005
36054
36096
36142
36189
36228
36269
36311
36354
36393
36434
36473
36511
36549
36586
36622
36658
36694
36730
36766
36802
36838
36874
36910
36946
36983
37021
37059
37097
37136
37176
37216
37258
37301
37345
37390
37436
37484
37533
37584
37612
37632
37654
37676
37700
37736
37772
37814
37863
37915
37967
38021
38071
38123
38176
38228
38281
38334
38385
38440
38494
38544
38598
38651
38705
38758
38814
38866
38917
38973
39027
39082
39133
39182
39237
39290
39344
39398
39448
39502
39555
39609
39662
39718
39767
39821
39873
39928
39978
40033
40087
40137
40189
40239
40283
40334
40379
40422
40462
40506
40549
40591
40634
40674
40714
40754
40793
40831
40869
40907
40945
40983
41021
41059
41097
41135
41174
41214
41254
41294
41334
41376
41418
41461
41505
41551
41597
41645
41693
41743
41794
41819
41842
41865
41888
41922
41955
41996
42045
42096
42147
42201
42254
42309
42363
42417
42470
42525
42577
42634
42684
42741
42795
42847
42900
42956
43007
43062
43116
43168
43218
43270
43326
43376
43428
43481
43537
43593
43643
43697
43750
43803
43859
43914
43966
44016
44070
44124
44178
44230
44283
44335
44389
44445
44495
44552
44604
44656
44712
44766
44814
44872
44926
44978
45029
45082
45139
45192
45246
45298
45349
45403
45457
45511
45565
45621
45674
45728
45781
45833
45888
45938
45992
46042
46098
46153
46204
46256
46310
46365
46420
46473
46526
46580
46631
46685
46738
46791
46845
46897
46953
47001
47054
47110
47163
47215
47271
47323
47378
47433
47487
47539
47594
47645
47700
47750
47804
47856
47910
47964
48016
48070
48126
48175
48231
48288
48340
48391
48444
48501
48555
48607
48660
48717
48771
48822
48874
48927
48980
49035
49088
49142
49194
49249
49305
49359
49410
49464
49515
49571
49623
49679
49730
49783
49839
49888
49945
49999
50052
50104
50159
50213
50266
50317
50372
50428
50481
50535
50582
50639
50694
50747
50801
50856
50908
50962
51017
51069
51124
51176
51229
51282
51338
51392
51447
51501
51554
51609
51662
51717
51770
51823
51877
51930
51984
52037
52091
52145
52199
52252
52305
52360
52412
52468
52520
52573
52628
52682
52735
52789
52842
52899
52950
53003
53057
53110
53163
53219
53272
53326
53378
53433
53487
53540
53594
53650
53704
53755
53811
53867
53916
53972
54026
54082
54136
54188
54242
54291
54333
54372
54404
54434
54463
54489
54511
54534
54556
54575
54591
54606
54619
54630
54639
54645
54650
54653
54655
54657
54659
54661
54663
54665
54667
54668
54668
54668
54668
54668
54668
54668
54668
54668
54668
54668
54668
54668
54668
54668
54668
54668
54668
54668
54668
54668
54668
54668
54668
54668
54668
54668
54668
54668
54668
54668
54668
54668
54668
54668
54668
54668
54670
54676
54682
54688
54694
54700
54706
54712
54720
54731
54744
54760
54779
54800
54823
54850
54879
54912
54947
54977
54999
55018
55031
55039
55050
55066
55086
55115
55143
55182
55225
55274
55318
55365
55407
55457
55507
55560
55614
55666
55718
55772
55825
55872
55914
55951
55987
56018
56045
56072
56094
56119
56142
56162
56180
56196
56210
56222
56232
56240
56247
56252
56255
56257
56259
56261
56263
56264
56264
56264
56264
56264
56264
56264
56264
56264
56264
56264
56264
56264
56264
56264
56264
56264
56264
56264
56264
56264
56264
56264
56264
56264
56264
56264
56264
56264
56264
56264
56264
56264
56264
56264
56264
56264
56264
56264
56266
56272
56278
56284
56288
56292
56296
56302
56310
56320
56332
56346
56363
56382
56404
56428
56455
56484
56516
56551
56588
56611
56636
56650
56661
56673
56688
56708
56732
56761
56795
56839
56884
56930
56977
57020
57075
57127
57179
57234
57290
57345
57398
57450
57504
57561
57613
57666
57719
57769
57826
57881
57934
57987
58040
58092
58146
58199
58255
58307
58359
58412
58467
58521
58576
58628
58680
58736
58792
58840
58896
58952
59005
59055
59112
59167
59219
59269
59325
59379
59433
59489
59540
59592
59647
59703
59757
59811
59866
59919
59973
60026
60079
60130
60183
60237
60290
60344
60398
60451
60504
60558
60612
60664
60717
60773
60828
60881
60935
60988
61040
61094
61149
61202
61257
61310
61364
61418
61472
61525
61580
61633
61688
61742
61796
61848
61903
61957
62013
62065
62115
62174
62224
62278
62330
62385
62439
62492
62545
62600
62654
62705
62762
62815
62871
62924
62975
63033
63086
63140
63193
63249
63302
63356
63408
63462
63515
63566
63620
63673
63727
63780
63830
63885
63939
63995
64048
64102
64154
64209
64261
64316
64370
64423
64476
64533
64586
64640
64693
64746
64799
64854
64910
64962
65018
65069
65122
65179
65234
65283
65340
65396
65446
65499
65555
65612
65663
65715
65770
65824
65879
65935
65987
66039
66094
66149
66202
66257
66312
66363
66418
66469
66519
66575
66631
66685
66739
66793
66846
66900
66954
67006
67060
67113
67168
67221
67277
67330
67384
67437
67491
67546
67600
67654
67707
67761
67815
67868
67922
67976
68031
68084
68138
68191
68246
68299
68353
68408
68460
68514
68569
68621
68673
68729
68777
68834
68887
68943
68995
69051
69103
69157
69212
69264
69319
69371
69427
69480
69531
69588
69641
69693
69747
69804
69854
69895
69933
69963
69986
70008
70026
70039
70052
70064
70073
70078
70082
70084
70086
70088
70090
70092
70094
70096
70098
70100
70102
70104
70106
70108
70108
70108
70108
70108
70108
70108
70108
70108
70108
70108
70108
70108
70108
70108
70108
70108
70108
70108
70108
70108
70108
70108
70108
70108
70108
70108
70108
70108
70108
70108
70108
70108
70108
70108
70108
70108
70108
70108
70108
70108
70108
70108
70108
70108
70108
70108
70108
70108
70108
70108
70108
70108
70108
70108
70108
70108
70108
70108
70108
70108
70108
70108
70108
70108
70108
70108
70108
70108
70108
70108
70108
70108
70108
70108
70108
70108
70108
70108
70108
70108
70108
70108
70108
70108
70108
70108
70108
70108
70108
70108
70108
70108
70108
70108
70108
70108
70108
70108
70108
70108
70108
70108
70108
70108
70108
70108
70108
70108
70108
70108
70108
70108
70108
70108
70108
70108
70108
70108
70108
70108
70108
70108
70108
70108
70108
70108
70108
70108
70108
70108
70108
70108
70108
70108
70108
70108
70108
70108
70108
70108
70108
70108
70108
70108
70108
70108
70108
70108
70108
70108
70108
70108
70108
70108
70108
70108
70108
70108
70108
70108
70108
70108
70108
70108
70108
70108
70108
70108
70108
70108
70108
70108
70108
70108
70108
70108
70108
70108
70108
70110
70113
70117
70122
70128
70136
70144
70154
70168
70184
70198
70206
70214
70216
70216
70218
70226
70238
70261
70287
70319
70359
70410
70458
70502
70546
70583
70626
70671
70714
70761
70813
70866
70920
70974
71028
71079
71132
71187
71242
71296
71352
71403
71461
71514
71568
71625
71674
71730
71784
71836
71894
71945
71999
72054
72111
72159
72215
72272
72323
72375
72430
72487
72540
72595
72643
72701
72756
72811
72864
72918
72970
73021
73077
73130
73187
73241
73297
73350
73402
73459
73512
73564
73618
73668
73721
73775
73833
73888
73943
73999
74055
74110
74166
74219
74272
74326
74379
74433
74489
74543
74596
74649
74704
74758
74811
74865
74919
74973
75027
75081
75137
75190
75243
75299
75352
75407
75461
75515
75568
75623
75679
75733
75788
75840
75894
75950
76001
76059
76107
76164
76217
76272
76326
76382
76437
76490
76544
76599
76655
76709
76761
76816
76870
76923
76978
77030
77082
77138
77193
77246
77300
77355
77408
77461
77514
77570
77626
77681
77734
77789
77842
77899
77954
78007
78060
78116
78170
78224
78279
78330
78386
78439
78494
78549
78604
78655
78711
78765
78820
78874
78928
78980
79037
79092
79145
79201
79251
79307
79361
79414
79469
79523
79574
79628
79680
79726
79770
79814
79858
79897
79933
79972
80010
80045
80080
80113
80145
80175
80205
80233
80261
80288
80314
80340
80364
80388
80412
80435
80457
80479
80501
80522
80542
80562
80582
80602
80622
80642
80662
80682
80702
80722
80742
80762
80782
80802
80823
80845
80867
80889
80911
80935
80959
80983
81009
81035
81062
81090
81118
81148
81179
81211
81244
81278
81314
81350
81388
81428
81468
81510
81553
81598
81644
81691
81740
81784
81810
81831
81847
81872
81898
81937
81978
82024
82076
82131
82184
82240
82291
82348
82401
82454
82510
82562
82617
82666
82706
82740
82763
82780
82795
82804
82811
82817
82820
82822
82824
82826
82828
82830
82832
82834
82836
82838
82840
82842
82844
82846
82848
82848
82848
82848
82848
82848
82848
82848
82848
82848
82848
82848
82848
82848
82848
82848
82848
82848
82848
82848
82848
82848
82848
82848
82848
82848
82848
82848
82848
82848
82848
82848
82848
82848
82848
82848
82848
82848
82848
82848
82848
82848
82848
82848
82848
82848
82848
82848
82848
82848
82848
82848
82848
82848
82848
82848
82848
82848
82848
82848
82848
82848
82848
82848
82848
82848
82848
82848
82848
82848
82848
82848
82848
82848
82848
82848
82848
82848
82848
82848
82848
82848
82848
82848
82848
82848
82848
82848
82848
82848
82848
82848
82848
82848
82848
82848
82848
82848
82848
82848
82848
82848
82848
82848
82848
82848
82848
82848
82848
82848
82848
82848
82848
82848
82848
82848
82848
82848
82848
82848
82848
82848
82848
82848
82848
82848
82848
82848
82848
82848
82848
82848
82848
82848
82848
82848
82848
82848
82848
82848
82848
82848
82848
82848
82848
82848
82848
82848
82848
82848
82848
82848
82848
82848
82848
82848
82848
82848
82848
82848
82848
82848
82848
82848
82848
82848
82848
82848
82848
82848
82848
82848
82848
82848
82848
82848
82848
82848
82848
82848
82848
82848
82848
82848
82848
82848
82848
82848
82848
82848
82848
82848
82848
82848
82848
82848
82848
82848
82848
82848
82848
82848
82848
82848
82848
82848
82848
82848
82848
82848
82848
82848
82848
82848
82848
82848
82848
82848
82849
82849
82849
82849
82849
82849
82849
82849
82849
82849
82849
82849
82853
82867
82906
82953
82999
83042
83084
83124
83165
83203
83238
83276
83312
83356
83401
83455
83506
83556
83613
83667
83720
83774
83826
83881
83937
83989
84046
84098
84150
84207
84264
84314
84367
84424
84480
84531
84585
84641
84695
84750
84800
84855
84912
84968
85021
85075
85124
85182
85235
85291
85344
85400
85452
85503
85557
85612
85668
85723
85775
85832
85885
85941
85995
86048
86104
86156
86208
86265
86320
86372
86425
86478
86531
86585
86638
86692
86746
86802
86857
86913
86966
87020
87073
87126
87181
87236
87290
87344
87398
87452
87506
87561
87616
87670
87724
87780
87834
87887
87944
87998
88053
88106
88161
88215
88269
88324
88378
88433
88486
88540
88595
88649
88705
88758
88812
88867
88919
88972
89027
89081
89137
89190
89247
89299
89356
89405
89461
89515
89569
89624
89678
89730
89787
89841
89895
89950
90002
90057
90113
90167
90219
90274
90329
90385
90437
90489
90546
90601
90654
90705
90761
90816
90871
90924
90977
91035
91089
91144
91200
91251
91305
91359
91416
91471
91525
91577
91632
91691
91745
91795
91838
91882
91922
91956
91987
92018
92042
92069
92091
92114
92136
92156
92172
92186
92198
92208
92217
92223
92228
92232
92234
92235
92235
92235
92235
92235
92235
92235
92235
92235
92235
92235
92235
92235
92235
92235
92235
92235
92235
92235
92235
92235
92235
92235
92235
92235
92235
92235
92235
92235
92235
92235
92235
92235
92235
92235
92235
92235
92235
92235
92235
92235
92235
92235
92235
92235
92235
92235
92235
92235
92235
92235
92235
92235
92235
92235
92235
92235
92235
92235
92235
92235
92235
92235
92235
92235
92235
92235
92235
92235
92235
92235
92235
92235
92235
92235
92235
92235
92239
92245
92251
92257
92263
92269
92275
92280
92281
92281
92281
92281
92281
92281
92281
92281
92281
92281
92281
92281
92281
92281
92281
92281
92281
92281
92281
92281
92281
92281
92281
92281
92281
92281
92281
92281
92281
92281
92281
92281
92281
92281
92281
92281
92281
92281
92281
92281
92281
92281
92281
92281
92281
92281
92281
92281
92281
92281
92281
92281
92281
92281
92281
92281
92281
92281
92281
92281
92281
92281
92281
92281
92281
92281
92281
92281
92281
92281
92281
92281
92281
92281
92281
92281
92281
92281
92281
92281
92281
92281
92281
92281
92281
92281
92281
92281
92281
92281
92281
92281
92281
92281
92281
92281
92281
92281
92281
92281
92281
92281
92281
92281
92281
92281
92281
92281
92281
92281
92281
92281
92281
92281
92281
92281
92281
92281
92281
92281
92281
92281
92281
92281
92281
92281
92281
92281
92281
92281
92281
92281
92281
92281
92281
92281
92281
92281
92281
92281
92281
92281
92281
92281
92281
92281
92281
92281
92281
92281
92281
92281
92281
92281
92281
92281
92281
92281
92281
92281
92281
92281
92281
92281
92281
92281
92281
92281
92281
92281
92281
92281
92281
92281
92281
92281
92281
92281
92281
92281
92281
92281
92281
92281
92281
92281
92281
92281
92281
92281
92281
92281
92281
92281
92281
92281
92281
92281
92281
92281
92281
92281
92281
92281
92281
92281
92281
92281
92281
92281
92281
92281
92281
92281
92281
92281
92281
92281
92281
92281
92281
92281
92281
92281
92281
92281
92281
92281
92281
92281
92281
92281
92281
92281
92281
92281
92281
92281
92281
92281
92281
92281
92281
92281
92281
92281
92281
92281
92281
92283
92284
92284
92284
92284
92284
92284
92284
92284
92284
92284
92284
92284
92284
92284
92284
92284
92284
92284
92284
92284
92284
92284
92284
92284
92284
92284
92284
92288
92313
92354
92396
92435
92473
92513
92551
92585
92622
92655
92694
92732
92776
92823
92875
92930
92982
93036
93089
93145
93198
93253
93307
93359
93415
93469
93524
93575
93631
93685
93741
93794
93845
93901
93956
94010
94066
94114
94170
94225
94280
94335
94389
94444
94496
94550
94603
94661
94713
94770
94823
94877
94933
94986
95041
95096
95147
95200
95257
95310
95365
95419
95473
95530
95584
95638
95691
95748
95801
95854
95908
95962
96015
96070
96123
96178
96231
96284
96339
96396
96450
96504
96557
96610
96667
96720
96775
96829
96884
96938
96993
97046
97102
97155
97208
97263
97317
97370
97425
97479
97533
97587
97642
97695
97752
97805
97857
97915
97969
98020
98074
98127
98181
98237
98291
98346
98399
98456
98510
98566
98618
98676
98727
98780
98835
98891
98944
98999
99055
99105
99162
99214
99269
99324
99379
99431
99487
99540
99593
99647
99702
99756
99813
99866
99917
99975
100029
100083
100137
100194
100248
100304
100355
100410
100465
100517
100574
100626
100683
100736
100790
100844
100895
100949
100995
101035
101070
101102
101128
101152
101173
101189
101207
101220
101233
101242
101248
101252
101254
101256
101258
101260
101262
101264
101266
101268
101270
101272
101274
101276
101278
101280
101280
101280
101280
101280
101280
101280
101280
101280
101280
101280
101280
101280
101280
101280
101280
101280
101280
101280
101280
101280
101280
101280
101280
101280
101280
101280
101280
101280
101280
101280
101280
101280
101280
101280
101280
101280
101280
101280
101280
101280
101280
101280
101280
101280
101280
101280
101280
101280
101280
101280
101280
101280
101280
101280
101280
101280
101280
101280
101280
101280
101280
101280
101280
101280
101280
101280
101280
101280
101280
101280
101280
101280
101280
101280
101280
101280
101280
101280
101280
101280
101280
101280
101280
101280
101280
101280
101280
101280
101280
101280
101280
101280
101280
101280
101280
101280
101280
101280
101280
101280
101280
101280
101280
101280
101280
101280
101280
101280
101280
101280
101280
101280
101280
101280
101280
101280
101280
101280
101280
101280
101280
101280
101280
101280
101280
101280
101280
101280
101280
101280
101280
101280
101280
101280
101280
101280
101280
101280
101280
101280
101280
101280
101280
101280
101280
101280
101280
101280
101280
101280
101280
101280
101280
101280
101280
101280
101280
101280
101280
101280
101280
101280
101280
101280
101280
101280
101280
101280
101280
101280
101280
101280
101280
101280
101280
101280
101280
101280
101280
101280
101280
101280
101280
101280
101280
101280
101280
101280
101280
101280
101280
101280
101280
101280
101280
101280
101280
101280
101280
101280
101280
101280
101280
101280
101280
101280
101280
101280
101280
101280
101280
101280
101280
101280
101280
101280
101280
101280
101280
101280
101280
101280
101280
101280
101280
101280
101280
101280
101280
101280
101280
101280
101280
101280
101280
101280
101280
101280
101280
101280
101280
101280
101280
101280
101280
101280
101280
101280
101280
101280
101280
101280
101280
101280
101280
101280
101280
101280
101280
101280
101280
101280
101280
101280
101280
101280
101280
101280
101280
101280
101280
101280
101280
101280
101280
101280
101280
101280
101280
101280
101280
101280
101280
101280
101280
101280
101280
101280
101280
101280
101280
101280
101280
101280
101280
101280
101280
101280
101280
101280
101280
101280
101280
101280
101280
101280
101280
101280
101280
101280
101280
101280
101280
101280
101280
101280
101280
101280
101280
101280
101280
101280
101280
101280
101280
101280
101280
101280
101280
101280
101280
101280
101280
101280
101280
101280
101280
101280
101280
101280
101280
101280
101280
101280
101280
101280
101280
101280
101280
101280
101280
101280
101280
101280
101280
101280
101280
101280
101280
101280
101280
101280
101280
101280
101280
101280
101280
101280
101280
101280
101280
101280
101280
101280
101280
101280
101280
101280
101280
101280
101280
101280
101280
101280
101280
101280
101280
101280
101280
101280
101287
101321
101358
101393
101430
101465
101497
101534
101564
101600
101634
101670
101710
101752
101799
101853
101904
101959
102013
102066
102121
102175
102232
102283
102336
102393
102450
102501
102553
102609
102664
102719
102775
102827
102879
102935
102990
103046
103099
103155
103207
103259
103314
103368
103424
103480
103535
103587
103644
103697
103751
103806
103857
103908
103964
104019
104074
104129
104183
104237
104292
104347
104401
104457
104510
104565
104618
104673
104726
104780
104834
104888
104942
104996
105048
105102
105156
105212
105266
105319
105372
105428
105482
105536
105590
105645
105699
105753
105808
105863
105917
105971
106025
106079
106132
106186
106241
106295
106351
106405
106458
106513
106568
106622
106677
106731
106786
106841
106894
106946
107004
107053
107106
107163
107217
107271
107325
107381
107437
107492
107548
107602
107656
107710
107766
107817
107869
107925
107980
108036
108089
108146
108196
108254
108304
108361
108417
108470
108525
108582
108633
108690
108744
108798
108852
108906
108960
109015
109071
109121
109177
109234
109288
109339
109395
109450
109502
109556
109611
109666
109720
109772
109823
109867
109902
109933
109956
109978
109994
110008
110019
110029
110037
110041
110043
110045
110047
110049
110051
110053
110055
110057
110059
110061
110063
110065
110067
110069
110070
110070
110070
110070
110070
110070
110070
110070
110070
110070
110070
110070
110070
110070
110070
110070
110070
110070
110070
110070
110070
110070
110070
110070
110070
110070
110070
110070
110070
110070
110070
110070
110070
110070
110070
110070
110070
110070
110070
110070
110070
110070
110070
110070
110070
110070
110070
110070
110070
110070
110070
110070
110070
110070
110070
110070
110070
110070
110070
110070
110070
110070
110070
110070
110070
110070
110070
110070
110070
110070
110070
110070
110070
110070
110070
110070
110070
110070
110070
110070
110070
110070
110070
110070
110070
110070
110070
110070
110070
110070
110070
110070
110070
110070
110070
110070
110070
110070
110070
110070
110070
110070
110070
110070
110070
110070
110070
110070
110070
110070
110070
110070
110070
110070
110070
110070
110070
110070
110070
110070
110070
110070
110070
110070
110070
110070
110070
110070
110070
110070
110070
110070
110070
110070
110070
110070
110070
110070
110070
110070
110070
110070
110070
110070
110070
110070
110070
110070
110070
110070
110070
110070
110070
110070
110070
110070
110070
110070
110070
110070
110070
110070
110070
110070
110070
110070
110070
110070
110070
110070
110070
110070
110070
110070
110070
110070
110070
110070
110070
110070
110070
110070
110070
110070
110070
110070
110070
110070
110070
110070
110070
110070
110070
110070
110070
110070
110070
110070
110070
110070
110070
110070
110070
110070
110070
110070
110070
110070
110070
110070
110070
110070
110070
110070
110070
110070
110070
110070
110070
110070
110070
110070
110070
110070
110070
110070
110070
110070
110070
110070
110070
110070
110070
110070
110070
110070
110070
110070
110070
110070
110070
110070
110070
110070
110070
110070
110070
110070
110070
110070
110070
110070
110070
110070
110070
110070
110070
110070
110070
110070
110070
110070
110070
110070
110070
110070
110070
110070
110070
110070
110070
110070
110070
110070
110070
110070
110070
110070
110070
110070
110070
110070
110070
110070
110070
110070
110070
110070
110070
110070
110070
110070
110070
110070
110070
110070
110070
110070
110070
110070
110070
110070
110070
110070
110070
110070
110070
110070
110070
110070
110070
110070
110070
110070
110070
110070
110070
110070
110070
110070
110070
110070
110070
110070
110070
110070
110070
110070
110070
110070
110070
110070
110070
110070
110070
110070
110070
110070
110070
110070
110070
110070
110070
110070
110070
110070
110070
110070
110070
110070
110070
110070
110070
110070
110070
110070
110070
110070
110070
110070
110070
110070
110070
110070
110070
110070
110070
110070
110070
110070
110070
110070
110070
110070
110070
110070
110070
110070
110070
110070
110070
110070
110070
110070
110070
110070
110070
110070
110070
110070
110070
110070
110070
110070
110070
110070
110070
110070
110070
110070
110070
110070
110070
110070
110070
110070
110070
110070
110070
110070
110070
110070
110070
110070
110070
110070
110070
110070
110070
110070
110070
110070
110070
110070
110070
110073
110102
110135
110168
110201
110235
110266
110301
110332
110363
110400
110433
110470
110511
110559
110609
110660
110716
110770
110822
110877
110932
110988
111044
111092
111149
111204
111258
111316
111366
111421
111472
111528
111581
111633
111682
111732
111778
111821
111865
111910
111954
111997
112039
112080
112120
112160
112198
112236
112274
112310
112346
112382
112417
112451
112485
112519
112553
112587
112619
112651
112683
112715
112747
112779
112811
112843
112875
112907
112939
112971
113003
113035
113067
113099
113131
113163
113195
113227
113259
113291
113325
113359
113393
113427
113461
113497
113533
113569
113606
113644
113682
113721
113761
113801
113842
113884
113926
113969
114013
114057
114103
114149
114197
114245
114294
114344
114395
114447
114472
114502
114532
114572
114618
114670
114724
114779
114831
114887
114940
114992
115046
115101
115155
115210
115265
115320
115377
115430
115485
115537
115595
115646
115697
115751
115809
115863
115918
115974
116025
116082
116133
116190
116244
116298
116353
116406
116461
116515
116570
116623
116679
116734
116787
116842
116900
116951
117007
117061
117116
117169
117221
117265
117297
117323
117346
117365
117378
117387
117393
117399
117401
117403
117406
117408
117410
117412
117414
117416
117418
117420
117422
117424
117426
117428
117430
117431
117431
117431
117431
117431
117431
117431
117431
117431
117431
117431
117431
117431
117431
117431
117431
117431
117431
117431
117431
117431
117431
117431
117431
117431
117431
117431
117431
117431
117431
117431
117431
117431
117431
117431
117431
117431
117431
117431
117431
117431
117431
117431
117431
117431
117431
117431
117431
117431
117431
117431
117431
117431
117431
117431
117431
117431
117431
117431
117431
117431
117431
117431
117431
117431
117431
117431
117431
117431
117431
117431
117431
117431
117431
117431
117431
117431
117431
117431
117431
117431
117431
117431
117431
117431
117431
117431
117431
117431
117431
117431
117431
117431
117431
117431
117431
117431
117431
117431
117431
117431
117431
117431
117431
117431
117431
117431
117431
117431
117431
117431
117431
117431
117431
117431
117431
117431
117431
117431
117431
117431
117431
117431
117431
117431
117431
117431
117431
117431
117431
117431
117431
117431
117431
117431
117431
117431
117431
117431
117431
117431
117431
117431
117431
117431
117431
117431
117431
117431
117431
117431
117431
117431
117431
117431
117431
117431
117431
117431
117431
117431
117431
117431
117431
117431
117431
117431
117431
117431
117431
117431
117431
117431
117431
117431
117431
117431
117431
117431
117431
117431
117431
117431
117431
117431
117431
117431
117431
117431
117431
117431
117431
117431
117431
117431
117431
117431
117431
117431
117431
117431
117431
117431
117431
117431
117431
117431
117431
117431
117431
117431
117431
117431
117431
117431
117431
117431
117431
117431
117431
117431
117431
117431
117431
117431
117431
117431
117431
117431
117431
117431
117431
117431
117431
117431
117431
117431
117431
117431
117431
117431
117431
117431
117431
117431
117431
117431
117431
117431
117431
117431
117431
117431
117431
117431
117431
117431
117431
117431
117431
117431
117431
117431
117431
117431
117431
117431
117431
117431
117431
117431
117431
117431
117431
117431
117431
117431
117431
117431
117431
117431
117431
117431
117431
117431
117431
117431
117431
117431
117431
117431
117431
117431
117431
117431
117431
117431
117431
117431
117431
117431
117431
117431
117431
117431
117431
117431
117431
117431
117431
117431
117431
117431
117431
117431
117431
117431
117431
117431
117431
117431
117431
117431
117431
117431
117431
117431
117431
117431
117431
117431
117431
117431
117431
117431
117431
117431
117431
117431
117431
117431
117431
117431
117431
117431
117431
117431
117431
117431
117431
117431
117431
117431
117431
117431
117431
117431
117431
117431
117431
117431
117431
117431
117431
117431
117431
117431
117431
117431
117431
117431
117431
117431
117431
117431
117431
117431
117431
117431
117431
117431
117431
117431
117431
117431
117431
117431
117431
117431
117431
117431
117431
117431
117431
117431
117431
117431
117431
117431
117431
117431
117431
117431
117431
117431
117431
117431
117431
117431
117431
117431
117431
117431
117431
117431
117431
117431
117431
117431
117431
117431
117431
117431
117431
117431
117431
117431
117431
117431
117431
117431
117431
117431
117431
117431
117431
117431
117431
117431
117431
117431
117431
117431
117431
117431
117431
117431
117431
117431
117431
117431
117431
117431
117431
117431
117431
117431
117431
117431
117431
117431
117431
117431
117431
117431
117431
117431
117431
117431
117431
117431
117431
117431
117431
117431
117431
117431
117431
117431
117431
117431
117431
117431
117431
117431
117431
117431
117431
117431
117431
117431
117431
117431
117431
117431
117431
117431
117431
117431
117431
117431
117431
117431
117431
117431
117431
117431
117431
117431
117431
117431
117431
117431
117431
117431
117431
117431
117431
117431
117431
117431
117431
117431
117431
117431
117431
117431
117431
117431
117431
117431
117431
117431
117431
117431
117431
117431
117431
117431
117431
117431
117432
117436
117440
117444
117447
117450
117454
117459
117465
117473
117483
117494
117506
117520
117536
117554
117574
117595
117618
117643
117669
117697
117727
117759
117792
117827
117864
117902
117942
117984
118028
118074
118121
118149
118170
118194
118209
118228
118261
118295
118327
118378
118426
118480
118534
118589
118645
118695
118752
118807
118858
118908
118949
118976
118999
119016
119026
119035
119039
119041
119044
119046
119047
119048
119048
119049
119051
119053
119055
119057
119059
119061
119063
119065
119067
119067
119067
119067
119067
119067
119067
119067
119067
119067
119067
119067
119067
119067
119067
119067
119067
119067
119067
119067
119067
119067
119067
119067
119067
119067
119067
119067
119067
119067
119067
119067
119067
119067
119067
119067
119067
119067
119067
119067
119067
119067
119067
119067
119067
119067
119067
119067
119067
119067
119067
119067
119067
119067
119067
119067
119067
119067
119067
119067
119067
119067
119067
119067
119067
119067
119067
119067
119067
119067
119067
119067
119067
119067
119067
119067
119067
119067
119067
119067
119067
119067
119067
119067
119067
119067
119067
119067
119067
119067
119067
119067
119067
119067
119067
119067
119067
119067
119067
119067
119067
119067
119067
119067
119067
119067
119067
119067
119067
119067
119067
119067
119067
119067
119067
119067
119067
119067
119067
119067
119067
119067
119067
119067
119067
119067
119067
119067
119067
119067
119067
119067
119067
119067
119067
119067
119067
119067
119067
119067
119067
119067
119067
119067
119067
119067
119067
119067
119067
119067
119067
119067
119067
119067
119067
119067
119067
119067
119067
119067
119067
119067
119067
119067
119067
119067
119067
119067
119067
119067
119067
119067
119067
119067
119067
119067
119067
119067
119067
119067
119067
119067
119067
119067
119067
119067
119067
119067
119067
119067
119067
119067
119067
119067
119067
119067
119067
119067
119067
119067
119067
119067
119067
119067
119067
119067
119067
119067
119067
119067
119067
119067
119067
119067
119067
119067
119067
119067
119067
119067
119067
119067
119067
119067
119067
119067
119067
119067
119067
119067
119067
119067
119067
119067
119067
119067
119067
119067
119067
119067
119067
119067
119067
119067
119067
119067
119067
119067
119067
119067
119067
119067
119067
119067
119067
119067
119067
119067
119067
119067
119067
119067
119067
119067
119067
119067
119067
119067
119067
119067
119067
119067
119067
119067
119067
119067
119067
119067
119067
119067
119067
119067
119067
119067
119067
119067
119067
119067
119067
119067
119067
119067
119067
119067
119067
119067
119067
119067
119067
119067
119067
119067
119067
119067
119067
119067
119067
119067
119067
119067
119067
119067
119067
119067
119067
119067
119067
119067
119067
119067
119067
119067
119067
119067
119067
119067
119067
119067
119067
119067
119067
119067
119067
119067
119067
119067
119067
119067
119067
119067
119067
119067
119067
119067
119067
119067
119067
119067
119067
119067
119067
119067
119067
119067
119067
119067
119067
119067
119067
119067
119067
119067
119067
119067
119067
119067
119067
119067
119067
119067
119067
119067
119067
119067
119067
119067
119067
119067
119067
119067
119067
119067
119067
119067
119067
119067
119067
119067
119067
119067
119067
119067
119067
119067
119067
119067
119067
119067
119067
119067
119067
119067
119067
119067
119067
119067
119067
119067
119067
119067
119067
119067
119067
119067
119067
119067
119067
119067
119067
119067
119067
119067
119067
119067
119067
119067
119067
119067
119067
119067
119067
119067
119067
119067
119067
119067
119067
119067
119067
119067
119067
119067
119067
119067
119067
119067
119067
119067
119067
119067
119067
119067
119067
119067
119067
119067
119067
119067
119067
119067
119067
119067
119067
119067
119067
119067
119067
119067
119067
119067
119067
119067
119067
119067
119067
119067
119067
119067
119067
119067
119067
119067
119067
119067
119067
119067
119067
119067
119067
119067
119067
119067
119067
119067
119067
119067
119067
119067
119067
119067
119067
119067
119067
119067
119067
119067
119067
119067
119067
119067
119067
119067
119067
119067
119067
119067
119067
119067
119067
119067
119067
119067
119067
119067
119067
119067
119067
119067
119067
119067
119067
119067
119067
119067
119067
119067
119067
119067
119067
119067
119067
119067
119067
119067
119067
119067
119067
119067
119067
119067
119067
119067
119067
119067
119067
119067
119067
119067
119067
119067
119067
119067
119067
119067
119067
119067
119067
119067
119067
119067
119067
119067
119067
119067
119067
119067
119067
119067
119067
119067
119067
119067
119067
119067
119067
119067
119067
119067
119067
119067
119067
119069
119073
119077
119081
119087
119088
119088
119088
119088
119088
119088
119088
119088
119088
119088
119088
119088
119088
119088
119088
119088
119088
119088
119088
119088
119088
119088
119088
119088
119088
119088
119088
119088
119088
119088
119088
119088
119088
119088
119088
119088
119088
119088
119088
119088
119088
119088
119088
119088
119088
119088
119088
119088
119088
119088
119088
119088
119088
119088
119088
119088
119088
119088
119088
119088
119088
119088
119088
119088
119088
119088
119088
119088
119088
119088
119088
119088
119088
119088
119088
119088
119088
119088
119088
119088
119088
119088
119088
119088
119088
119088
119088
119088
119088
119088
119088
119088
119088
119088
119088
119088
119088
119088
119088
119088
119088
119088
119088
119088
119088
119088
119088
119088
119088
119088
119088
119088
119088
119088
119088
119088
119088
119088
119088
119088
119088
119088
119088
119088
119088
119088
119088
119088
119088
119088
119088
119088
119088
119088
119088
119088
119088
119088
119088
119088
119088
119088
119088
119088
119088
119088
119088
119088
119088
119088
119088
119088
119088
119088
119088
119088
119088
119088
119088
119088
119088
119088
119088
119088
119088
119088
119088
119088
119088
119088
119088
119088
119088
119088
119088
119088
119088
119088
119088
119088
119088
119088
119088
119088
119088
119088
119088
119088
119088
119088
119088
119088
119088
119088
119088
119088
119088
119088
119088
119088
119088
119088
119088
119088
119088
119088
119088
119088
119088
119088
119088
119088
119088
119088
119088
119088
119088
119088
119088
119088
119088
119088
119088
119088
119088
119088
119088
119088
119088
119088
119088
119088
119088
119088
119088
119088
119088
119088
119088
119088
119088
119088
119088
119088
119088
119088
119088
119088
119088
119088
119088
119088
119088
119088
119088
119088
119088
119088
119088
119088
119088
119088
119088
119088
119088
119088
119088
119088
119088
