Time needed: 509.17 s
Distance travelled: 1018.27 m
Total rotation: 4343.5°
Objects found after: 58.20 s, 288.13 s, 292.23 s

+++ following progress ticks +++
461
497
532
562
590
620
635
663
686
719
743
769
795
820
844
868
895
918
943
967
989
1020
1041
1069
1090
1116
1149
1177
1201
1227
1252
1275
1303
1326
1352
1376
1401
1425
1450
1476
1498
1523
1548
1575
1598
1623
1644
1670
1694
1717
1741
1763
1792
1815
1841
1863
1891
1914
1940
1963
1988
2012
2036
2061
2084
2107
2128
2151
2172
2192
2210
2228
2242
2250
2256
2259
2262
2262
2262
2262
2262
2262
2262
2262
2262
2262
2262
2262
2262
2262
2262
2262
2262
2262
2263
2265
2268
2272
2276
2283
2288
2293
2299
2307
2315
2327
2335
2347
2357
2369
2384
2395
2407
2420
2433
2447
2459
2474
2486
2502
2516
2531
2544
2562
2576
2593
2606
2626
2643
2657
2674
2693
2711
2730
2750
2767
2787
2806
2827
2846
2866
2890
2909
2931
2953
2978
2999
3024
3049
3072
3098
3123
3145
3173
3195
3225
3250
3275
3304
3333
3360
3378
3409
3438
3467
3496
3526
3557
3587
3618
3649
3680
3716
3745
3780
3811
3845
3878
3910
3944
3978
4012
4049
4084
4116
4154
4187
4226
4259
4295
4334
4373
4410
4443
4483
4521
4560
4601
4640
4680
4719
4759
4798
4840
4879
4918
4959
4998
5042
5079
5122
5160
5202
5243
5283
5326
5371
5414
5455
5493
5541
5581
5625
5662
5710
5755
5794
5840
5884
5929
5973
6018
6059
6100
6145
6190
6235
6280
6326
6372
6417
6462
6507
6554
6601
6642
6689
6734
6781
6824
6871
6920
6963
7009
7057
7104
7149
7193
7244
7291
7333
7386
7429
7478
7526
7571
7620
7670
7715
7766
7813
7861
7910
7958
8002
8049
8095
8145
8194
8241
8290
8339
8387
8435
8484
8533
8582
8630
8679
8726
8775
8822
8871
8918
8966
9016
9064
9113
9162
9211
9258
9305
9357
9405
9451
9504
9548
9602
9645
9697
9750
9793
9846
9896
9943
9990
10041
10093
10143
10193
10242
10291
10338
10390
10442
10487
10538
10588
10638
10687
10735
10783
10832
10885
10934
10982
11034
11082
11131
11180
11229
11279
11327
11382
11428
11477
11530
11580
11628
11676
11725
11777
11827
11873
11924
11976
12025
12074
12127
12172
12225
12276
12320
12374
12425
12476
12522
12573
12626
12677
12729
12781
12830
12880
12930
12981
13030
13081
13133
13184
13236
13286
13335
13385
13433
13486
13538
13587
13639
13691
13739
13791
13843
13893
13942
13990
14043
14093
14144
14195
14263
14314
14363
14416
14467
14517
14572
14619
14667
14722
14768
14825
14870
14923
14975
15021
15076
15127
15179
15226
15280
15330
15381
15430
15481
15527
15575
15627
15680
15732
15783
15834
15886
15937
15987
16039
16091
16142
16193
16244
16295
16347
16396
16449
16500
16552
16603
16653
16705
16754
16808
16859
16910
16960
17012
17061
17114
17166
17216
17268
17321
17373
17424
17472
17523
17576
17627
17681
17730
17778
17831
17884
17934
17987
18033
18088
18140
18191
18241
18293
18346
18400
18452
18498
18549
18602
18652
18703
18757
18811
18863
18913
18965
19018
19069
19120
19173
19224
19275
19328
19379
19429
19481
19535
19586
19636
19691
19741
19791
19845
19895
19946
19995
20049
20102
20152
20207
20259
20312
20365
20417
20465
20519
20570
20623
20673
20724
20777
20829
20880
20936
20984
21037
21089
21143
21191
21247
21294
21348
21402
21449
21504
21558
21610
21658
21712
21765
21818
21868
21917
21969
22022
22076
22129
22180
22232
22284
22337
22389
22440
22493
22545
22597
22649
22701
22753
22803
22855
22909
22962
23013
23065
23118
23172
23221
23274
23325
23376
23430
23483
23535
23587
23638
23694
23742
23798
23851
23903
23953
24008
24060
24113
24161
24217
24269
24322
24374
24428
24479
24533
24584
24640
24690
24740
24795
24849
24900
24956
25000
25057
25109
25158
25212
25266
25319
25370
25420
25474
25527
25579
25632
25682
25736
25788
25839
25890
25944
25995
26048
26101
26154
26207
26259
26312
26366
26418
26469
26521
26574
26625
26677
26730
26783
26836
26886
26941
26991
27042
27098
27147
27203
27251
27308
27356
27411
27463
27515
27570
27619
27675
27727
27779
27830
27885
27939
27993
28043
28094
28148
28201
28255
28306
28355
28411
28463
28517
28568
28623
28670
28725
28775
28830
28879
28932
28988
29041
29092
29145
29200
29250
29302
29357
29411
29462
29515
29564
29617
29671
29725
29780
29832
29889
29943
29996
30048
30100
30154
30207
30260
30312
30365
30418
30472
30525
30578
30631
30683
30734
30786
30840
30895
30946
30998
31052
31104
31154
31208
31258
31313
31364
31419
31472
31522
31578
31626
31681
31734
31786
31839
31893
31947
31999
32052
32104
32157
32208
32260
32314
32368
32418
32474
32524
32578
32632
32684
32739
32789
32845
32895
32951
33005
33055
33106
33151
33199
33250
33293
33337
33382
33426
33470
33512
33554
33596
33637
33677
33717
33757
33797
33837
33877
33917
33957
33997
34037
34078
34120
34162
34204
34248
34292
34338
34384
34432
34480
34530
34580
34614
34638
34663
34682
34709
34744
34785
34827
34877
34933
34985
35036
35091
35141
35197
35245
35301
35354
35409
35462
35512
35568
35617
35673
35725
35779
35830
35883
35937
35986
36040
36094
36148
36199
36249
36306
36357
36412
36464
36515
36566
36622
36675
36728
36780
36831
36885
36939
36994
37044
37100
37151
37206
37261
37309
37362
37418
37472
37520
37574
37628
37684
37736
37788
37840
37893
37946
37999
38055
38109
38163
38216
38268
38321
38374
38425
38481
38536
38585
38638
38691
38743
38796
38847
38901
38955
39007
39061
39116
39170
39222
39275
39329
39384
39435
39489
39543
39597
39650
39703
39757
39812
39864
39918
39968
40024
40074
40130
40184
40235
40289
40341
40394
40447
40501
40551
40608
40661
40715
40767
40821
40874
40926
40978
41030
41085
41136
41190
41242
41296
41348
41402
41454
41508
41561
41611
41667
41721
41772
41829
41875
41931
41986
42035
42092
42145
42198
42250
42303
42358
42411
42461
42517
42570
42625
42678
42730
42783
42832
42887
42941
42997
43052
43105
43158
43209
43264
43318
43374
43426
43479
43533
43586
43639
43693
43747
43797
43852
43904
43957
44012
44065
44119
44173
44225
44278
44334
44389
44440
44491
44548
44598
44650
44705
44762
44816
44869
44922
44977
45029
45086
45136
45191
45245
45297
45351
45405
45457
45511
45566
45617
45673
45725
45782
45834
45885
45938
45992
46046
46099
46150
46204
46256
46310
46363
46419
46469
46524
46578
46633
46684
46738
46788
46844
46899
46950
47004
47055
47110
47167
47212
47269
47327
47379
47427
47484
47538
47592
47645
47693
47750
47805
47858
47911
47966
48018
48074
48127
48175
48228
48281
48334
48387
48441
48495
48547
48599
48656
48709
48763
48815
48869
48922
48976
49029
49082
49137
49189
49242
49294
49351
49403
49457
49511
49563
49617
49673
49726
49779
49834
49887
49943
49996
50048
50103
50156
50210
50265
50318
50371
50422
50477
50530
50583
50637
50692
50743
50797
50852
50908
50959
51015
51069
51124
51176
51229
51283
51331
51374
51412
51447
51478
51505
51532
51553
51578
51601
51620
51638
51654
51667
51678
51687
51695
51702
51707
51710
51712
51714
51716
51718
51720
51721
51721
51721
51721
51721
51721
51721
51721
51721
51721
51721
51721
51721
51721
51721
51721
51721
51721
51721
51721
51721
51721
51721
51721
51721
51721
51721
51721
51721
51721
51721
51721
51721
51721
51725
51731
51737
51743
51749
51753
51759
51765
51774
51785
51798
51814
51833
51854
51878
51905
51934
51967
52002
52035
52060
52080
52095
52105
52115
52129
52148
52174
52205
52240
52282
52329
52374
52420
52465
52513
52566
52620
52675
52726
52780
52833
52887
52944
52996
53048
53102
53156
53209
53265
53317
53369
53426
53477
53533
53584
53636
53689
53745
53800
53850
53903
53959
54011
54065
54120
54169
54225
54282
54333
54386
54442
54497
54549
54601
54654
54711
54764
54817
54871
54924
54975
55029
55083
55138
55192
55247
55301
55354
55407
55459
55513
55567
55619
55673
55727
55778
55832
55888
55942
55993
56046
56101
56155
56209
56262
56315
56369
56424
56478
56533
56586
56639
56692
56747
56801
56852
56905
56959
57012
57068
57120
57174
57230
57282
57337
57390
57446
57502
57553
57608
57661
57716
57768
57820
57877
57928
57982
58037
58091
58144
58198
58251
58304
58357
58413
58466
58516
58568
58622
58678
58731
58784
58838
58891
58947
59001
59056
59106
59162
59216
59270
59325
59379
59431
59486
59541
59596
59649
59702
59755
59810
59865
59915
59970
60024
60076
60131
60187
60239
60291
60347
60401
60455
60503
60560
60614
60669
60722
60778
60827
60882
60937
60991
61047
61101
61155
61207
61264
61317
61368
61417
61473
61525
61579
61633
61686
61739
61793
61846
61900
61956
62010
62064
62117
62170
62224
62278
62332
62386
62441
62495
62548
62601
62656
62710
62762
62818
62871
62926
62978
63035
63086
63141
63195
63248
63305
63357
63413
63464
63515
63569
63623
63677
63731
63784
63838
63890
63945
63999
64052
64104
64160
64213
64264
64318
64376
64426
64479
64534
64587
64642
64691
64746
64799
64854
64907
64958
65016
65070
65123
65177
65231
65283
65339
65392
65447
65502
65553
65605
65661
65716
65768
65823
65874
65928
65981
66038
66091
66142
66198
66254
66304
66358
66413
66464
66520
66575
66628
66677
66734
66789
66845
66895
66951
67001
67058
67111
67167
67220
67275
67328
67380
67432
67486
67542
67596
67648
67704
67756
67810
67863
67916
67970
68024
68076
68129
68183
68236
68289
68344
68398
68452
68506
68560
68614
68668
68721
68775
68828
68880
68934
68988
69043
69098
69151
69204
69256
69313
69365
69416
69473
69524
69575
69629
69682
69738
69789
69845
69898
69953
70007
70062
70114
70169
70224
70276
70332
70386
70438
70493
70547
70599
70653
70707
70758
70802
70840
70869
70893
70915
70932
70948
70960
70970
70981
70987
70991
70993
70995
70997
70999
71001
71003
71005
71007
71009
71011
71013
71015
71017
71017
71017
71017
71017
71017
71017
71017
71017
71017
71017
71017
71017
71017
71017
71017
71017
71017
71017
71017
71017
71017
71017
71017
71017
71017
71017
71017
71017
71017
71017
71017
71017
71017
71017
71017
71017
71017
71017
71017
71017
71017
71017
71017
71017
71017
71017
71017
71017
71017
71017
71017
71017
71017
71017
71017
71017
71017
71017
71017
71017
71017
71017
71017
71017
71017
71017
71017
71017
71017
71017
71017
71017
71017
71017
71017
71017
71019
71021
71025
71031
71037
71045
71055
71065
71075
71082
71084
71084
71084
71084
71084
71091
71106
71127
71156
71191
71234
71286
71333
71375
71417
71458
71498
71537
71580
71629
71680
71731
71784
71838
71895
71949
72002
72055
72110
72165
72220
72273
72326
72378
72435
72491
72541
72596
72651
72702
72758
72810
72861
72917
72974
73022
73076
73132
73186
73240
73289
73344
73401
73453
73508
73562
73615
73667
73721
73777
73831
73886
73939
73992
74048
74101
74154
74210
74259
74311
74365
74419
74473
74530
74585
74641
74695
74749
74802
74855
74908
74962
75018
75072
75125
75179
75232
75286
75340
75394
75449
75502
75555
75609
75663
75719
75772
75826
75879
75934
75987
76044
76096
76149
76205
76258
76312
76366
76419
76477
76527
76581
76633
76687
76741
76796
76850
76905
76963
77012
77069
77121
77176
77232
77281
77340
77393
77449
77499
77556
77609
77660
77714
77770
77825
77876
77929
77984
78039
78091
78146
78201
78257
78311
78365
78415
78469
78523
78579
78632
78684
78738
78793
78845
78900
78954
79006
79058
79114
79168
79223
79275
79327
79383
79437
79491
79546
79596
79652
79709
79760
79813
79867
79919
79976
80030
80085
80136
80192
80247
80302
80350
80406
80462
80518
80570
80626
80675
80732
80785
80841
80894
80949
81003
81055
81105
81161
81215
81269
81324
81379
81433
81486
81540
81593
81647
81701
81754
81807
81861
81913
81968
82022
82075
82129
82181
82235
82290
82344
82398
82452
82506
82560
82614
82668
82723
82776
82831
82884
82940
82993
83046
83101
83158
83209
83261
83318
83371
83423
83477
83531
83585
83639
83692
83747
83801
83857
83909
83965
84017
84074
84125
84180
84236
84289
84345
84398
84449
84506
84559
84615
84669
84721
84777
84833
84887
84938
84995
85050
85105
85156
85212
85268
85322
85376
85429
85486
85540
85596
85649
85702
85759
85813
85866
85919
85972
86027
86083
86136
86191
86242
86296
86350
86405
86460
86515
86565
86622
86676
86728
86781
86824
86868
86908
86945
86983
87012
87047
87077
87111
87142
87170
87196
87220
87243
87265
87285
87305
87323
87340
87356
87371
87385
87397
87409
87419
87429
87439
87447
87455
87463
87469
87475
87481
87487
87491
87495
87499
87503
87507
87511
87515
87519
87523
87527
87531
87535
87539
87543
87547
87551
87555
87560
87566
87572
87578
87585
87593
87601
87611
87621
87633
87645
87659
87673
87688
87704
87722
87741
87762
87784
87808
87834
87861
87889
87919
87951
87985
88020
88056
88094
88134
88176
88220
88266
88301
88323
88347
88360
88380
88402
88425
88461
88503
88547
88597
88646
88697
88739
88776
88801
88821
88838
88849
88857
88863
88867
88869
88871
88873
88875
88877
88879
88881
88883
88885
88887
88889
88891
88893
88895
88897
88897
88897
88897
88897
88897
88897
88897
88897
88897
88897
88897
88897
88897
88897
88897
88897
88897
88897
88897
88897
88897
88897
88897
88897
88897
88897
88897
88897
88897
88897
88897
88897
88897
88897
88897
88897
88897
88897
88897
88897
88897
88897
88897
88897
88897
88897
88897
88897
88897
88897
88897
88897
88897
88897
88897
88897
88897
88897
88897
88897
88897
88897
88897
88897
88897
88897
88897
88897
88897
88897
88897
88897
88897
88897
88897
88897
88897
88897
88897
88897
88897
88897
88897
88897
88897
88897
88897
88897
88897
88897
88897
88897
88897
88897
88897
88897
88897
88897
88897
88897
88897
88897
88897
88897
88897
88897
88897
88897
88897
88897
88897
88897
88897
88897
88897
88897
88897
88897
88897
88897
88897
88897
88897
88897
88897
88898
88911
88944
88990
89037
89080
89121
89161
89198
89234
89272
89308
89348
89390
89436
89484
89540
89590
89648
89703
89755
89813
89861
89919
89974
90024
90080
90135
90191
90242
90297
90352
90406
90458
90513
90568
90621
90672
90728
90783
90840
90893
90943
90997
91053
91108
91164
91218
91272
91327
91380
91431
91485
91540
91594
91650
91703
91760
91813
91866
91922
91974
92029
92086
92142
92195
92249
92303
92356
92410
92465
92521
92576
92631
92685
92739
92793
92847
92902
92955
93009
93063
93118
93172
93226
93280
93335
93388
93441
93495
93552
93606
93659
93711
93765
93821
93871
93925
93981
94035
94091
94145
94198
94253
94308
94364
94417
94472
94526
94580
94633
94687
94740
94795
94849
94905
94957
95011
95064
95118
95172
95226
95281
95338
95388
95447
95499
95552
95606
95662
95715
95769
95822
95878
95932
95984
96040
96092
96149
96202
96258
96313
96366
96420
96471
96526
96579
96633
96687
96739
96795
96849
96906
96959
97011
97066
97119
97174
97231
97284
97337
97392
97447
97502
97560
97613
97665
97718
97772
97827
97883
97931
97988
98043
98096
98152
98198
98245
98293
98340
98378
98421
98460
98497
98531
98566
98599
98631
98662
98690
98718
98744
98769
98793
98815
98837
98857
98876
98894
98912
98928
98944
98959
98973
98987
99001
99014
99026
99038
99050
99060
99070
99080
99090
99100
99110
99120
99130
99140
99150
99160
99170
99180
99190
99200
99210
99220
99230
99240
99251
99263
99275
99287
99300
99314
99328
99344
99360
99377
99395
99413
99433
99453
99475
99498
99522
99547
99573
99601
99630
99660
99692
99725
99760
99797
99835
99875
99916
99959
100004
100051
100099
100142
100167
100188
100207
100227
100252
100282
100322
100363
100412
100462
100517
100570
100624
100679
100733
100788
100844
100894
100951
101004
101059
101111
101167
101220
101272
101326
101381
101434
101487
101543
101593
101650
101701
101756
101809
101863
101917
101969
102026
102079
102135
102189
102239
102295
102349
102404
102450
102490
102525
102560
102591
102616
102640
102662
102682
102702
102719
102733
102744
102753
102761
102766
102769
102771
102773
102775
102777
102779
102781
102783
102785
102787
102789
102791
102793
102795
102795
102795
102795
102795
102795
102795
102795
102795
102795
102795
102795
102795
102795
102795
102795
102795
102795
102795
102795
102795
102795
102795
102795
102795
102795
102795
102795
102795
102795
102795
102795
102795
102795
102795
102795
102795
102795
102795
102795
102795
102795
102795
102795
102795
102795
102795
102795
102795
102795
102795
102795
102795
102795
102795
102795
102795
102795
102795
102795
102795
102795
102795
102795
102795
102795
102795
102795
102795
102795
102795
102795
102795
102795
102795
102795
102795
102795
102795
102795
102795
102795
102795
102795
102795
102795
102795
102795
102795
102795
102795
102795
102795
102795
102795
102795
102795
102795
102795
102795
102795
102795
102795
102795
102795
102795
102795
102795
102795
102795
102795
102795
102795
102795
102795
102795
102795
102795
102795
102795
102795
102795
102795
102795
102795
102795
102795
102795
102795
102795
102795
102795
102795
102795
102795
102795
102795
102795
102795
102795
102795
102795
102795
102795
102795
102795
102795
102795
102795
102795
102795
102795
102795
102795
102795
102795
102795
102795
102795
102795
102795
102795
102795
102795
102795
102795
102795
102795
102795
102795
102795
102795
102795
102795
102795
102795
102795
102795
102795
102795
102795
102795
102795
102795
102795
102795
102795
102795
102795
102795
102795
102795
102795
102795
102795
102795
102795
102795
102795
102795
102795
102795
102795
102795
102795
102795
102795
102795
102795
102795
102795
102795
102795
102795
102795
102795
102795
102795
102795
102795
102795
102797
102797
102797
102797
102797
102797
102797
102797
102797
102797
102797
102797
102797
102797
102797
102797
102797
102797
102797
102797
102797
102797
102797
102797
102797
102797
102797
102797
102814
102853
102891
102929
102966
103003
103040
103073
103109
103142
103179
103215
103255
103303
103351
103400
103454
103509
103563
103614
103672
103727
103777
103832
103889
103945
103993
104049
104105
104161
104215
104265
104321
104378
104433
104486
104542
104592
104646
104701
104757
104811
104866
104920
104975
105029
105077
105134
105189
105242
105299
105352
105408
105463
105516
105572
105625
105679
105735
105790
105842
105898
105950
106004
106057
106110
106166
106219
106273
106324
106377
106432
106489
106545
106600
106653
106707
106759
106812
106866
106921
106977
107031
107086
107139
107192
107247
107301
107354
107407
107461
107514
107569
107621
107677
107731
107786
107840
107895
107949
108003
108058
108112
108167
108222
108277
108332
108385
108441
108494
108552
108603
108658
108709
108766
108819
108874
108926
108983
109037
109092
109143
109198
109254
109308
109360
109417
109469
109524
109578
109635
109685
109741
109796
109849
109903
109960
110014
110068
110123
110177
110231
110284
110341
110394
110449
110502
110557
110614
110667
110724
110777
110833
110887
110943
110995
111050
111106
111162
111219
111270
111324
111377
111432
111486
111543
111595
111646
111694
111738
111775
111811
111844
111874
111899
111924
111944
111969
111989
112007
112023
112036
112047
112057
112064
112069
112073
112075
112077
112079
112081
112083
112084
112084
112084
112084
112084
112084
112084
112084
112084
112084
112084
112084
112084
112084
112084
112084
112084
112084
112084
112084
112084
112084
112084
112084
112084
112084
112084
112084
112084
112084
112084
112084
112084
112084
112084
112084
112084
112084
112084
112084
112084
112084
112084
112084
112084
112084
112084
112084
112084
112084
112084
112084
112084
112084
112084
112084
112084
112084
112084
112084
112084
112084
112084
112084
112084
112084
112084
112084
112084
112084
112084
112084
112084
112084
112084
112084
112084
112084
112084
112084
112084
112084
112084
112084
112084
112084
112085
112091
112097
112103
112109
112115
112121
112127
112133
112141
112152
112166
112182
112200
112222
112247
112274
112304
112337
112373
112410
112451
112480
112504
112522
112536
112547
112564
112585
112613
112646
112679
112723
112769
112819
112867
112918
112973
113030
113081
113135
113189
113233
113272
113305
113333
113358
113378
113395
113408
113421
113433
113442
113447
113449
113451
113453
113455
113457
113459
113461
113463
113465
113467
113469
113471
113473
113475
113476
113476
113476
113476
113476
113476
113476
113476
113476
113476
113476
113476
113476
113476
113476
113476
113476
113476
113476
113476
113476
113476
113476
113476
113476
113476
113476
113476
113476
113476
113476
113476
113476
113476
113476
113476
113476
113476
113476
113476
113476
113476
113476
113476
113476
113476
113476
113476
113476
113476
113476
113476
113476
113476
113476
113476
113476
113476
113476
113476
113476
113476
113476
113476
113476
113476
113476
113476
113476
113476
113476
113476
113476
113476
113476
113476
113476
113476
113476
113476
113476
113476
113476
113476
113476
113476
113476
113476
113476
113476
113476
113476
113476
113476
113476
113476
113476
113476
113476
113476
113476
113476
113476
113476
113476
113476
113476
113476
113476
113476
113476
113476
113476
113476
113476
113476
113476
113476
113476
113476
113476
113476
113476
113476
113476
113476
113476
113476
113476
113476
113476
113476
113476
113476
113476
113476
113476
113476
113476
113476
113476
113476
113476
113476
113476
113476
113476
113476
113476
113476
113476
113476
113476
113476
113476
113476
113476
113476
113476
113476
113476
113476
113476
113476
113476
113476
113476
113476
113476
113476
113476
113476
113476
113476
113476
113476
113476
113476
113476
113476
113476
113476
113476
113476
113476
113476
113476
113476
113476
113476
113476
113476
113476
113476
113476
113476
113476
113476
113476
113476
113476
113476
113476
113476
113476
113476
113476
113476
113476
113476
113476
113476
113476
113476
113476
113476
113476
113476
113476
113476
113476
113476
113476
113476
113476
113476
113476
113476
113476
113476
113476
113476
113476
113476
113476
113476
113476
113476
113476
113476
113476
113476
113476
113476
113476
113476
113476
113476
113476
113476
113476
113476
113476
113476
113476
113476
113476
113476
113476
113476
113476
113476
113476
113476
113476
113476
113476
113476
113476
113476
113476
113476
113476
113476
113476
113476
113476
113476
113476
113476
113476
113476
113476
113476
113476
113476
113476
113476
113476
113476
113476
113476
113476
113476
113480
113500
113536
113577
113610
113640
113659
113676
113690
113705
113717
113729
113739
113749
113758
113766
113774
113781
113787
113793
113798
113802
113806
113810
113813
113815
113817
113819
113821
113823
113824
113824
113824
113824
113824
113824
113824
113824
113824
113824
113824
113824
113824
113824
113824
113824
113824
113826
113828
113830
113832
113835
113839
113843
113847
113852
113858
113864
113871
113879
113888
113898
113908
113920
113932
113945
113959
113975
113992
114010
114030
114050
114072
114095
114119
114145
114172
114200
114230
114262
114295
114330
114366
114404
114443
114484
114526
114570
114616
114664
114709
114735
114755
114773
114792
114815
114846
114889
114931
114980
115033
115088
115138
115194
115250
115306
115358
115414
115467
115520
115576
115631
115682
115739
115794
115847
115900
115956
116010
116062
116119
116174
116230
116280
116337
116393
116448
116502
116554
116611
116665
116719
116771
116825
116879
116933
116988
117038
117081
117122
117156
117187
117212
117234
117255
117273
117287
117302
117313
117322
117327
117330
117332
117334
117336
117338
117340
117342
117344
117346
117348
117350
117352
117354
117356
117357
117357
117357
117357
117357
117357
117357
117357
117357
117357
117357
117357
117357
117357
117357
117357
117357
117357
117357
117357
117357
117357
117357
117357
117357
117357
117357
117357
117357
117357
117357
117357
117357
117357
117357
117357
117357
117357
117357
117357
117357
117357
117357
117357
117357
117357
117357
117357
117357
117357
117357
117357
117357
117357
117357
117357
117357
117357
117357
117357
117357
117357
117357
117357
117357
117357
117357
117357
117357
117357
117357
117357
117357
117357
117357
117357
117357
117357
117357
117357
117357
117357
117357
117357
117357
117357
117357
117357
117357
117357
117357
117357
117357
117357
117357
117357
117357
117357
117357
117357
117357
117357
117357
117357
117357
117357
117357
117357
117357
117357
117357
117357
117357
117357
117357
117357
117357
117357
117357
117357
117357
117357
117357
117357
117357
117357
117357
117357
117357
117357
117357
117357
117357
117357
117357
117357
117357
117357
117357
117357
117357
117357
117357
117357
117357
117357
117357
117357
117357
117357
117357
117357
117357
117357
117357
117357
117357
117357
117357
117357
117357
117357
117357
117357
117357
117357
117357
117357
117357
117357
117357
117357
117357
117357
117357
117357
117357
117357
117357
117357
117357
117357
117357
117357
117357
117357
117357
117357
117357
117357
117357
117357
117357
117357
117357
117357
117357
117357
117357
117357
117357
117357
117357
117357
117357
117357
117357
117357
117357
117357
117357
117357
117357
117357
117357
117357
117357
117357
117357
117357
117357
117357
117357
117357
117357
117357
117357
117357
117357
117357
117357
117357
117357
117357
117357
117357
117357
117357
117357
117357
117357
117357
117357
117357
117357
117357
117357
117357
117357
117357
117357
117357
117357
117357
117357
117357
117357
117357
117357
117357
117357
117357
117357
117357
117357
117357
117357
117357
117357
117357
117357
117357
117357
117357
117357
117357
117357
117357
117357
117357
117357
117357
117357
117357
117357
117357
117357
117357
117357
117357
117357
117357
117357
117357
117357
117357
117357
117357
117357
117357
117357
117357
117357
117357
117357
117357
117357
117357
117357
117357
117357
117357
117357
117357
117357
117357
117357
117357
117357
117357
117357
117357
117357
117357
117357
117357
117357
117357
117357
117357
117357
117357
117357
117357
117357
117357
117357
117357
117357
117357
117357
117357
117357
117357
117357
117357
117357
117357
117357
117357
117357
117357
117357
117357
117357
117357
117357
117357
117357
117357
117357
117357
117357
117357
117357
117357
117357
117357
117357
117357
117357
117357
117357
117357
117357
117357
117357
117357
117357
117357
117357
117357
117357
117357
117357
117357
117357
117357
117357
117357
117357
117357
117357
117357
117357
117357
117357
117357
117357
117357
117357
117357
117357
117357
117357
117357
117357
117357
117357
117357
117357
117357
117357
117357
117357
117357
117357
117357
117357
117357
117357
117357
117357
117357
117357
117357
117357
117357
117357
117357
117357
117357
117357
117357
117357
117357
117357
117357
117357
117357
117357
117357
117357
117357
117357
117357
117357
117357
117357
117357
117357
117357
117357
117357
117357
117357
117357
117357
117357
117357
117357
117357
117357
117357
117357
117357
117357
117357
117357
117357
117357
117357
117357
117357
117357
117357
117357
117357
117357
117357
117357
117357
117357
117357
117357
117357
117357
117357
117357
117357
117357
117357
117357
117357
117357
117357
117357
117357
117357
117357
117357
117357
117357
117357
117357
117357
117357
117357
117357
117357
117357
117357
117357
117357
117357
117357
117357
117357
117357
117357
117357
117357
117357
117357
117357
117357
117357
117357
117357
117357
117357
117357
117357
117357
117357
117357
117357
117357
117357
117357
117357
117357
117357
117357
117357
117357
117357
117360
117366
117372
117378
117384
117390
117396
117402
117409
117418
117429
117443
117460
117479
117500
117524
117550
117579
117610
117644
117681
117721
117763
117798
117818
117837
117850
117863
117882
117907
117934
117968
118010
118056
118103
118153
118206
118255
118310
118364
118418
118470
118524
118569
118607
118636
118662
118685
118704
118719
118730
118740
118748
118754
118756
118758
118760
118762
118764
118766
118768
118770
118772
118774
118776
118778
118780
118782
118784
118784
118784
118784
118784
118784
118784
118784
118784
118784
118784
118784
118784
118784
118784
118784
118784
118784
118784
118784
118784
118784
118784
118784
118784
118784
118784
118784
118784
118784
118784
118784
118784
118784
118784
118784
118784
118784
118784
118784
118784
118784
118784
118784
118784
118784
118784
118784
118784
118784
118784
118784
118784
118784
118784
118784
118784
118784
118784
118784
118784
118784
118784
118784
118784
118784
118784
118784
118784
118784
118784
118784
118784
118784
118784
118784
118784
118784
118784
118784
118784
118784
118784
118784
118784
118784
118784
118784
118784
118784
118784
118784
118784
118784
118784
118784
118784
118784
118784
118784
118784
118784
118784
118784
118784
118784
118784
118784
118784
118784
118784
118784
118784
118784
118784
118784
118784
118784
118784
118784
118784
118784
118784
118784
118784
118784
118784
118784
118784
118784
118784
118784
118784
118784
118784
118784
118784
118784
118784
118784
118784
118784
118784
118784
118784
118784
118784
118784
118784
118784
118784
118784
118784
118784
118784
118784
118784
118784
118784
118784
118784
118784
118784
118784
118784
118784
118784
118784
118784
118784
118784
118784
118784
118784
118784
118784
118784
118784
118784
118784
118784
118784
118784
118784
118784
118784
118784
118784
118784
118784
118784
118784
118784
118784
118784
118784
118784
118784
118784
118784
118784
118784
118784
118784
118784
118784
118784
118784
118784
118784
118784
118784
118784
118784
118784
118784
118784
118784
118784
118784
118784
118784
118784
118784
118784
118784
118784
118784
118784
118784
118784
118784
118784
118784
118784
118784
118784
118784
118784
118784
118784
118784
118784
118784
118784
118784
118784
118784
118784
118784
118784
118784
118784
118784
118784
118784
118784
118784
118784
118784
118784
118784
118784
118784
118784
118784
118784
118784
118784
118784
118784
118784
118784
118784
118784
118784
118784
118784
118784
118784
118784
118784
118784
118784
118784
118784
118784
118784
118784
118784
118784
118784
118784
118784
118784
118784
118784
118784
118784
118784
118784
118784
118784
118784
118784
118784
118784
118784
118784
118784
118784
118784
118784
118784
118784
118784
118784
118784
118784
118784
118784
118784
118784
118784
118784
118784
118784
118784
118784
118784
118784
118784
118784
118784
118784
118784
118784
118784
118784
118784
118784
118784
118784
118784
118784
118784
118784
118784
118784
118784
118784
118784
118784
118784
118784
118784
118784
118784
118784
118784
118784
118784
118784
118784
118784
118784
118784
118784
118784
118784
118784
118784
118784
118784
118784
118784
118784
118784
118784
118784
118784
118784
118784
118784
118784
118784
118784
118784
118784
118784
118784
118784
118784
118784
118784
118784
118784
118784
118784
118784
118784
118784
118784
118784
118784
118784
118784
118784
118784
118784
118784
118784
118784
118784
118784
118784
118784
118784
118784
118784
118784
118784
118784
118784
118784
118784
118784
118784
118784
118784
118784
118784
118784
118784
118784
118784
118784
118784
118784
118784
118784
118784
118784
118784
118784
118784
118784
118784
118784
118784
118784
118784
118784
118784
118784
118784
118784
118784
118784
118784
118784
118784
118784
118784
118784
118784
118784
118784
118784
118784
118784
118784
118784
118784
118784
118784
118784
118784
118784
118784
118784
118784
118784
118784
118784
118784
118784
118784
118784
118784
118784
118784
118784
118784
118784
118784
118784
118784
118784
118784
118784
118784
118784
118784
118784
118784
118784
118784
118784
118784
118784
118784
118784
118784
118784
118784
118784
118784
118784
118784
118784
118784
118784
118784
118784
118784
118784
118784
118784
118784
118784
118784
118784
118784
118784
118784
118784
118784
118784
118784
118784
118784
118784
118784
118784
118784
118784
118784
118784
118784
118784
118784
118784
118784
118784
118784
118784
118784
118784
118784
118784
118784
118784
118784
118784
118784
118784
118784
118784
118784
118784
118784
118784
118784
118784
118784
118784
118784
118784
118784
118784
118784
118784
118784
118784
118784
118784
118784
118784
118784
118784
118784
118784
118784
118784
118784
118784
118784
118784
118784
118784
118784
118784
118784
118784
118784
118784
118784
118784
118784
118784
118784
118784
118784
118784
118784
118784
118784
118784
118784
118784
118784
118784
118784
118784
118784
118784
118784
118784
118784
118784
118784
118784
118784
118784
118784
118784
118784
118784
118784
118784
118784
118784
118784
118784
118784
118784
118784
118784
118784
118784
118784
118784
118784
118784
118784
118784
118784
118784
118784
118784
118784
118784
118784
118784
118784
118784
118784
118784
118784
118784
118784
118784
118784
118784
118784
118784
118784
118784
118784
118784
118784
118784
118784
118784
118784
118784
118784
118784
118784
118784
118784
118784
118784
118784
118784
118784
118784
118784
118784
118784
118784
118784
118784
118784
118784
118784
118784
118784
118784
118784
118784
118784
118784
118784
118784
118784
118784
118784
118784
118784
118784
118784
118784
118784
118784
118784
118784
118784
118784
118784
118784
118784
118784
118784
118784
118784
118784
118784
118784
118784
118784
118784
118784
118784
118784
118784
118784
118784
118784
118784
118784
118784
118784
118784
118784
118784
118784
118784
118784
118784
118784
118784
118784
118784
118784
118784
118784
118784
118784
118784
118784
118784
118784
118784
118784
118784
118784
118784
118784
118784
118784
118784
118784
118784
118784
118784
118784
118784
118784
118784
118784
118784
118784
118784
118784
118784
118784
118784
118784
118784
118784
118784
118784
118784
118784
118784
118784
118784
118784
118784
118784
118784
118784
118784
118784
118784
118784
118784
118784
118784
118784
118784
118784
118784
118784
118784
118784
118784
118784
118784
118784
118784
118784
118784
118784
118784
118784
118784
118784
118784
118784
118784
118784
118784
118784
118784
118784
118784
118784
118784
118784
118784
118784
118784
118784
118784
118784
118784
118784
118784
118784
118784
118784
118784
118784
118784
118784
118784
118784
118784
118784
118784
118784
118784
118784
118784
118784
