Time needed: 471.90 s
Distance travelled: 943.73 m
Total rotation: 4148.6°
Objects found after: 44.77 s, 46.53 s, 307.50 s

+++ following progress ticks +++
461
496
531
561
588
616
635
662
692
718
745
769
798
819
845
869
893
915
945
967
995
1017
1039
1064
1092
1119
1153
1176
1199
1226
1253
1274
1299
1327
1352
1377
1399
1425
1450
1475
1502
1524
1552
1576
1601
1621
1647
1673
1696
1719
1747
1770
1798
1823
1847
1873
1897
1921
1944
1970
1993
2017
2039
2065
2088
2112
2135
2152
2175
2198
2219
2235
2248
2257
2263
2266
2269
2269
2269
2269
2269
2269
2269
2269
2269
2269
2269
2269
2269
2269
2269
2269
2269
2270
2273
2274
2277
2281
2284
2288
2295
2300
2308
2315
2324
2333
2344
2353
2366
2377
2389
2403
2414
2426
2438
2453
2465
2478
2490
2506
2518
2535
2545
2562
2578
2594
2608
2626
2643
2658
2677
2696
2712
2730
2748
2766
2786
2807
2825
2847
2866
2888
2908
2932
2954
2975
3001
3023
3048
3072
3099
3120
3147
3174
3200
3226
3252
3279
3307
3334
3361
3381
3406
3437
3467
3498
3526
3555
3588
3616
3649
3680
3712
3744
3777
3810
3840
3873
3908
3939
3975
4006
4044
4076
4110
4147
4183
4219
4252
4290
4329
4367
4405
4444
4483
4521
4560
4599
4638
4678
4718
4757
4796
4838
4876
4918
4958
4998
5041
5085
5123
5164
5204
5248
5289
5325
5371
5414
5457
5501
5543
5584
5630
5673
5716
5760
5804
5847
5890
5929
5975
6019
6064
6109
6154
6198
6243
6286
6333
6377
6424
6469
6516
6557
6603
6647
6693
6741
6787
6833
6876
6921
6969
7017
7058
7112
7153
7203
7252
7295
7344
7390
7434
7480
7530
7578
7626
7675
7722
7772
7817
7865
7915
7963
8011
8056
8104
8153
8198
8245
8297
8343
8389
8440
8488
8540
8587
8635
8684
8734
8779
8829
8880
8926
8972
9021
9070
9118
9170
9214
9268
9313
9363
9414
9458
9510
9559
9609
9655
9705
9757
9805
9855
9905
9954
10004
10052
10104
10151
10199
10247
10296
10345
10395
10445
10496
10543
10593
10646
10693
10743
10792
10839
10889
10938
10988
11036
11087
11136
11183
11234
11285
11336
11383
11435
11485
11531
11584
11634
11686
11731
11784
11834
11882
11932
11984
12035
12081
12133
12186
12235
12286
12338
12389
12437
12485
12532
12584
12635
12686
12737
12786
12837
12888
12939
12991
13041
13092
13142
13192
13243
13294
13344
13395
13444
13497
13543
13595
13645
13699
13747
13797
13849
13898
13947
14001
14051
14100
14155
14201
14272
14318
14372
14420
14472
14524
14571
14624
14675
14725
14776
14828
14877
14930
14979
15031
15079
15130
15180
15232
15283
15335
15386
15437
15489
15539
15588
15640
15691
15743
15796
15847
15899
15948
15998
16050
16101
16152
16202
16255
16307
16357
16408
16460
16512
16561
16613
16664
16715
16768
16821
16871
16921
16972
17025
17075
17130
17179
17229
17282
17334
17385
17438
17486
17542
17589
17639
17694
17745
17793
17844
17898
17951
18005
18054
18103
18156
18210
18262
18317
18366
18419
18471
18521
18575
18626
18677
18728
18779
18831
18882
18937
18988
19041
19091
19144
19196
19246
19299
19350
19402
19454
19505
19558
19611
19662
19713
19768
19816
19870
19921
19971
20019
20073
20127
20178
20227
20279
20332
20383
20438
20488
20540
20591
20646
20697
20748
20796
20851
20904
20952
21005
21058
21110
21159
21212
21265
21320
21369
21422
21468
21519
21572
21623
21674
21727
21780
21832
21885
21937
21989
22042
22092
22144
22196
22247
22299
22353
22404
22456
22508
22562
22614
22665
22719
22770
22821
22874
22927
22979
23032
23083
23138
23190
23241
23295
23347
23396
23450
23504
23556
23605
23658
23713
23764
23818
23870
23921
23972
24026
24076
24133
24182
24234
24284
24340
24393
24442
24496
24549
24598
24653
24706
24758
24806
24861
24915
24968
25018
25068
25120
25171
25227
25279
25332
25383
25436
25487
25542
25594
25646
25697
25751
25805
25855
25909
25961
26013
26064
26116
26168
26221
26275
26326
26379
26434
26484
26538
26589
26642
26695
26747
26799
26853
26906
26955
27010
27063
27113
27167
27222
27272
27325
27378
27431
27485
27534
27586
27640
27693
27747
27798
27847
27901
27953
28008
28057
28110
28160
28214
28269
28316
28372
28425
28474
28529
28583
28636
28683
28739
28791
28845
28897
28951
29002
29053
29107
29159
29211
29265
29317
29371
29426
29478
29531
29583
29635
29688
29741
29794
29848
29900
29951
30005
30058
30108
30162
30213
30268
30321
30373
30425
30478
30529
30585
30634
30690
30740
30794
30847
30897
30951
31002
31055
31109
31161
31215
31269
31322
31375
31426
31476
31532
31580
31634
31688
31741
31793
31847
31899
31952
32004
32061
32111
32162
32214
32269
32318
32375
32422
32477
32531
32580
32637
32688
32742
32791
32847
32901
32955
33004
33055
33110
33165
33218
33271
33323
33374
33428
33479
33529
33583
33632
33683
33735
33788
33843
33896
33949
34002
34056
34108
34161
34214
34266
34319
34373
34425
34480
34532
34585
34638
34691
34745
34801
34852
34906
34960
35013
35066
35118
35173
35226
35279
35332
35385
35437
35491
35543
35593
35646
35700
35750
35802
35857
35912
35967
36018
36069
36122
36176
36231
36283
36336
36388
36443
36497
36547
36601
36653
36706
36762
36810
36867
36917
36970
37026
37076
37127
37184
37236
37287
37339
37394
37449
37502
37556
37606
37659
37712
37765
37819
37872
37928
37982
38035
38091
38145
38199
38249
38303
38356
38407
38460
38515
38569
38621
38674
38726
38782
38834
38887
38939
38994
39050
39102
39152
39206
39257
39309
39363
39417
39468
39523
39575
39630
39682
39735
39787
39841
39895
39945
39999
40053
40103
40160
40212
40265
40319
40373
40427
40480
40531
40587
40640
40692
40742
40797
40849
40904
40955
41008
41061
41112
41168
41220
41275
41324
41380
41430
41484
41540
41588
41644
41696
41747
41803
41854
41905
41961
42014
42069
42117
42172
42227
42280
42334
42387
42436
42491
42543
42599
42654
42707
42763
42815
42869
42922
42973
43029
43084
43135
43189
43243
43294
43348
43402
43455
43509
43562
43615
43669
43721
43774
43829
43885
43937
43989
44041
44097
44150
44198
44255
44306
44360
44413
44466
44518
44573
44626
44680
44731
44785
44838
44893
44944
44997
45051
45106
45159
45211
45264
45316
45370
45424
45479
45531
45585
45635
45690
45745
45797
45849
45904
45958
46011
46062
46118
46172
46222
46279
46331
46387
46440
46493
46546
46598
46655
46707
46758
46813
46869
46917
46973
47028
47081
47129
47184
47240
47293
47347
47394
47451
47506
47559
47612
47669
47721
47776
47827
47878
47931
47980
48034
48086
48141
48193
48245
48298
48353
48407
48461
48514
48568
48622
48675
48728
48782
48835
48889
48943
48996
49049
49102
49158
49211
49264
49321
49373
49425
49481
49532
49587
49641
49695
49748
49801
49855
49910
49963
50019
50073
50126
50181
50234
50289
50342
50395
50446
50501
50555
50603
50658
50710
50767
50817
50868
50925
50980
51034
51086
51138
51191
51246
51300
51354
51406
51456
51512
51566
51619
51672
51725
51777
51831
51885
51938
51991
52046
52097
52152
52209
52260
52311
52367
52421
52475
52525
52580
52637
52689
52744
52795
52844
52899
52953
53009
53063
53117
53170
53222
53278
53333
53386
53440
53495
53547
53602
53654
53710
53763
53816
53869
53922
53976
54030
54084
54138
54192
54244
54298
54351
54405
54459
54513
54567
54621
54674
54726
54780
54834
54888
54942
54996
55048
55103
55154
55210
55259
55316
55366
55423
55477
55531
55585
55637
55693
55746
55799
55852
55909
55959
56012
56068
56124
56175
56230
56284
56338
56394
56444
56500
56553
56606
56660
56713
56767
56821
56874
56928
56980
57034
57087
57142
57193
57248
57300
57353
57407
57461
57516
57566
57620
57677
57729
57785
57839
57889
57945
58000
58051
58103
58158
58213
58268
58322
58372
58426
58479
58535
58589
58643
58697
58749
58803
58851
58906
58963
59016
59070
59123
59177
59230
59284
59337
59392
59446
59500
59554
59607
59662
59714
59768
59822
59875
59929
59982
60037
60091
60142
60197
60252
60306
60358
60411
60465
60519
60573
60630
60680
60734
60790
60840
60895
60947
61002
61056
61110
61163
61218
61270
61324
61380
61433
61487
61540
61592
61649
61701
61753
61808
61864
61916
61966
62020
62075
62129
62183
62237
62293
62348
62403
62454
62509
62563
62616
62675
62726
62778
62832
62889
62942
62996
63048
63101
63155
63210
63268
63319
63372
63425
63481
63538
63587
63641
63696
63747
63802
63858
63910
63962
64019
64073
64128
64175
64232
64287
64343
64396
64450
64500
64555
64609
64662
64717
64770
64827
64881
64933
64988
65040
65091
65147
65198
65249
65301
65354
65408
65462
65515
65570
65623
65677
65731
65785
65840
65893
65947
66001
66054
66106
66160
66213
66268
66321
66376
66430
66484
66537
66592
66646
66699
66755
66808
66860
66917
66969
67027
67079
67137
67187
67242
67295
67352
67404
67457
67511
67562
67618
67671
67723
67777
67834
67886
67937
67991
68047
68100
68153
68209
68262
68317
68367
68421
68474
68527
68581
68634
68689
68744
68799
68854
68906
68959
69014
69069
69123
69175
69229
69282
69337
69388
69435
69476
69520
69558
69593
69630
69663
69692
69728
69761
69791
69819
69846
69872
69896
69919
69941
69962
69982
70000
70018
70035
70051
70067
70082
70096
70110
70124
70136
70148
70160
70172
70184
70196
70208
70220
70232
70244
70256
70268
70280
70292
70304
70317
70331
70345
70359
70375
70391
70409
70427
70446
70466
70487
70509
70533
70557
70583
70611
70640
70670
70702
70736
70772
70810
70850
70890
70932
70976
71022
71060
71084
71101
71116
71138
71157
71185
71216
71258
71303
71349
71399
71454
71505
71559
71613
71667
71723
71773
71826
71883
71934
71989
72040
72097
72152
72205
72258
72313
72369
72423
72478
72529
72584
72638
72691
72746
72798
72851
72905
72959
73013
73067
73119
73171
73226
73281
73334
73389
73440
73495
73551
73605
73660
73710
73767
73822
73874
73928
73982
74034
74091
74144
74196
74250
74305
74358
74412
74456
74508
74556
74604
74649
74695
74735
74777
74820
74862
74904
74945
74985
75025
75065
75105
75144
75182
75220
75258
75296
75334
75372
75410
75448
75488
75528
75568
75608
75648
75689
75731
75773
75815
75858
75902
75947
75993
76039
76087
76135
76185
76235
76287
76330
76352
76372
76407
76443
76488
76536
76591
76641
76694
76749
76803
76858
76911
76968
77019
77076
77131
77187
77238
77293
77345
77400
77454
77508
77562
77611
77668
77722
77775
77828
77885
77936
77989
78043
78102
78152
78206
78260
78313
78370
78421
78478
78532
78587
78642
78693
78747
78800
78854
78908
78960
79015
79071
79123
79178
79231
79283
79337
79391
79447
79500
79552
79606
79660
79717
79771
79818
79866
79912
79955
79995
80033
80070
80108
80145
80178
80211
80242
80272
80301
80328
80354
80379
80403
80427
80449
80471
80491
80511
80530
80548
80566
80583
80599
80615
80631
80647
80661
80675
80689
80703
80717
80731
80745
80759
80773
80787
80801
80815
80830
80846
80862
80878
80895
80913
80931
80949
80969
80989
81011
81033
81056
81080
81106
81133
81161
81191
81221
81253
81286
81320
81356
81394
81434
81475
81518
81562
81608
81656
81694
81718
81742
81756
81775
81802
81830
81871
81912
81958
82008
82061
82116
82170
82222
82278
82330
82385
82438
82490
82546
82600
82655
82706
82763
82817
82870
82920
82978
83032
83086
83140
83191
83245
83298
83352
83406
83457
83512
83565
83619
83673
83727
83779
83832
83889
83942
83996
84045
84100
84154
84209
84262
84318
84368
84423
84479
84532
84588
84639
84693
84749
84803
84857
84912
84967
85017
85073
85128
85181
85234
85287
85342
85398
85446
85503
85558
85612
85665
85716
85771
85825
85880
85935
85991
86043
86098
86152
86203
86256
86310
86365
86419
86473
86528
86581
86635
86687
86742
86796
86853
86905
86960
87012
87066
87120
87174
87228
87283
87335
87389
87443
87497
87552
87606
87660
87714
87768
87821
87876
87929
87984
88039
88094
88147
88201
88254
88307
88363
88416
88470
88527
88578
88632
88682
88736
88792
88846
88903
88955
89009
89063
89118
89172
89223
89278
89332
89388
89442
89493
89550
89604
89656
89711
89765
89818
89874
89927
89981
90035
90089
90145
90195
90250
90304
90360
90413
90466
90524
90576
90634
90685
90737
90782
90824
90859
90890
90920
90945
90967
90987
91009
91027
91042
91055
91066
91075
91081
91086
91088
91090
91092
91094
91096
91098
91100
91102
91104
91106
91108
91110
91111
91111
91111
91111
91111
91111
91111
91111
91111
91111
91111
91111
91111
91111
91111
91111
91111
91111
91111
91111
91111
91111
91111
91111
91111
91111
91111
91111
91111
91111
91111
91111
91111
91111
91111
91111
91111
91111
91111
91111
91111
91111
91111
91111
91111
91111
91111
91111
91111
91111
91111
91111
91111
91111
91111
91111
91111
91111
91111
91111
91111
91111
91111
91111
91113
91117
91121
91125
91131
91137
91143
91149
91155
91163
91173
91186
91202
91221
91243
91268
91296
91327
91362
91393
91411
91429
91440
91448
91459
91479
91501
91529
91561
91602
91645
91693
91738
91783
91833
91881
91935
91990
92046
92097
92154
92208
92263
92318
92372
92426
92479
92538
92593
92645
92698
92752
92805
92853
92897
92938
92974
93008
93039
93068
93094
93122
93148
93171
93193
93213
93231
93247
93262
93275
93286
93296
93304
93311
93317
93321
93323
93325
93326
93326
93326
93326
93326
93326
93326
93326
93326
93326
93326
93326
93326
93326
93326
93326
93326
93326
93326
93326
93326
93326
93326
93326
93326
93326
93326
93326
93326
93326
93326
93326
93326
93326
93326
93326
93326
93326
93326
93326
93326
93326
93326
93326
93326
93326
93326
93326
93326
93328
93334
93339
93343
93347
93351
93355
93361
93369
93379
93390
93403
93418
93436
93455
93476
93499
93525
93553
93584
93617
93652
93689
93729
93770
93811
93836
93857
93875
93888
93904
93924
93951
93981
94017
94059
94107
94152
94201
94258
94309
94363
94417
94473
94525
94578
94635
94688
94744
94794
94850
94902
94956
95011
95061
95116
95172
95224
95282
95335
95383
95431
95470
95506
95539
95569
95595
95618
95639
95663
95682
95701
95715
95728
95738
95746
95752
95756
95758
95760
95762
95764
95766
95768
95770
95772
95774
95776
95777
95777
95777
95777
95777
95777
95777
95777
95777
95777
95777
95777
95777
95777
95777
95777
95777
95777
95777
95777
95777
95777
95777
95777
95777
95777
95777
95777
95777
95777
95777
95777
95777
95777
95777
95777
95777
95777
95777
95777
95777
95777
95777
95777
95777
95777
95777
95777
95777
95777
95777
95777
95777
95777
95777
95777
95777
95777
95777
95777
95777
95777
95777
95777
95777
95777
95777
95777
95779
95785
95791
95797
95803
95809
95815
95821
95828
95837
95848
95863
95881
95902
95925
95951
95980
96012
96047
96085
96113
96138
96153
96169
96181
96193
96211
96234
96262
96299
96340
96386
96433
96480
96524
96572
96626
96681
96735
96788
96840
96897
96951
97007
97059
97110
97163
97220
97275
97330
97382
97435
97489
97546
97600
97655
97706
97762
97818
97873
97927
97982
98032
98089
98143
98198
98252
98303
98357
98413
98465
98521
98573
98627
98684
98739
98790
98844
98900
98950
99006
99061
99117
99167
99222
99278
99335
99387
99438
99494
99550
99605
99659
99713
99764
99817
99871
99927
99980
100036
100088
100143
100197
100250
100303
100356
100410
100465
100519
100574
100627
100681
100735
100791
100846
100901
100958
101012
101065
101121
101178
101232
101286
101342
101396
101451
101506
101558
101612
101666
101720
101774
101828
101883
101938
101994
102046
102101
102154
102208
102262
102315
102370
102425
102479
102531
102587
102642
102695
102748
102802
102857
102909
102962
103015
103070
103125
103179
103233
103288
103345
103397
103452
103504
103563
103614
103669
103721
103776
103831
103884
103938
103991
104046
104099
104157
104208
104264
104315
104370
104425
104479
104531
104588
104643
104695
104750
104805
104861
104908
104945
104980
105008
105033
105053
105070
105083
105094
105106
105113
105117
105120
105122
105124
105126
105128
105130
105132
105134
105136
105138
105140
105142
105144
105146
105146
105146
105146
105146
105146
105146
105146
105146
105146
105146
105146
105146
105146
105146
105146
105146
105146
105146
105146
105146
105146
105146
105146
105146
105146
105146
105146
105146
105146
105146
105146
105146
105146
105146
105146
105146
105146
105146
105146
105146
105146
105146
105146
105146
105146
105146
105146
105146
105146
105146
105146
105146
105146
105146
105146
105146
105146
105146
105146
105146
105146
105146
105146
105146
105146
105146
105146
105146
105146
105146
105146
105146
105146
105146
105146
105146
105146
105146
105146
105146
105146
105146
105146
105146
105146
105146
105146
105146
105146
105146
105146
105146
105146
105146
105146
105146
105146
105146
105146
105146
105146
105146
105146
105146
105146
105146
105146
105146
105146
105147
105149
105152
105152
105152
105152
105152
105152
105152
105152
105152
105152
105152
105152
105152
105152
105152
105152
105152
105152
105152
105152
105152
105152
105152
105152
105152
105153
105155
105158
105160
105162
105164
105164
105164
105164
105164
105164
105164
105164
105164
105164
105164
105164
105164
105164
105164
105164
105164
105164
105164
105164
105164
105164
105164
105164
105164
105164
105164
105164
105164
105164
105164
105164
105164
105164
105164
105164
105164
105164
105164
105164
105164
105164
105164
105164
105164
105164
105164
105164
105164
105164
105164
105164
105164
105164
105164
105164
105164
105164
105164
105164
105164
105164
105164
105164
105164
105164
105164
105164
105164
105164
105164
105164
105164
105164
105164
105164
105164
105164
105164
105164
105164
105164
105164
105164
105164
105164
105164
105164
105164
105164
105164
105164
105164
105166
105168
105170
105174
105178
105183
105189
105195
105202
105210
105218
105229
105244
105261
105284
105308
105327
105343
105348
105351
105351
105351
105351
105351
105351
105351
105351
105351
105351
105351
105351
105351
105362
105379
105395
105405
105408
105410
105413
105415
105417
105419
105421
105423
105425
105427
105429
105430
105430
105430
105430
105430
105430
105430
105430
105430
105430
105430
105430
105430
105430
105430
105430
105430
105430
105430
105430
105430
105430
105430
105430
105430
105430
105430
105430
105430
105430
105430
105430
105430
105430
105430
105430
105430
105430
105430
105430
105430
105430
105430
105430
105430
105430
105430
105430
105430
105430
105430
105430
105430
105430
105430
105430
105430
105430
105430
105430
105430
105430
105430
105430
105430
105430
105430
105430
105430
105430
105430
105430
105430
105430
105430
105430
105430
105430
105430
105430
105430
105430
105430
105430
105430
105430
105430
105430
105430
105430
105430
105430
105430
105430
105430
105430
105430
105430
105430
105430
105430
105430
105430
105430
105430
105430
105430
105430
105430
105430
105430
105430
105431
105433
105436
105440
105446
105452
105460
105468
105478
105491
105508
105529
105547
105563
105571
105577
105581
105584
105595
105611
105634
105661
105692
105732
105782
105829
105874
105912
105953
105996
106042
106092
106146
106198
106251
106306
106363
106418
106470
106526
106577
106632
106685
106740
106795
106845
106900
106954
107010
107065
107120
107171
107227
107283
107336
107390
107442
107498
107551
107609
107658
107714
107769
107823
107875
107932
107988
108041
108092
108148
108204
108256
108307
108362
108417
108474
108528
108576
108633
108689
108743
108797
108849
108901
108956
109012
109068
109121
109176
109231
109287
109339
109395
109445
109499
109554
109609
109665
109719
109772
109825
109877
109928
109982
110032
110085
110135
110185
110235
110285
110335
110385
110435
110485
110535
110585
110635
110686
110738
110790
110842
110894
110946
110999
111048
111085
111131
111183
111236
111291
111345
111400
111454
111508
111562
111616
111671
111724
111779
111833
111890
111943
111998
112052
112106
112160
112214
112267
112325
112378
112430
112485
112534
112590
112644
112700
112754
112810
112863
112919
112973
113030
113082
113136
113186
113243
113296
113353
113406
113461
113518
113567
113624
113680
113732
113785
113838
113894
113949
114005
114055
114114
114157
114198
114224
114248
114266
114280
114290
114298
114303
114306
114309
114311
114313
114315
114317
114319
114321
114323
114325
114327
114329
114331
114333
114335
114336
114336
114336
114336
114336
114336
114336
114336
114336
114336
114336
114336
114336
114336
114336
114336
114336
114336
114336
114336
114336
114336
114336
114336
114336
114336
114336
114336
114336
114336
114336
114336
114336
114336
114336
114336
114336
114336
114336
114336
114336
114336
114336
114336
114336
114336
114336
114336
114336
114336
114336
114336
114336
114336
114336
114336
114336
114336
114336
114336
114336
114336
114336
114336
114336
114336
114336
114336
114336
114336
114336
114336
114336
114336
114336
114336
114336
114336
114336
114336
114336
114336
114336
114336
114336
114336
114336
114336
114336
114336
114336
114336
114336
114336
114336
114336
114336
114336
114336
114336
114336
114336
114336
114336
114336
114336
114336
114336
114336
114336
114336
114336
114336
114336
114336
114336
114336
114336
114336
114336
114336
114336
114336
114336
114336
114336
114336
114336
114336
114336
114336
114336
114336
114336
114336
114336
114336
114336
114336
114336
114336
114336
114336
114336
114336
114336
114336
114336
114336
114336
114336
114336
114336
114336
114336
114336
114336
114336
114336
114336
114336
114336
114336
114336
114336
114336
114336
114336
114336
114336
114336
114336
114336
114336
114336
114336
114336
114336
114336
114336
114336
114336
114336
114336
114336
114336
114336
114336
114336
114336
114336
114336
114336
114336
114336
114336
114336
114336
114336
114336
114336
114336
114336
114336
114336
114336
114336
114336
114336
114336
114336
114336
114336
114336
114336
114336
114336
114336
114336
114336
114336
114336
114336
114336
114336
114336
114336
114336
114336
114336
114336
114336
114336
114336
114336
114336
114336
114336
114336
114336
114336
114336
114336
114336
114336
114336
114336
114336
114336
114336
114336
114336
114336
114336
114336
114336
114336
114336
114336
114336
114336
114336
114336
114336
114336
114336
114336
114336
114336
114336
114336
114336
114336
114336
114336
114336
114336
114336
114336
114336
114336
114336
114336
114336
114336
114336
114336
114336
114336
114336
114336
114336
114336
114336
114336
114336
114336
114336
114336
114336
114336
114336
114336
114336
114336
114336
114336
114336
114336
114336
114336
114336
114336
114336
114336
114336
114336
114336
114336
114336
114336
114336
114336
114336
114336
114336
114336
114336
114336
114336
114336
114336
114336
114336
114336
114336
114336
114336
114336
114336
114336
114336
114336
114336
114336
114336
114336
114336
114336
114336
114336
114336
114336
114336
114336
114336
114336
114336
114336
114336
114336
114336
114336
114336
114336
114336
114336
114336
114336
114336
114336
114336
114336
114336
114336
114336
114336
114336
114336
114336
114336
114336
114336
114336
114336
114336
114336
114336
114336
114336
114336
114336
114336
114336
114336
114336
114336
114336
114336
114336
114336
114336
114336
114336
114336
114336
114336
114336
114336
114336
114336
114336
114336
114336
114336
114336
114336
114336
114336
114336
114336
114336
114336
114336
114336
114336
114337
114339
114343
114349
114355
114357
114357
114357
114357
114357
114357
114357
114357
114361
114372
114395
114429
114477
114525
114571
114616
114658
114696
114733
114772
114810
114857
114901
114952
115005
115058
115111
115167
115222
115277
115330
115382
115437
115492
115546
115600
115653
115707
115762
115819
115870
115922
115974
116023
116072
116117
116159
116198
116240
116275
116307
116342
116375
116406
116435
116462
116488
116512
116535
116556
116576
116595
116613
116629
116644
116658
116672
116684
116695
116705
116714
116722
116730
116737
116743
116748
116752
116756
116759
116761
116763
116765
116765
116765
116765
116765
116765
116765
116765
116765
116765
116765
116765
116765
116765
116765
116765
116765
116765
116765
116765
116765
116765
116765
116765
116765
116765
116765
116765
116765
116765
116765
116766
116768
116769
116769
116770
116772
116774
116777
116781
116785
116791
116797
116804
116812
116821
116831
116842
116854
116868
116883
116899
116917
116936
116956
116977
117000
117024
117050
117077
117106
117136
117168
117202
117237
117274
117313
117353
117395
117439
117484
117531
117579
117605
117632
117651
117666
117695
117722
117762
117798
117844
117894
117951
118001
118057
118111
118163
118210
118249
118276
118297
118312
118321
118328
118331
118334
118336
118338
118340
118340
118340
118341
118343
118345
118347
118349
118351
118353
118355
118357
118359
118359
118359
118359
118359
118359
118359
118359
118359
118359
118359
118359
118359
118359
118359
118359
118359
118359
118359
118359
118359
118359
118359
118359
118359
118359
118359
118359
118359
118359
118359
118359
118359
118359
118359
118359
118359
118359
118359
118359
118359
118359
118359
118359
118359
118359
118359
118359
118359
118359
118359
118359
118359
118359
118359
118359
118359
118359
118359
118359
118359
118359
118359
118359
118359
118359
118359
118359
118359
118359
118359
118359
118359
118359
118359
118359
118359
118359
118359
118359
118359
118359
118359
118359
118359
118359
118359
118359
118359
118359
118359
118359
118359
118359
118359
118359
118359
118359
118359
118359
118359
118359
118359
118359
118359
118359
118359
118359
118359
118359
118359
118359
118359
118359
118359
118359
118359
118359
118359
118359
118359
118359
118359
118359
118359
118359
118359
118359
118359
118359
118359
118359
118359
118359
118359
118359
118359
118359
118359
118359
118359
118359
118359
118359
118359
118359
118359
118359
118359
118359
118359
118359
118359
118359
118359
118359
118359
118359
118359
118359
118359
118359
118359
118359
118359
118359
118359
118359
118359
118359
118359
118359
118359
118359
118359
118359
118359
118359
118359
118359
118359
118359
118359
118359
118359
118359
118359
118359
118359
118359
118359
118359
118359
118359
118359
118359
118359
118359
118359
118359
118359
118359
118359
118359
118359
118359
118359
118359
118359
118359
118359
118359
118359
118359
118359
118359
118359
118359
118359
118359
118359
118359
118359
118359
118359
118359
118359
118359
118359
118359
118359
118359
118359
118359
118359
118359
118359
118359
118359
118359
118359
118359
118359
118359
118359
118359
118359
118359
118359
118359
118359
118359
118359
118359
118359
118359
118359
118359
118359
118359
118359
118359
118359
118359
118359
118359
118359
118359
118359
118359
118359
118359
118359
118359
118359
118359
118359
118359
118359
118359
118359
118359
118359
118359
118359
118359
118359
118359
118359
118359
118359
118359
118359
118359
118359
118359
118359
118359
118359
118359
118359
118359
118359
118359
118359
118359
118359
118359
118359
118359
118359
118359
118359
118359
118359
118359
118359
118359
118359
118359
118359
118359
118359
118359
118359
118359
118359
118359
118359
118359
118359
118359
118359
118359
118359
118359
118359
118359
118359
118359
118359
118359
118359
118359
118359
118359
118359
118359
118359
118359
118359
118359
118359
118359
118359
118359
118359
118359
118359
118359
118359
118359
118359
118359
118359
118359
118359
118359
118359
118359
118359
118359
118359
118359
118359
118359
118359
118359
118359
118359
118359
118359
118359
118359
118359
118359
118359
118359
118359
118359
118359
118359
118359
118359
118359
118359
118359
118359
118359
118359
118359
118359
118359
118359
118359
118359
118359
118359
118359
118359
118359
118359
118359
118359
118359
118359
118359
118359
118359
118359
118359
118359
118359
118359
118359
118359
118359
118359
118359
118359
118359
118359
118359
118359
118359
118359
118359
118359
118359
118359
118359
118359
118359
118359
118359
118359
118360
118360
118360
118360
118360
118360
118360
118360
118360
118360
118360
118360
118360
118360
118360
118360
118360
118360
118360
118360
118360
118360
118360
118360
118360
118360
118360
118360
118360
118360
118360
118360
118360
118360
118360
118360
118360
118360
118360
118360
118360
118360
118360
118360
118360
118360
118360
118360
118360
118360
118360
118360
118360
118360
118360
118360
118360
118360
118360
118360
118360
118360
118360
118360
118360
118360
118360
118360
118360
118360
118360
118360
118360
118360
118360
118360
118360
118360
118360
118360
118360
118360
118360
118360
118360
118360
118360
118360
118360
118360
118360
118360
118360
118360
118360
118360
118360
118360
118360
118360
118360
118360
118360
118360
118360
118360
118360
118360
118360
118360
118360
118360
118360
118360
118360
118360
118360
118360
118360
118360
118360
118360
118360
118360
118360
118360
118360
118360
118360
118360
118360
118360
118360
118360
118360
118360
118360
118360
118360
118360
118360
118360
118360
118360
118360
118360
118360
118360
118360
118360
118363
118369
118372
118372
118372
118372
118372
118372
118372
118372
118372
118372
118372
118372
118372
118372
118372
118372
118372
118372
118372
118372
118372
118372
118372
118372
118372
118372
118372
118372
118372
118372
118372
118372
118372
118372
118372
118372
118372
118372
118372
118372
118372
118372
118372
118372
118372
118372
118372
118372
118372
118372
118372
118372
118372
118372
118372
118372
118372
118372
118372
118372
118372
118372
118372
118372
118372
118372
118372
118372
118372
118372
118372
118372
118372
118372
118372
118372
118372
118372
118372
118372
118372
118372
118372
118372
118372
118372
118372
118372
118372
118372
118372
118372
118372
118372
118372
118372
118372
118372
118372
118372
118372
118372
118372
118372
118372
118372
118372
118372
118372
118372
118372
118372
118372
118372
118372
118372
118372
118372
118372
118372
118372
118372
118372
118372
118372
118372
118372
118372
118372
118372
118372
118372
118372
118372
118372
118372
118372
118372
118372
118372
118372
118372
118372
118372
118372
118372
118372
118372
118372
118372
118372
118372
118372
118372
118372
118372
118372
118372
118372
118372
118372
118372
118372
118372
118372
118372
118372
118372
118372
118372
118372
118372
118372
118372
118372
118372
118372
118372
118372
118372
118372
118372
118372
118372
118372
118372
118372
118372
118372
118372
118372
118372
118372
118372
118372
118372
118372
118372
118372
118372
118372
118372
118372
118372
118372
118372
118372
118372
118372
118372
118372
118372
118372
118372
118372
118372
118372
118372
118372
118372
118372
118372
118372
118372
118372
118372
118372
118372
118372
118372
118372
118372
118372
118372
118372
118372
118372
118372
118372
118372
118372
118372
118372
118372
118372
118372
118372
118372
118372
118372
118372
118372
118372
118372
118372
118372
118372
118372
118372
118372
118372
118372
118372
118372
118372
118372
118372
118372
118372
118372
118372
118372
118372
118372
118372
118372
118372
118372
118372
118372
118372
118372
118372
118372
118372
118372
118372
118372
118372
118372
118372
118372
118372
118372
118372
118372
118372
118372
118372
118372
118372
118372
118372
118372
118372
118372
118372
118372
118372
118372
118372
118372
118372
118372
118372
118372
118372
118372
118372
118372
118372
118372
118372
118372
118372
118372
118372
118372
118372
118372
118372
118372
118372
118372
118372
118372
118372
118372
118372
118372
118372
118372
118372
118372
118372
118372
118372
118372
118372
118372
118372
118372
118372
118372
118372
118372
118372
118372
118372
118372
118372
118372
118372
118372
118372
118372
118372
118372
118372
118372
118372
118372
118372
