Time needed: 664.03 s
Distance travelled: 1328.00 m
Total rotation: 5565.7°
Objects found after: 167.90 s, 172.70 s, 334.23 s

+++ following progress ticks +++
463
496
533
565
591
619
640
665
691
719
744
767
795
819
844
865
893
918
945
967
992
1019
1041
1070
1092
1119
1151
1175
1202
1227
1253
1278
1303
1329
1352
1374
1402
1422
1448
1475
1498
1522
1545
1575
1597
1623
1647
1672
1696
1721
1745
1771
1794
1821
1845
1870
1895
1918
1943
1965
1992
2016
2039
2063
2088
2111
2130
2156
2176
2199
2217
2235
2248
2258
2263
2266
2268
2268
2268
2268
2268
2268
2268
2268
2268
2268
2268
2268
2268
2268
2268
2268
2268
2269
2270
2273
2275
2279
2283
2288
2294
2301
2307
2314
2323
2333
2346
2353
2366
2376
2389
2401
2412
2426
2437
2453
2463
2476
2492
2505
2519
2535
2551
2568
2580
2596
2613
2629
2648
2666
2682
2699
2716
2733
2753
2771
2789
2810
2829
2850
2869
2887
2911
2927
2952
2978
3001
3022
3046
3071
3095
3122
3148
3174
3200
3227
3253
3278
3304
3335
3363
3382
3407
3438
3467
3496
3526
3554
3584
3616
3646
3678
3712
3740
3775
3809
3837
3873
3908
3943
3977
4011
4043
4078
4112
4148
4185
4222
4257
4294
4332
4369
4409
4447
4486
4523
4563
4601
4640
4679
4719
4757
4795
4839
4880
4916
4961
4997
5042
5083
5122
5165
5207
5245
5286
5331
5373
5415
5457
5501
5540
5584
5628
5671
5714
5758
5799
5842
5885
5932
5972
6018
6059
6106
6149
6194
6241
6282
6327
6373
6419
6461
6506
6555
6596
6645
6688
6737
6779
6826
6874
6923
6966
7014
7061
7107
7155
7200
7252
7296
7345
7390
7435
7484
7532
7579
7625
7673
7724
7772
7818
7869
7916
7960
7997
8033
8063
8090
8116
8140
8165
8196
8225
8251
8276
8299
8321
8341
8361
8381
8401
8421
8441
8461
8481
8501
8523
8546
8570
8596
8624
8654
8686
8710
8729
8746
8757
8763
8770
8780
8796
8817
8844
8872
8911
8958
9003
9048
9088
9135
9170
9216
9259
9301
9349
9397
9444
9495
9545
9596
9646
9696
9740
9794
9839
9893
9944
9990
10043
10092
10138
10188
10239
10290
10339
10387
10437
10487
10537
10589
10640
10691
10740
10792
10840
10889
10940
10990
11039
11091
11141
11192
11241
11292
11341
11390
11444
11490
11544
11591
11642
11693
11742
11792
11844
11892
11942
11993
12042
12095
12145
12193
12245
12297
12343
12399
12444
12497
12544
12596
12649
12694
12747
12799
12847
12895
12947
13000
13052
13105
13169
13218
13270
13321
13373
13424
13475
13525
13577
13627
13679
13730
13782
13832
13882
13935
13987
14037
14086
14138
14186
14240
14290
14340
14391
14441
14493
14542
14597
14643
14696
14747
14799
14849
14898
14951
15001
15052
15104
15151
15206
15258
15311
15360
15412
15460
15514
15563
15613
15668
15719
15766
15818
15873
15925
15974
16022
16073
16125
16176
16227
16278
16332
16383
16434
16486
16536
16590
16640
16692
16744
16796
16846
16897
16948
17000
17053
17101
17142
17182
17209
17231
17247
17260
17270
17277
17287
17291
17294
17297
17299
17301
17303
17305
17307
17309
17311
17313
17315
17316
17316
17316
17316
17316
17316
17316
17316
17316
17316
17316
17316
17316
17316
17316
17316
17316
17316
17316
17316
17316
17316
17316
17316
17316
17316
17316
17316
17316
17316
17316
17316
17316
17316
17316
17316
17316
17316
17316
17316
17316
17316
17316
17316
17316
17331
17371
17415
17460
17500
17542
17587
17626
17669
17708
17751
17790
17831
17874
17915
17960
18005
18059
18107
18162
18211
18264
18318
18367
18415
18467
18517
18563
18611
18661
18713
18761
18809
18857
18905
18953
19003
19053
19103
19153
19204
19256
19308
19344
19367
19390
19425
19465
19508
19559
19610
19662
19713
19763
19816
19872
19922
19973
20029
20079
20132
20186
20239
20291
20345
20395
20448
20501
20552
20607
20657
20706
20763
20813
20866
20919
20972
21025
21077
21129
21180
21231
21286
21336
21391
21440
21492
21545
21599
21649
21705
21753
21809
21860
21912
21966
22018
22069
22123
22177
22229
22279
22335
22386
22440
22493
22547
22597
22647
22700
22751
22803
22855
22909
22962
23015
23068
23119
23172
23227
23279
23332
23385
23436
23488
23542
23595
23647
23699
23750
23806
23859
23911
23963
24016
24066
24122
24172
24229
24279
24336
24388
24439
24495
24546
24597
24650
24705
24756
24810
24862
24917
24968
25024
25076
25129
25182
25233
25284
25338
25389
25444
25495
25547
25600
25655
25706
25758
25808
25864
25913
25969
26023
26071
26127
26181
26232
26283
26337
26392
26444
26497
26547
26601
26654
26707
26759
26812
26868
26920
26976
27028
27079
27129
27183
27234
27287
27338
27392
27443
27496
27549
27601
27654
27707
27761
27815
27867
27919
27972
28012
28036
28055
28069
28078
28082
28084
28085
28087
28089
28089
28089
28089
28089
28089
28089
28091
28093
28095
28097
28098
28098
28098
28098
28098
28098
28098
28098
28098
28098
28098
28098
28098
28098
28098
28098
28098
28098
28098
28098
28098
28098
28098
28098
28098
28098
28098
28098
28098
28098
28098
28098
28098
28098
28098
28098
28098
28098
28098
28098
28098
28098
28098
28098
28098
28098
28098
28098
28098
28098
28098
28098
28098
28098
28098
28098
28098
28098
28098
28098
28098
28098
28098
28098
28098
28098
28098
28098
28098
28098
28098
28098
28098
28098
28098
28098
28098
28098
28098
28098
28098
28098
28098
28098
28098
28098
28098
28098
28098
28098
28098
28100
28106
28110
28114
28118
28122
28126
28132
28139
28149
28161
28174
28190
28208
28228
28251
28276
28303
28334
28367
28404
28434
28457
28476
28488
28497
28509
28527
28546
28577
28607
28644
28687
28735
28779
28827
28868
28918
28969
29020
29076
29127
29178
29232
29288
29343
29396
29448
29500
29556
29610
29663
29716
29768
29823
29877
29930
29988
30038
30090
30143
30198
30255
30302
30357
30410
30459
30516
30571
30624
30673
30729
30784
30837
30890
30938
30993
31048
31102
31156
31210
31263
31317
31369
31420
31473
31522
31574
31628
31682
31733
31787
31841
31895
31949
32002
32056
32108
32162
32216
32268
32322
32374
32429
32482
32537
32590
32642
32696
32749
32804
32857
32912
32965
33020
33073
33126
33179
33232
33285
33337
33391
33448
33499
33553
33603
33658
33713
33764
33818
33874
33925
33980
34033
34086
34138
34190
34246
34301
34354
34405
34460
34513
34568
34621
34673
34727
34782
34835
34889
34943
34994
35048
35105
35159
35212
35265
35316
35371
35423
35478
35533
35583
35638
35696
35744
35798
35854
35907
35959
36011
36067
36121
36176
36227
36278
36331
36387
36440
36495
36548
36603
36655
36710
36766
36816
36869
36921
36974
37027
37081
37137
37192
37245
37298
37352
37405
37457
37511
37566
37619
37674
37725
37781
37833
37887
37941
37995
38020
38037
38050
38055
38059
38061
38063
38063
38063
38063
38063
38063
38063
38063
38063
38063
38063
38063
38065
38067
38067
38067
38067
38067
38067
38067
38067
38067
38067
38067
38067
38067
38067
38067
38067
38067
38067
38067
38067
38067
38067
38067
38067
38067
38067
38067
38067
38067
38067
38067
38067
38067
38067
38067
38067
38067
38067
38067
38067
38067
38067
38067
38067
38067
38067
38067
38067
38067
38067
38067
38067
38067
38067
38067
38067
38067
38067
38067
38067
38067
38067
38067
38067
38067
38067
38067
38067
38067
38067
38067
38067
38067
38067
38067
38067
38067
38067
38067
38067
38067
38067
38067
38067
38067
38067
38067
38067
38067
38067
38067
38067
38067
38067
38067
38067
38067
38067
38067
38067
38067
38067
38067
38067
38067
38067
38067
38067
38067
38067
38067
38067
38067
38067
38067
38067
38067
38067
38067
38067
38067
38067
38067
38067
38067
38067
38067
38067
38067
38067
38067
38067
38069
38073
38078
38084
38092
38101
38111
38117
38120
38120
38120
38120
38120
38120
38121
38132
38152
38183
38220
38265
38314
38356
38401
38440
38484
38523
38559
38600
38647
38691
38743
38796
38849
38900
38956
39009
39062
39116
39172
39221
39276
39330
39383
39440
39491
39545
39600
39654
39706
39761
39817
39866
39922
39979
40034
40081
40137
40192
40247
40300
40356
40404
40459
40514
40568
40623
40676
40731
40783
40836
40891
40941
40991
41050
41104
41160
41215
41271
41327
41382
41436
41490
41543
41598
41651
41703
41759
41813
41867
41920
41974
42028
42082
42136
42189
42245
42298
42350
42406
42459
42514
42566
42621
42674
42727
42783
42837
42890
42945
42996
43055
43104
43157
43210
43265
43319
43374
43428
43482
43535
43589
43644
43700
43749
43805
43859
43912
43966
44022
44072
44126
44182
44237
44288
44345
44398
44452
44506
44557
44611
44664
44717
44772
44824
44879
44935
44989
45041
45095
45148
45203
45259
45312
45368
45420
45474
45528
45582
45637
45689
45741
45797
45849
45906
45959
46009
46065
46121
46169
46224
46282
46337
46383
46441
46497
46549
46602
46653
46709
46765
46819
46872
46926
46975
47030
47084
47140
47194
47247
47302
47355
47411
47464
47516
47571
47622
47674
47727
47780
47834
47886
47939
47993
48047
48102
48158
48210
48264
48318
48372
48426
48480
48533
48586
48640
48693
48749
48802
48852
48875
48889
48897
48899
48901
48901
48901
48901
48901
48901
48901
48901
48901
48901
48901
48901
48901
48901
48901
48901
48901
48901
48901
48901
48901
48901
48901
48901
48901
48901
48901
48901
48901
48901
48901
48901
48901
48901
48901
48901
48901
48901
48901
48901
48901
48901
48901
48901
48901
48901
48901
48901
48901
48901
48901
48901
48901
48901
48901
48901
48901
48901
48901
48901
48901
48901
48901
48901
48901
48901
48901
48901
48901
48901
48901
48901
48901
48901
48901
48901
48901
48901
48901
48901
48901
48901
48901
48901
48901
48901
48901
48901
48901
48901
48901
48901
48901
48901
48901
48901
48901
48901
48901
48901
48901
48901
48901
48901
48901
48901
48901
48901
48901
48901
48901
48901
48901
48901
48901
48901
48901
48901
48901
48901
48901
48901
48901
48901
48901
48901
48901
48901
48901
48901
48901
48901
48901
48901
48901
48901
48901
48901
48901
48901
48901
48901
48901
48901
48901
48901
48901
48901
48901
48901
48901
48901
48901
48901
48901
48901
48901
48901
48901
48901
48901
48901
48901
48901
48901
48901
48901
48901
48901
48901
48901
48901
48901
48901
48901
48901
48901
48901
48901
48901
48901
48901
48901
48901
48901
48901
48901
48901
48901
48901
48901
48901
48903
48915
48958
49001
49045
49086
49127
49165
49205
49242
49279
49315
49354
49395
49441
49487
49536
49592
49648
49701
49757
49807
49861
49916
49971
50021
50078
50135
50182
50239
50296
50351
50397
50454
50510
50564
50617
50668
50723
50778
50834
50888
50943
50995
51051
51100
51155
51211
51265
51319
51375
51429
51482
51536
51591
51645
51699
51754
51808
51859
51913
51969
52019
52072
52125
52177
52232
52288
52341
52395
52449
52503
52556
52611
52664
52718
52772
52827
52881
52934
52989
53042
53098
53152
53207
53259
53314
53368
53423
53478
53533
53587
53641
53697
53749
53804
53858
53914
53966
54024
54075
54131
54182
54236
54290
54344
54398
54453
54509
54561
54615
54668
54722
54776
54829
54885
54939
54994
55047
55103
55157
55209
55264
55323
55374
55427
55482
55536
55591
55643
55699
55754
55809
55864
55916
55972
56029
56082
56139
56190
56242
56297
56350
56405
56460
56513
56564
56621
56674
56728
56782
56837
56888
56943
56997
57050
57105
57154
57211
57266
57318
57374
57426
57480
57537
57592
57641
57698
57753
57805
57856
57911
57968
58020
58072
58127
58182
58240
58293
58344
58398
58453
58508
58563
58616
58672
58724
58773
58829
58883
58940
58993
59048
59103
59156
59213
59266
59319
59374
59427
59480
59535
59588
59641
59692
59747
59801
59853
59906
59959
60013
60067
60122
60178
60231
60286
60338
60394
60448
60502
60556
60609
60664
60718
60750
60766
60774
60777
60779
60779
60779
60779
60779
60779
60779
60779
60779
60779
60779
60779
60779
60779
60779
60779
60779
60779
60779
60779
60779
60779
60779
60779
60779
60779
60779
60779
60779
60779
60779
60779
60779
60779
60779
60779
60779
60779
60779
60779
60779
60779
60779
60779
60779
60779
60779
60779
60779
60779
60779
60779
60779
60779
60779
60779
60779
60779
60779
60779
60779
60779
60779
60779
60779
60779
60779
60779
60779
60779
60779
60779
60779
60779
60779
60779
60779
60779
60779
60779
60779
60779
60779
60779
60779
60779
60779
60779
60779
60779
60779
60779
60779
60779
60779
60779
60779
60779
60779
60779
60779
60779
60779
60779
60779
60779
60779
60779
60779
60779
60779
60779
60779
60779
60779
60779
60779
60779
60779
60779
60779
60779
60779
60779
60779
60779
60779
60779
60779
60779
60779
60779
60779
60779
60779
60779
60779
60779
60779
60779
60779
60779
60779
60779
60779
60779
60779
60779
60779
60779
60779
60779
60779
60779
60779
60779
60779
60779
60779
60779
60779
60779
60779
60779
60779
60779
60779
60779
60779
60779
60779
60779
60779
60779
60779
60779
60779
60779
60779
60779
60779
60779
60779
60779
60779
60779
60779
60779
60779
60779
60779
60779
60779
60779
60779
60779
60779
60779
60779
60779
60779
60779
60779
60779
60779
60779
60779
60779
60779
60779
60779
60779
60779
60779
60779
60779
60779
60779
60779
60779
60779
60779
60782
60812
60850
60886
60921
60957
60994
61026
61063
61093
61130
61167
61204
61244
61292
61339
61389
61443
61501
61558
61604
61662
61716
61770
61821
61877
61932
61986
62040
62090
62146
62201
62257
62311
62366
62416
62472
62527
62582
62635
62691
62745
62798
62851
62903
62957
63012
63066
63123
63176
63230
63284
63340
63394
63449
63502
63555
63609
63664
63717
63770
63823
63878
63932
63983
64037
64091
64145
64202
64257
64311
64364
64418
64472
64527
64582
64636
64689
64743
64798
64851
64905
64959
65011
65065
65122
65175
65228
65281
65339
65390
65440
65495
65550
65605
65659
65713
65769
65825
65877
65933
65986
66041
66093
66151
66202
66261
66308
66366
66419
66473
66529
66582
66639
66687
66743
66799
66852
66908
66964
67017
67073
67127
67180
67234
67287
67342
67393
67450
67503
67556
67610
67665
67718
67773
67825
67881
67935
67988
68042
68095
68150
68206
68261
68314
68368
68421
68475
68532
68584
68638
68691
68747
68804
68857
68911
68963
69017
69072
69126
69182
69235
69285
69343
69396
69450
69506
69558
69613
69667
69722
69779
69830
69886
69941
69993
70049
70101
70154
70211
70267
70319
70373
70429
70484
70536
70589
70645
70700
70755
70802
70859
70915
70971
71025
71080
71128
71186
71241
71297
71350
71404
71460
71513
71564
71619
71673
71730
71783
71839
71894
71946
72001
72056
72110
72165
72219
72274
72326
72381
72435
72491
72549
72602
72657
72713
72768
72822
72877
72932
72986
73040
73094
73148
73201
73256
73310
73364
73418
73472
73527
73582
73636
73690
73744
73761
73771
73775
73776
73776
73776
73776
73776
73776
73776
73776
73776
73776
73776
73776
73776
73776
73776
73776
73776
73776
73776
73776
73776
73776
73776
73776
73776
73776
73776
73776
73776
73776
73776
73776
73776
73776
73776
73776
73776
73776
73776
73776
73776
73776
73776
73776
73776
73776
73776
73776
73776
73776
73776
73776
73776
73776
73776
73776
73776
73776
73776
73776
73776
73776
73776
73776
73776
73776
73776
73776
73776
73776
73776
73776
73776
73776
73776
73776
73776
73776
73776
73776
73776
73776
73776
73776
73776
73776
73776
73776
73776
73776
73776
73776
73776
73776
73776
73776
73776
73776
73776
73776
73776
73776
73776
73776
73776
73776
73776
73776
73776
73776
73776
73776
73776
73776
73776
73776
73776
73776
73776
73776
73776
73776
73776
73776
73776
73776
73776
73776
73776
73776
73776
73776
73776
73776
73776
73776
73776
73776
73776
73776
73776
73776
73776
73776
73776
73776
73776
73776
73776
73776
73776
73776
73776
73776
73776
73776
73776
73776
73776
73776
73776
73776
73776
73776
73776
73776
73776
73776
73776
73776
73776
73776
73776
73776
73776
73776
73776
73776
73776
73776
73776
73776
73776
73776
73776
73776
73776
73776
73776
73776
73776
73776
73776
73776
73776
73776
73776
73776
73776
73776
73776
73776
73776
73776
73776
73776
73776
73776
73776
73776
73776
73776
73776
73776
73776
73776
73776
73776
73776
73776
73776
73776
73776
73776
73776
73776
73776
73776
73776
73776
73776
73776
73776
73776
73776
73776
73776
73776
73776
73776
73776
73776
73776
73776
73776
73776
73776
73776
73776
73776
73776
73776
73792
73816
73848
73880
73913
73945
73980
74011
74045
74074
74111
74146
74183
74225
74269
74319
74371
74428
74483
74535
74588
74643
74698
74754
74807
74858
74914
74969
75026
75081
75133
75184
75238
75294
75349
75404
75459
75515
75568
75623
75676
75729
75781
75836
75892
75945
76001
76056
76109
76166
76221
76275
76329
76383
76436
76492
76545
76598
76653
76709
76766
76823
76877
76930
76982
77036
77091
77145
77199
77253
77308
77362
77417
77469
77525
77580
77634
77688
77742
77797
77851
77906
77961
78016
78069
78124
78175
78230
78286
78342
78395
78448
78502
78557
78609
78660
78716
78770
78825
78880
78934
78989
79043
79099
79152
79207
79261
79317
79369
79427
79475
79532
79585
79641
79694
79750
79806
79858
79912
79967
80023
80077
80130
80184
80236
80290
80346
80403
80452
80509
80564
80619
80671
80728
80783
80835
80890
80947
80998
81052
81108
81162
81219
81272
81324
81380
81435
81492
81544
81599
81653
81708
81762
81815
81865
81920
81976
82032
82085
82139
82191
82247
82301
82353
82409
82460
82515
82568
82625
82676
82731
82785
82840
82896
82950
83005
83056
83112
83166
83222
83275
83327
83380
83437
83493
83547
83600
83654
83707
83765
83816
83871
83925
83979
84036
84088
84140
84195
84251
84306
84362
84412
84467
84524
84581
84627
84685
84740
84795
84850
84901
84953
85008
85063
85120
85173
85227
85281
85336
85384
85443
85496
85552
85606
85662
85716
85771
85827
85878
85932
85987
86040
86093
86145
86200
86252
86308
86362
86419
86473
86528
86582
86635
86690
86744
86797
86851
86905
86958
87013
87069
87122
87177
87231
87285
87339
87394
87449
87504
87558
87612
87665
87719
87773
87827
87869
87882
87887
87889
87889
87889
87889
87889
87889
87889
87889
87889
87889
87889
87889
87889
87889
87889
87889
87889
87889
87889
87889
87889
87889
87889
87889
87889
87889
87889
87889
87889
87889
87889
87889
87889
87889
87889
87889
87889
87889
87889
87889
87889
87889
87889
87889
87889
87889
87889
87889
87889
87889
87889
87889
87889
87889
87889
87889
87889
87889
87889
87889
87889
87889
87889
87889
87889
87889
87889
87889
87889
87889
87889
87889
87889
87889
87889
87889
87889
87889
87889
87889
87889
87889
87889
87889
87889
87889
87889
87889
87889
87889
87889
87889
87889
87889
87889
87889
87889
87889
87889
87889
87889
87889
87889
87889
87889
87889
87889
87889
87889
87889
87889
87889
87889
87889
87889
87889
87889
87889
87889
87889
87889
87889
87889
87889
87889
87889
87889
87889
87889
87889
87889
87889
87889
87889
87889
87889
87889
87889
87889
87889
87889
87889
87889
87889
87889
87889
87889
87889
87889
87889
87889
87889
87889
87889
87889
87889
87889
87889
87889
87889
87889
87889
87889
87889
87889
87889
87889
87889
87889
87889
87889
87889
87889
87889
87889
87889
87889
87889
87889
87889
87889
87889
87889
87889
87889
87889
87889
87889
87889
87889
87889
87889
87889
87889
87889
87889
87889
87889
87889
87889
87889
87889
87889
87889
87889
87889
87889
87889
87889
87889
87889
87889
87889
87889
87889
87889
87889
87889
87889
87889
87889
87889
87889
87889
87889
87889
87889
87889
87889
87889
87889
87889
87889
87889
87889
87889
87889
87889
87889
87889
87889
87889
87889
87889
87889
87889
87889
87889
87889
87889
87889
87889
87889
87889
87889
87889
87889
87889
87889
87889
87889
87889
87889
87889
87889
87889
87889
87889
87889
87889
87889
87889
87889
87889
87889
87889
87889
87889
87889
87889
87889
87889
87889
87889
87889
87889
87889
87889
87899
87929
87973
88019
88067
88112
88158
88205
88248
88282
88314
88342
88370
88396
88422
88446
88470
88494
88516
88538
88559
88579
88599
88619
88637
88655
88673
88691
88709
88725
88741
88757
88773
88789
88805
88821
88837
88853
88867
88881
88895
88909
88923
88939
88955
88971
88987
89003
89019
89035
89051
89067
89085
89103
89121
89139
89159
89179
89199
89220
89242
89264
89287
89311
89335
89361
89387
89415
89443
89472
89502
89533
89565
89599
89633
89669
89705
89743
89782
89822
89864
89907
89951
89997
90044
90092
90142
90181
90212
90234
90252
90281
90312
90356
90404
90457
90510
90564
90620
90674
90729
90781
90837
90890
90944
91000
91055
91110
91166
91215
91272
91327
91380
91434
91487
91543
91597
91654
91703
91760
91813
91869
91920
91978
92031
92084
92140
92194
92249
92302
92358
92411
92469
92520
92574
92628
92680
92737
92787
92842
92896
92950
93004
93057
93113
93170
93224
93279
93335
93387
93441
93496
93550
93607
93660
93713
93767
93825
93879
93932
93984
94038
94094
94148
94204
94256
94311
94366
94421
94476
94528
94584
94635
94691
94746
94801
94856
94907
94965
95019
95072
95127
95177
95234
95290
95344
95395
95451
95508
95558
95613
95670
95727
95777
95831
95888
95944
95992
96049
96104
96160
96213
96265
96321
96377
96433
96484
96537
96592
96647
96703
96758
96812
96866
96917
96973
97027
97082
97137
97191
97246
97299
97353
97406
97457
97514
97568
97623
97678
97732
97788
97842
97896
97951
98005
98057
98113
98168
98220
98275
98332
98384
98437
98490
98545
98600
98652
98705
98760
98812
98865
98918
98972
99026
99080
99134
99187
99242
99297
99351
99405
99459
99512
99568
99622
99677
99731
99786
99840
99878
99888
99892
99893
99893
99893
99893
99893
99893
99893
99893
99893
99893
99893
99893
99893
99893
99893
99893
99893
99893
99893
99893
99893
99893
99893
99893
99893
99893
99893
99893
99893
99893
99893
99893
99893
99893
99893
99893
99893
99893
99893
99893
99893
99893
99893
99893
99893
99893
99893
99893
99893
99893
99893
99893
99893
99893
99893
99893
99893
99893
99893
99893
99893
99893
99893
99893
99893
99893
99893
99893
99893
99893
99893
99893
99893
99893
99893
99893
99893
99893
99893
99893
99893
99893
99893
99893
99893
99893
99893
99893
99893
99893
99893
99893
99893
99893
99893
99893
99893
99893
99893
99893
99893
99893
99893
99893
99893
99893
99893
99893
99893
99893
99893
99893
99893
99893
99893
99893
99893
99893
99893
99893
99893
99893
99893
99893
99893
99893
99893
99893
99893
99893
99893
99893
99893
99893
99893
99893
99893
99893
99893
99893
99893
99893
99893
99893
99893
99893
99893
99893
99893
99893
99893
99893
99893
99893
99893
99893
99893
99893
99893
99893
99893
99893
99893
99893
99893
99893
99893
99893
99893
99893
99893
99893
99893
99893
99893
99893
99893
99893
99893
99893
99893
99893
99893
99893
99893
99893
99893
99893
99893
99893
99893
99893
99893
99893
99893
99893
99893
99893
99893
99893
99893
99893
99893
99893
99893
99893
99893
99893
99893
99893
99893
99893
99893
99893
99893
99893
99893
99893
99893
99893
99893
99893
99893
99893
99893
99893
99893
99893
99893
99893
99893
99893
99893
99893
99893
99893
99893
99893
99893
99893
99893
99893
99893
99893
99893
99893
99893
99893
99893
99893
99893
99893
99893
99893
99893
99893
99893
99893
99893
99893
99893
99893
99893
99893
99893
99893
99893
99893
99893
99893
99893
99893
99893
99893
99893
99893
99893
99893
99893
99893
99893
99893
99893
99893
99893
99893
99893
99893
99893
99893
99893
99893
99893
99893
99893
99893
99893
99893
99893
99893
99893
99893
99893
99893
99893
99893
99893
99893
99893
99893
99893
99893
99893
99893
99893
99893
99893
99893
99893
99893
99893
99893
99893
99893
99893
99893
99893
99893
99893
99893
99893
99893
99893
99893
99893
99893
99893
99893
99893
99893
99893
99893
99893
99893
99893
99893
99893
99893
99893
99893
99893
99893
99893
99893
99893
99893
99893
99893
99893
99893
99893
99893
99893
99893
99893
99893
99893
99893
99893
99893
99893
99893
99893
99893
99893
99893
99893
99893
99893
99893
99893
99893
99897
99903
99908
99912
99916
99920
99925
99931
99939
99949
99961
99975
99992
100011
100032
100055
100080
100107
100136
100168
100202
100239
100277
100317
100359
100404
100434
100463
100482
100495
100514
100533
100559
100590
100629
100673
100718
100768
100823
100877
100929
100986
101041
101095
101150
101205
101260
101313
101366
101420
101477
101530
101583
101638
101692
101751
101804
101855
101912
101967
102024
102077
102132
102187
102240
102295
102347
102398
102452
102508
102563
102619
102672
102724
102780
102834
102889
102943
102999
103051
103106
103162
103217
103273
103327
103379
103433
103489
103542
103595
103650
103702
103758
103812
103867
103923
103975
104031
104084
104139
104195
104247
104301
104355
104410
104465
104517
104574
104628
104682
104735
104791
104848
104899
104952
105009
105063
105117
105171
105226
105276
105332
105388
105445
105496
105549
105604
105661
105714
105770
105819
105875
105931
105986
106040
106092
106145
106200
106256
106311
106367
106419
106474
106523
106579
106634
106690
106745
106797
106854
106907
106962
107018
107068
107120
107177
107230
107286
107341
107397
107449
107501
107555
107606
107655
107707
107756
107805
107855
107904
107952
108001
108049
108097
108145
108193
108241
108289
108337
108385
108433
108481
108529
108577
108625
108673
108721
108769
108817
108866
108916
108966
109016
109066
109116
109167
109219
109271
109323
109376
109412
109422
109425
109427
109427
109427
109427
109427
109427
109427
109427
109427
109427
109427
109427
109427
109427
109427
109427
109427
109427
109427
109427
109427
109427
109427
109427
109427
109427
109427
109427
109427
109427
109427
109427
109427
109427
109427
109427
109427
109427
109427
109427
109427
109427
109427
109427
109427
109427
109427
109427
109427
109427
109427
109427
109427
109427
109427
109427
109427
109427
109427
109427
109427
109427
109427
109427
109427
109427
109427
109427
109427
109427
109427
109427
109427
109427
109427
109427
109427
109427
109427
109427
109427
109427
109427
109427
109427
109427
109427
109427
109427
109427
109427
109427
109427
109427
109427
109427
109427
109427
109427
109427
109427
109427
109427
109427
109427
109427
109427
109427
109427
109427
109427
109427
109427
109427
109427
109427
109427
109427
109427
109427
109427
109427
109427
109427
109427
109427
109427
109427
109427
109427
109427
109427
109427
109427
109427
109427
109427
109427
109427
109427
109427
109427
109427
109427
109427
109427
109427
109427
109427
109427
109427
109427
109427
109427
109427
109427
109427
109427
109427
109427
109427
109427
109427
109427
109427
109427
109427
109427
109427
109427
109427
109427
109427
109427
109427
109427
109427
109427
109427
109427
109427
109427
109427
109427
109427
109427
109427
109427
109427
109427
109427
109427
109427
109427
109427
109427
109427
109427
109427
109427
109427
109427
109427
109427
109427
109427
109427
109427
109427
109427
109427
109427
109427
109427
109427
109427
109427
109427
109427
109427
109427
109427
109427
109427
109427
109427
109427
109427
109427
109427
109427
109427
109427
109427
109427
109427
109427
109427
109427
109427
109427
109427
109427
109427
109427
109427
109427
109427
109427
109427
109427
109427
109427
109427
109427
109427
109427
109427
109427
109427
109427
109427
109427
109427
109427
109427
109427
109427
109427
109427
109427
109427
109427
109427
109427
109427
109427
109427
109427
109427
109427
109427
109427
109427
109427
109427
109427
109427
109427
109427
109427
109427
109427
109427
109427
109427
109427
109427
109427
109427
109427
109427
109427
109427
109427
109427
109427
109427
109427
109427
109427
109427
109427
109427
109427
109427
109427
109427
109427
109427
109427
109427
109427
109427
109427
109427
109427
109427
109427
109427
109427
109427
109427
109427
109427
109427
109427
109427
109427
109427
109427
109427
109427
109427
109427
109427
109427
109427
109427
109427
109427
109427
109427
109427
109427
109427
109427
109427
109427
109427
109427
109427
109427
109427
109427
109427
109427
109427
109427
109427
109427
109427
109427
109427
109427
109427
109427
109427
109427
109427
109427
109427
109427
109427
109427
109427
109427
109427
109427
109427
109427
109427
109427
109427
109427
109427
109427
109427
109427
109427
109427
109427
109427
109427
109427
109427
109427
109427
109427
109427
109427
109427
109427
109427
109427
109427
109427
109427
109427
109427
109427
109427
109427
109431
109435
109439
109443
109448
109454
109460
109466
109473
109481
109492
109506
109523
109542
109564
109589
109618
109649
109684
109723
109754
109776
109795
109808
109819
109833
109852
109877
109904
109944
109985
110032
110080
110128
110180
110232
110285
110339
110396
110448
110500
110554
110609
110663
110717
110769
110825
110881
110937
110992
111049
111100
111154
111209
111263
111319
111373
111426
111479
111535
111588
111644
111698
111749
111805
111862
111916
111971
112025
112078
112133
112189
112244
112298
112348
112403
112459
112513
112568
112620
112676
112731
112786
112841
112892
112948
113003
113058
113115
113166
113220
113275
113330
113382
113435
113490
113544
113600
113654
113708
113761
113817
113871
113926
113973
114021
114067
114111
114149
114190
114227
114266
114298
114330
114362
114391
114420
114447
114473
114498
114521
114543
114564
114584
114602
114619
114635
114650
114664
114677
114689
114701
114711
114721
114729
114737
114743
114749
114755
114759
114763
114766
114768
114770
114770
114770
114770
114770
114770
114770
114770
114770
114770
114770
114770
114770
114770
114770
114770
114770
114770
114770
114770
114770
114770
114770
114770
114770
114770
114770
114770
114770
114770
114770
114770
114770
114770
114770
114770
114770
114770
114770
114770
114770
114770
114770
114770
114770
114770
114770
114770
114770
114770
114770
114770
114770
114770
114770
114770
114770
114770
114770
114770
114770
114770
114770
114770
114770
114770
114770
114770
114770
114770
114770
114770
114770
114770
114770
114770
114770
114770
114770
114770
114770
114770
114770
114770
114770
114770
114770
114770
114770
114770
114770
114770
114770
114770
114770
114770
114770
114770
114770
114770
114770
114770
114770
114770
114770
114770
114770
114770
114770
114770
114770
114770
114770
114770
114770
114770
114770
114770
114770
114770
114770
114770
114770
114770
114770
114770
114770
114770
114770
114770
114770
114770
114770
114770
114770
114770
114770
114770
114770
114770
114770
114770
114770
114770
114770
114770
114770
114770
114770
114770
114770
114770
114770
114770
114770
114770
114770
114770
114770
114770
114770
114770
114770
114770
114770
114770
114770
114770
114770
114770
114770
114770
114770
114770
114770
114770
114770
114770
114770
114770
114770
114770
114770
114770
114770
114770
114770
114770
114770
114770
114770
114770
114770
114770
114770
114770
114770
114770
114770
114770
114770
114770
114770
114770
114770
114770
114770
114770
114770
114770
114770
114770
114770
114770
114770
114770
114770
114770
114770
114770
114770
114770
114770
114770
114770
114770
114770
114770
114770
114770
114770
114770
114770
114770
114770
114770
114770
114770
114770
114770
114770
114770
114770
114770
114770
114770
114770
114770
114770
114770
114770
114770
114770
114770
114770
114770
114770
114770
114770
114770
114770
114770
114770
114770
114770
114770
114770
114770
114770
114770
114770
114770
114770
114770
114770
114770
114770
114770
114770
114770
114770
114770
114770
114770
114770
114770
114770
114770
114770
114770
114770
114770
114770
114770
114770
114770
114770
114770
114770
114770
114770
114770
114770
114770
114770
114770
114770
114770
114770
114770
114770
114770
114770
114770
114770
114770
114770
114770
114770
114770
114770
114770
114770
114770
114770
114770
114770
114770
114770
114770
114770
114770
114770
114770
114770
114770
114770
114770
114770
114770
114770
114770
114770
114770
114770
114770
114770
114770
114770
114770
114770
114770
114770
114770
114770
114770
114770
114770
114770
114770
114770
114770
114770
114770
114770
114770
114770
114770
114770
114770
114770
114770
114770
114770
114770
114770
114770
114770
114770
114770
114770
114770
114770
114770
114770
114770
114770
114770
114770
114770
114770
114770
114770
114770
114770
114770
114770
114770
114770
114770
114770
114770
114770
114770
114770
114770
114770
114770
114770
114770
114770
114770
114770
114770
114770
114770
114770
114770
114770
114770
114770
114770
114770
114770
114770
114770
114770
114770
114770
114770
114770
114770
114770
114770
114770
114770
114770
114770
114770
114770
114770
114770
114770
114770
114770
114770
114770
114770
114770
114770
114770
114770
114770
114770
114770
114770
114770
114770
114770
114770
114770
114770
114770
114770
114770
114770
114770
114770
114770
114770
114770
114770
114770
114770
114770
114770
114770
114770
114770
114770
114770
114770
114770
114770
114770
114770
114770
114770
114770
114770
114770
114770
114771
114773
114777
114781
114786
114792
114800
114808
114818
114832
114849
114870
114895
114923
114951
114967
114983
114993
114999
115007
115022
115041
115066
115099
115135
115181
115229
115274
115317
115360
115408
115458
115513
115566
115620
115673
115730
115785
115838
115894
115948
116001
116057
116113
116167
116220
116273
116327
116384
116437
116492
116547
116598
116653
116710
116765
116818
116874
116926
116981
117036
117091
117144
117198
117253
117305
117351
117396
117434
117472
117506
117537
117569
117594
117621
117647
117671
117692
117711
117728
117743
117756
117767
117776
117784
117790
117794
117797
117798
117798
117798
117798
117798
117798
117798
117798
117798
117798
117798
117798
117798
117798
117798
117798
117798
117798
117798
117798
117798
117798
117798
117798
117798
117798
117798
117798
117798
117798
117798
117798
117798
117798
117798
117798
117798
117798
117798
117798
117798
117798
117798
117798
117798
117798
117798
117798
117798
117798
117798
117798
117798
117798
117798
117798
117798
117798
117798
117798
117798
117798
117798
117798
117798
117798
117798
117798
117798
117798
117798
117798
117798
117798
117798
117798
117798
117798
117798
117798
117798
117798
117798
117798
117798
117798
117798
117798
117798
117798
117798
117798
117798
117798
117798
117798
117798
117798
117798
117798
117798
117798
117798
117798
117798
117798
117798
117798
117798
117798
117798
117798
117798
117798
117798
117798
117798
117798
117798
117798
117798
117798
117798
117798
117798
117798
117798
117798
117798
117798
117798
117798
117798
117798
117798
117798
117798
117798
117798
117798
117798
117798
117798
117798
117798
117798
117798
117798
117798
117798
117798
117798
117798
117798
117798
117798
117798
117798
117798
117798
117798
117798
117798
117798
117798
117798
117798
117798
117798
117798
117798
117798
117798
117798
117798
117798
117798
117798
117798
117798
117798
117798
117798
117798
117798
117798
117798
117798
117798
117798
117798
117798
117798
117798
117798
117798
117798
117798
117798
117798
117798
117798
117798
117798
117798
117798
117798
117798
117798
117798
117798
117798
117798
117798
117798
117798
117798
117798
117798
117798
117798
117798
117798
117798
117798
117798
117798
117798
117798
117798
117798
117798
117798
117798
117798
117798
117798
117798
117798
117798
117798
117798
117798
117798
117798
117798
117798
117798
117798
117798
117798
117798
117798
117798
117798
117798
117798
117798
117798
117798
117798
117798
117798
117798
117798
117798
117798
117798
117798
117798
117798
117798
117798
117798
117798
117798
117798
117798
117798
117798
117798
117798
117798
117798
117798
117798
117798
117798
117798
117798
117798
117798
117798
117798
117798
117798
117798
117798
117798
117798
117798
117798
117798
117798
117798
117798
117798
117798
117798
117798
117798
117798
117798
117798
117798
117798
117798
117798
117798
117798
117798
117798
117798
117798
117798
117798
117798
117798
117798
117798
117798
117798
117798
117798
117798
117798
117798
117798
117798
117798
117798
117798
117798
117798
117798
117798
117798
117798
117798
117798
117798
117798
117798
117798
117798
117798
117798
117798
117798
117798
117798
117798
117798
117798
117798
117798
117798
117798
117798
117798
117798
117798
117798
117798
117798
117798
117798
117798
117798
117798
117798
117798
117798
117798
117798
117798
117798
117798
117798
117798
117798
117798
117798
117798
117798
117798
117798
117798
117798
117798
117798
117798
117798
117798
117798
117798
117798
117798
117798
117798
117798
117798
117798
117798
117798
117798
117798
117798
117798
117798
117798
117798
117798
117798
117798
117798
117798
117798
117798
117798
117798
117798
117798
117798
117798
117798
117798
117798
117798
117798
117798
117798
117798
117798
117798
117798
117798
117798
117798
117798
117798
117798
117798
117798
117798
117798
117798
117798
117798
117798
117798
117798
117798
117798
117798
117798
117798
117798
117798
117798
117798
117798
117798
117798
117798
117798
117798
117798
117798
117798
117798
117798
117798
117798
117798
117798
117798
117798
117798
117798
117798
117798
117798
117798
117798
117798
117798
117798
117798
117798
117798
117798
117798
117798
117798
117798
117798
117798
117798
117798
117798
117798
117798
117798
117798
117798
117798
117798
117798
117798
117798
117798
117798
117798
117798
117798
117798
117798
117798
117798
117798
117798
117798
117798
117798
117798
117798
117798
117798
117798
117798
117798
117798
117798
117798
117798
117798
117798
117798
117798
117798
117798
117798
117798
117798
117798
117798
117798
117799
117801
117805
117810
117817
117825
117835
117848
117864
117881
117891
117901
117905
117907
117910
117919
117932
117953
117982
118012
118050
118101
118147
118193
118235
118276
118322
118365
118414
118464
118518
118574
118628
118680
118726
118768
118809
118843
118877
118904
118929
118953
118972
118991
119009
119024
119037
119047
119054
119060
119063
119065
119067
119069
119071
119073
119075
119077
119079
119081
119083
119085
119087
119089
119091
119092
119092
119092
119092
119092
119092
119092
119092
119092
119092
119092
119092
119092
119092
119092
119092
119092
119092
119092
119092
119092
119092
119092
119092
119092
119092
119092
119092
119092
119092
119092
119092
119092
119092
119092
119092
119092
119092
119092
119092
119092
119092
119092
119092
119092
119092
119092
119092
119092
119092
119092
119092
119092
119092
119092
119092
119092
119092
119092
119092
119092
119092
119092
119092
119092
119092
119092
119092
119092
119092
119092
119092
119092
119092
119092
119092
119092
119092
119092
119092
119092
119092
119092
119092
119092
119092
119092
119092
119092
119092
119092
119092
119092
119092
119092
119092
119092
119092
119092
119092
119092
119092
119092
119092
119092
119092
119092
119092
119092
119092
119092
119092
119092
119092
119092
119092
119092
119092
119092
119092
119092
119092
119092
119092
119092
119092
119092
119092
119092
119092
119092
119092
119092
119092
119092
119092
119092
119092
119092
119092
119092
119092
119092
119092
119092
119092
119092
119092
119092
119092
119092
119092
119092
119092
119092
119092
119092
119092
119092
119092
119092
119092
119092
119092
119092
119092
119092
119092
119092
119092
119092
119092
119092
119092
119092
119092
119092
119092
119092
119092
119092
119092
119092
119092
119092
119092
119092
119092
119092
119092
119092
119092
119092
119092
119092
119092
119092
119092
119092
119092
119092
119092
119092
119092
119092
119092
119092
119092
119092
119092
119092
119092
119092
119092
119092
119092
119092
119092
119092
119092
119092
119092
119092
119092
119092
119092
119092
119092
119092
119092
119092
119092
119092
119092
119092
119092
119092
119092
119092
119092
119092
119092
119092
119092
119092
119092
119092
119092
119092
119092
119092
119092
119092
119092
119092
119092
119092
119092
119092
119092
119092
119092
119092
119092
119092
119092
119092
119092
119092
119092
119092
119092
119092
119092
119092
119092
119092
119092
119092
119092
119092
119092
119092
119092
119092
119092
119092
119092
119092
119092
119092
119092
119092
119092
119092
119092
119092
119092
119092
119092
119092
119092
119092
119092
119092
119092
119092
119092
119092
119092
119092
119092
119092
119092
119092
119092
119092
119092
119092
119092
119092
119092
119092
119092
119092
119092
119092
119092
119092
119092
119092
119092
119092
119092
119092
119092
119092
119092
119092
119092
119092
119092
119092
119092
119092
119092
119092
119092
119092
119092
119092
119092
119092
119092
119092
119092
119092
119092
119092
119092
119092
119092
119092
119092
119092
119092
119092
119092
119092
119092
119092
119092
119092
119092
119092
119092
119092
119092
119092
119092
119092
119092
119092
119092
119092
119092
119092
119092
119092
119092
119092
119092
119092
119092
119092
119092
119092
119092
119092
119092
119092
119092
119092
119092
119092
119092
119092
119092
119092
119092
119092
119092
119092
119092
119092
119092
119092
119092
119092
119092
119092
119092
119092
119092
119092
119092
119092
119092
119092
119092
119092
119092
119092
119092
119092
119092
119092
119092
119092
119092
119092
119092
119092
119092
119092
119092
119092
119092
119092
119092
119092
119092
119092
119092
119092
119092
119092
119092
119092
119092
119092
119092
119092
119092
119092
119092
119092
119092
119092
119092
119092
119092
119092
119092
119092
119092
119092
119092
119092
119092
119092
119092
119092
119092
119092
119092
119092
119092
119092
119092
119092
119092
119092
119092
119092
119092
119092
119092
119092
119092
119092
119092
119092
119092
119092
119092
119092
119092
119092
119092
119092
119092
119092
119092
119092
119092
119092
119092
119092
119092
119092
119092
119092
119092
119092
119092
119092
119092
119092
119092
119092
119092
119092
119092
119092
119092
119092
119092
119092
119092
119092
119092
119092
119092
119092
119092
119092
119092
119092
119092
119092
119092
119092
119092
119092
119092
119092
119092
119092
119092
119092
119092
119092
119092
119092
119092
119092
119092
119092
119092
119092
119092
119092
119092
119092
119092
119092
119092
119092
119092
119092
119092
119092
119092
119092
119092
119092
119092
119092
119092
119092
119092
119092
119092
119092
119092
119092
119092
119092
119092
119092
119092
119092
119092
119092
119092
119092
119092
119092
119092
119092
119092
119092
119092
119092
119092
119092
119092
119092
119092
119092
119092
119092
119092
119092
119092
119092
119092
119092
119092
119092
119092
119092
119092
119092
119092
119092
119092
119092
119092
119092
119092
119092
119092
119092
119092
119092
119092
119092
119092
119092
119092
119092
119092
119092
119092
119092
119092
119092
119092
119092
119092
119092
119092
119092
119092
119092
119092
119092
119092
119092
119092
119092
119092
119092
119092
119092
119092
119092
119092
119092
119092
119092
119092
119092
119092
119092
119092
119092
119092
119092
119092
119092
119092
119092
119092
119092
119092
119092
119092
119092
119092
119092
119092
119092
119092
119092
119092
119092
119092
119092
119092
119092
119092
119092
119092
119092
119092
119092
119092
119092
119092
119092
119092
119092
119092
119092
119092
119092
119092
119092
119092
119092
119092
119092
119092
119092
119092
119092
119092
119092
119092
119092
119092
119092
119092
119092
119092
119092
119092
119092
119092
119092
119092
119092
119092
119092
119092
119092
119092
119092
119092
119092
119092
119092
119092
119092
119092
119092
119092
119092
119092
119092
119092
119092
119092
119092
119092
119092
119092
119092
119092
119092
119092
119092
119092
119092
119092
119092
119092
119092
119092
119092
119092
119092
119092
119092
119092
119092
119092
119092
119092
119092
119092
119092
119092
119092
119092
119092
119092
119092
119092
119092
119092
119092
119092
119092
119092
119092
119092
119092
119092
119092
119092
119092
119092
119092
119092
119092
119092
119092
119092
119092
119092
119092
119092
119092
119092
119092
119092
119092
119092
119092
119092
119092
119092
119092
119092
119092
119092
119092
119092
119092
119092
119092
119092
119092
119092
119092
119092
119092
119092
119092
119092
119092
119092
119092
119092
119092
119092
