Time needed: 582.17 s
Distance travelled: 1164.27 m
Total rotation: 4934.0°
Objects found after: 109.47 s, 254.03 s, 300.33 s

+++ following progress ticks +++
464
497
533
561
588
617
634
659
691
714
740
767
791
815
842
865
886
914
938
965
990
1017
1040
1064
1087
1114
1144
1168
1193
1218
1245
1269
1296
1318
1341
1364
1392
1419
1443
1467
1493
1516
1543
1569
1593
1617
1640
1669
1690
1716
1739
1763
1791
1813
1836
1862
1887
1912
1935
1959
1980
2010
2030
2056
2078
2102
2124
2146
2168
2191
2207
2225
2238
2247
2252
2256
2259
2259
2259
2259
2259
2259
2260
2260
2260
2260
2260
2260
2260
2260
2260
2260
2260
2262
2264
2266
2268
2271
2277
2282
2289
2296
2303
2310
2316
2328
2339
2351
2361
2372
2386
2396
2407
2421
2433
2448
2461
2475
2490
2503
2519
2536
2550
2566
2580
2597
2612
2627
2645
2661
2680
2698
2715
2731
2751
2770
2789
2808
2826
2849
2871
2890
2910
2934
2957
2980
3002
3026
3049
3074
3099
3125
3149
3176
3201
3228
3254
3283
3307
3335
3364
3384
3414
3440
3467
3500
3526
3560
3593
3619
3653
3686
3718
3750
3782
3816
3846
3882
3917
3951
3982
4018
4053
4088
4121
4159
4193
4231
4265
4304
4340
4376
4413
4449
4489
4529
4566
4607
4645
4681
4724
4764
4800
4844
4887
4924
4961
5004
5047
5086
5128
5170
5211
5253
5294
5337
5379
5420
5464
5503
5548
5591
5630
5677
5717
5760
5804
5845
5891
5935
5976
6019
6061
6110
6153
6192
6242
6283
6329
6375
6417
6467
6511
6552
6600
6643
6691
6739
6787
6830
6880
6922
6970
7017
7063
7111
7157
7203
7249
7295
7346
7391
7438
7487
7535
7584
7631
7676
7725
7773
7819
7867
7914
7959
8011
8057
8103
8155
8199
8252
8296
8346
8392
8439
8489
8538
8579
8630
8678
8727
8776
8824
8874
8921
8971
9020
9067
9118
9166
9214
9262
9309
9358
9410
9460
9506
9555
9606
9650
9702
9750
9797
9850
9895
9944
9995
10042
10088
10140
10189
10238
10284
10335
10387
10436
10485
10534
10584
10634
10680
10732
10785
10830
10878
10929
10977
11026
11074
11123
11168
11217
11269
11319
11368
11419
11468
11519
11570
11620
11670
11721
11770
11821
11868
11921
11970
12018
12070
12119
12170
12219
12270
12320
12368
12420
12473
12518
12569
12622
12672
12722
12769
12822
12873
12920
12974
13021
13074
13120
13174
13226
13272
13324
13375
13422
13474
13524
13576
13627
13678
13725
13775
13825
13877
13928
13979
14030
14081
14131
14181
14254
14304
14354
14405
14456
14504
14554
14606
14659
14708
14760
14813
14864
14913
14965
15014
15068
15115
15166
15217
15271
15320
15373
15424
15473
15525
15578
15628
15682
15732
15780
15833
15882
15936
15985
16038
16086
16139
16190
16240
16292
16343
16398
16448
16496
16546
16598
16649
16699
16751
16801
16851
16905
16954
17007
17057
17108
17159
17209
17261
17312
17363
17415
17468
17519
17572
17621
17672
17726
17776
17828
17879
17930
17981
18035
18086
18136
18189
18239
18289
18342
18392
18442
18495
18549
18600
18652
18703
18757
18808
18862
18913
18958
19016
19064
19119
19168
19220
19272
19322
19374
19430
19478
19529
19583
19636
19687
19740
19788
19842
19894
19949
20001
20054
20109
20159
20212
20262
20313
20368
20421
20471
20522
20574
20625
20677
20730
20782
20834
20885
20936
20991
21042
21091
21146
21196
21250
21301
21358
21407
21459
21514
21561
21615
21666
21720
21770
21825
21875
21928
21977
22029
22074
22114
22154
22189
22221
22254
22281
22315
22348
22377
22405
22431
22457
22481
22504
22526
22548
22568
22588
22608
22628
22648
22668
22688
22708
22728
22748
22768
22788
22810
22832
22855
22879
22904
22930
22958
22987
23018
23051
23086
23123
23161
23202
23245
23273
23300
23319
23332
23346
23362
23383
23409
23439
23475
23517
23559
23607
23650
23701
23750
23804
23855
23904
23958
24011
24064
24114
24167
24219
24273
24326
24374
24428
24482
24533
24588
24639
24689
24740
24795
24845
24901
24949
25003
25057
25104
25160
25213
25267
25314
25369
25422
25476
25527
25574
25629
25685
25739
25790
25843
25896
25948
25998
26054
26106
26158
26211
26262
26315
26368
26420
26473
26526
26578
26631
26684
26736
26785
26841
26895
26944
26994
27048
27100
27154
27208
27258
27312
27363
27417
27469
27522
27576
27625
27681
27734
27784
27839
27890
27945
27996
28051
28106
28158
28208
28261
28314
28367
28419
28473
28523
28578
28630
28684
28734
28791
28839
28896
28949
28998
29054
29101
29158
29212
29262
29314
29368
29423
29474
29523
29578
29632
29686
29739
29789
29841
29898
29946
30000
30056
30110
30164
30217
30270
30324
30375
30428
30481
30534
30587
30641
30693
30747
30799
30851
30904
30959
31011
31063
31115
31171
31223
31275
31329
31380
31436
31487
31540
31593
31646
31699
31752
31803
31856
31911
31963
32017
32068
32120
32173
32225
32279
32328
32383
32436
32493
32544
32595
32648
32702
32754
32809
32859
32908
32964
33018
33070
33125
33175
33228
33278
33335
33387
33439
33493
33546
33596
33651
33705
33758
33807
33863
33917
33972
34022
34076
34127
34181
34233
34286
34340
34391
34444
34495
34549
34600
34654
34706
34759
34812
34867
34919
34971
35024
35078
35129
35182
35235
35290
35343
35398
35449
35501
35554
35611
35661
35712
35767
35818
35873
35924
35978
36033
36086
36139
36193
36241
36298
36350
36400
36452
36491
36524
36554
36578
36600
36619
36635
36649
36662
36675
36682
36687
36690
36692
36694
36696
36698
36700
36702
36704
36706
36708
36710
36712
36712
36712
36712
36712
36712
36712
36712
36712
36712
36712
36712
36712
36712
36712
36712
36712
36712
36712
36712
36712
36712
36712
36712
36712
36712
36712
36712
36712
36712
36712
36712
36712
36712
36712
36712
36712
36712
36712
36712
36712
36714
36716
36720
36725
36731
36737
36745
36753
36763
36775
36785
36795
36797
36798
36798
36798
36798
36803
36818
36841
36869
36903
36946
36995
37041
37087
37129
37169
37208
37248
37287
37329
37377
37429
37481
37532
37585
37642
37693
37747
37799
37851
37905
37959
38014
38063
38117
38174
38225
38280
38334
38383
38440
38495
38545
38598
38652
38707
38762
38816
38866
38917
38972
39026
39081
39134
39188
39240
39294
39346
39398
39450
39502
39553
39605
39656
39711
39766
39819
39872
39925
39978
40032
40086
40138
40193
40245
40300
40354
40407
40460
40512
40568
40623
40675
40730
40785
40835
40891
40942
40998
41051
41104
41158
41210
41263
41317
41370
41423
41477
41528
41585
41635
41687
41743
41795
41846
41901
41954
42008
42061
42114
42171
42224
42277
42328
42382
42437
42491
42543
42594
42648
42703
42754
42810
42861
42912
42968
43022
43075
43130
43179
43235
43289
43340
43397
43447
43501
43557
43612
43660
43716
43771
43823
43877
43927
43983
44037
44092
44144
44199
44248
44303
44356
44410
44466
44520
44574
44625
44678
44733
44786
44837
44891
44944
44997
45052
45106
45159
45212
45266
45320
45374
45427
45481
45534
45586
45640
45696
45751
45803
45856
45909
45965
46016
46067
46120
46173
46229
46283
46335
46390
46444
46500
46553
46605
46657
46711
46764
46817
46872
46925
46976
47031
47087
47137
47190
47246
47299
47352
47407
47462
47516
47568
47623
47678
47730
47783
47835
47888
47943
47995
48047
48102
48155
48208
48263
48316
48369
48418
48474
48530
48581
48639
48687
48743
48798
48849
48906
48958
49008
49065
49122
49171
49220
49270
49320
49364
49408
49452
49496
49540
49583
49625
49667
49709
49749
49789
49829
49869
49909
49949
49989
50029
50069
50109
50149
50189
50229
50269
50309
50351
50393
50435
50479
50523
50568
50614
50661
50709
50757
50807
50858
50903
50929
50949
50976
51004
51045
51090
51140
51193
51244
51297
51354
51406
51460
51513
51563
51619
51672
51727
51778
51824
51860
51888
51911
51927
51938
51947
51952
51957
51960
51962
51964
51966
51968
51970
51972
51974
51976
51978
51980
51982
51984
51986
51986
51986
51986
51986
51986
51986
51986
51986
51986
51986
51986
51986
51986
51986
51986
51986
51986
51986
51986
51986
51986
51986
51986
51986
51986
51986
51986
51986
51986
51986
51986
51986
51986
51986
51986
51986
51986
51986
51986
51986
51986
51986
51986
51986
51986
51986
51986
51986
51986
51986
51986
51986
51986
51986
51986
51986
51986
51986
51986
51986
51986
51986
51986
51986
51986
51986
51986
51986
51986
51986
51986
51986
51986
51986
51986
51986
51986
51986
51986
51986
51986
51986
51986
51986
51986
51986
51986
51986
51986
51986
51986
51987
52002
52046
52087
52131
52171
52213
52250
52287
52326
52362
52399
52438
52479
52520
52569
52620
52674
52726
52780
52831
52887
52943
52991
53048
53103
53154
53207
53262
53319
53369
53422
53477
53532
53587
53640
53690
53744
53799
53855
53908
53962
54017
54069
54123
54175
54228
54282
54337
54391
54445
54501
54556
54612
54667
54722
54776
54829
54883
54936
54991
55045
55098
55152
55206
55258
55312
55366
55419
55474
55527
55581
55634
55689
55743
55797
55850
55904
55958
56012
56065
56120
56173
56225
56282
56332
56386
56439
56495
56548
56603
56655
56711
56764
56819
56873
56927
56982
57037
57088
57144
57198
57251
57305
57362
57412
57468
57524
57577
57631
57684
57737
57790
57844
57896
57949
58002
58058
58113
58165
58218
58272
58326
58379
58432
58486
58539
58596
58650
58703
58756
58809
58864
58920
58975
59027
59079
59130
59185
59242
59290
59345
59401
59452
59506
59561
59615
59665
59720
59776
59831
59882
59935
59990
60047
60099
60154
60208
60256
60312
60366
60421
60475
60530
60582
60637
60693
60745
60798
60852
60904
60957
61010
61060
61114
61165
61221
61275
61327
61380
61434
61489
61543
61597
61651
61705
61759
61813
61866
61920
61973
62028
62081
62135
62188
62242
62296
62350
62404
62460
62515
62567
62624
62675
62729
62787
62838
62894
62946
63001
63053
63107
63161
63214
63266
63323
63378
63428
63484
63538
63593
63648
63699
63754
63808
63862
63913
63970
64021
64078
64128
64183
64238
64289
64341
64393
64449
64500
64553
64606
64660
64716
64771
64822
64877
64929
64978
65024
65065
65101
65134
65166
65194
65219
65246
65270
65294
65315
65334
65350
65364
65377
65389
65399
65407
65414
65420
65424
65426
65427
65427
65427
65427
65427
65427
65427
65427
65427
65427
65427
65427
65427
65427
65427
65427
65427
65427
65427
65427
65427
65427
65427
65427
65427
65427
65427
65427
65427
65427
65427
65427
65427
65427
65427
65427
65427
65427
65427
65427
65427
65427
65427
65427
65428
65432
65438
65442
65446
65450
65454
65459
65466
65475
65477
65477
65477
65477
65477
65477
65477
65477
65477
65477
65477
65477
65477
65477
65477
65477
65477
65477
65477
65477
65477
65477
65477
65477
65477
65477
65477
65477
65477
65477
65477
65477
65477
65477
65477
65477
65477
65477
65477
65477
65477
65477
65477
65477
65477
65477
65477
65477
65477
65477
65477
65477
65477
65477
65477
65477
65477
65477
65477
65477
65477
65477
65477
65477
65477
65477
65477
65477
65477
65477
65477
65477
65477
65477
65477
65477
65477
65477
65477
65477
65477
65477
65477
65477
65477
65477
65477
65477
65477
65477
65477
65477
65477
65477
65477
65477
65477
65477
65477
65477
65477
65477
65477
65477
65477
65477
65477
65477
65477
65478
65478
65478
65478
65478
65478
65478
65478
65478
65478
65478
65478
65478
65478
65478
65478
65478
65478
65478
65478
65478
65478
65478
65478
65478
65478
65478
65478
65493
65527
65565
65600
65634
65670
65705
65737
65774
65807
65842
65876
65913
65960
66007
66053
66108
66162
66212
66268
66323
66379
66428
66483
66539
66594
66645
66699
66755
66809
66863
66918
66971
67021
67076
67131
67187
67241
67297
67350
67402
67459
67512
67564
67618
67668
67723
67781
67834
67888
67942
67996
68049
68102
68157
68211
68266
68322
68376
68429
68484
68536
68593
68645
68698
68752
68809
68863
68917
68970
69023
69077
69133
69186
69241
69296
69350
69405
69458
69512
69567
69621
69676
69731
69783
69837
69893
69944
70002
70053
70104
70160
70216
70270
70326
70379
70434
70490
70540
70595
70647
70703
70758
70810
70868
70921
70972
71026
71084
71134
71189
71243
71296
71348
71402
71458
71510
71562
71617
71674
71728
71781
71836
71891
71947
72003
72055
72108
72160
72215
72271
72324
72379
72432
72485
72540
72594
72648
72700
72755
72809
72864
72917
72971
73021
73079
73133
73188
73242
73291
73346
73401
73454
73512
73564
73619
73671
73727
73780
73833
73888
73943
73998
74048
74104
74160
74215
74269
74321
74371
74429
74481
74538
74591
74647
74699
74748
74804
74860
74914
74968
75022
75077
75131
75186
75239
75293
75347
75399
75455
75510
75566
75620
75674
75731
75788
75841
75894
75947
76000
76053
76106
76161
76216
76269
76323
76378
76431
76485
76539
76594
76649
76703
76757
76810
76864
76918
76973
77027
77081
77136
77189
77245
77298
77352
77408
77461
77516
77573
77624
77680
77733
77790
77842
77894
77948
78002
78055
78111
78164
78219
78274
78326
78381
78434
78489
78544
78594
78652
78705
78759
78812
78871
78925
78976
79031
79088
79141
79194
79251
79302
79359
79412
79460
79501
79538
79568
79594
79618
79638
79654
79672
79685
79697
79706
79712
79715
79717
79719
79721
79723
79725
79727
79729
79731
79733
79735
79737
79739
79741
79741
79741
79741
79741
79741
79741
79741
79741
79741
79741
79741
79741
79741
79741
79741
79741
79741
79741
79741
79741
79741
79741
79741
79741
79741
79741
79741
79741
79741
79741
79741
79741
79741
79741
79741
79741
79741
79741
79741
79741
79741
79741
79741
79741
79741
79741
79741
79741
79741
79741
79741
79741
79741
79741
79741
79741
79741
79741
79741
79741
79741
79741
79741
79741
79741
79741
79741
79741
79741
79741
79741
79741
79741
79741
79741
79741
79741
79741
79741
79741
79741
79741
79741
79741
79741
79741
79741
79741
79741
79741
79741
79741
79741
79741
79741
79741
79741
79741
79741
79741
79741
79741
79741
79741
79741
79741
79741
79741
79741
79741
79741
79741
79741
79741
79741
79741
79741
79741
79741
79741
79741
79741
79741
79741
79741
79741
79741
79741
79741
79741
79741
79741
79741
79741
79741
79741
79741
79741
79741
79741
79741
79741
79741
79741
79741
79741
79741
79741
79741
79741
79741
79741
79741
79741
79741
79741
79741
79741
79741
79741
79741
79741
79741
79741
79741
79741
79741
79741
79741
79741
79741
79741
79741
79741
79741
79741
79741
79741
79741
79741
79741
79741
79741
79741
79741
79741
79741
79741
79741
79741
79741
79741
79741
79741
79741
79741
79741
79741
79741
79741
79741
79741
79741
79741
79741
79741
79741
79741
79741
79741
79741
79741
79741
79741
79741
79741
79741
79741
79741
79741
79741
79761
79793
79825
79857
79890
79922
79956
79987
80023
80054
80088
80122
80164
80205
80255
80303
80358
80405
80461
80517
80571
80626
80677
80730
80786
80840
80896
80951
81004
81058
81108
81164
81218
81273
81328
81382
81437
81490
81544
81599
81651
81705
81760
81812
81863
81918
81973
82025
82080
82134
82187
82241
82296
82349
82403
82456
82511
82564
82619
82674
82727
82781
82835
82889
82944
82998
83052
83106
83161
83216
83269
83322
83377
83433
83487
83540
83594
83647
83703
83756
83812
83864
83919
83974
84028
84082
84137
84191
84246
84299
84351
84408
84458
84510
84564
84621
84675
84731
84783
84838
84891
84946
84998
85053
85108
85163
85216
85273
85323
85378
85434
85485
85540
85596
85652
85702
85758
85812
85866
85920
85976
86030
86083
86138
86194
86246
86302
86354
86409
86462
86517
86567
86621
86675
86729
86783
86836
86889
86944
86999
87053
87106
87160
87212
87269
87322
87377
87431
87486
87538
87595
87649
87704
87760
87812
87866
87922
87976
88029
88082
88136
88191
88247
88302
88352
88409
88463
88514
88568
88624
88680
88731
88787
88842
88892
88947
89002
89057
89110
89161
89217
89272
89325
89381
89429
89485
89541
89596
89650
89704
89757
89810
89862
89916
89972
90025
90079
90131
90181
90231
90280
90330
90380
90427
90475
90523
90571
90619
90666
90712
90758
90804
90850
90896
90942
90988
91034
91082
91130
91178
91226
91274
91322
91371
91421
91471
91521
91571
91623
91675
91727
91764
91796
91835
91883
91933
91988
92042
92097
92151
92206
92261
92316
92370
92425
92479
92534
92587
92641
92695
92749
92805
92857
92910
92966
93015
93070
93124
93181
93234
93290
93343
93399
93453
93509
93558
93613
93669
93723
93781
93835
93886
93943
93997
94050
94088
94141
94195
94249
94304
94359
94409
94466
94510
94546
94576
94601
94622
94639
94653
94662
94670
94677
94680
94682
94684
94686
94688
94690
94692
94694
94696
94698
94700
94702
94704
94706
94708
94708
94708
94708
94708
94708
94708
94708
94708
94708
94708
94708
94708
94708
94708
94708
94708
94708
94708
94708
94708
94708
94708
94708
94708
94708
94708
94708
94708
94708
94708
94708
94708
94708
94708
94708
94708
94708
94708
94708
94708
94708
94708
94708
94708
94708
94708
94708
94708
94708
94708
94708
94708
94708
94708
94708
94708
94708
94708
94708
94708
94708
94708
94708
94708
94708
94708
94708
94708
94708
94708
94708
94708
94708
94708
94708
94708
94708
94708
94708
94708
94708
94708
94708
94708
94708
94708
94708
94708
94708
94708
94708
94708
94708
94708
94708
94708
94708
94708
94708
94708
94708
94708
94708
94708
94708
94708
94708
94708
94708
94708
94708
94708
94708
94708
94708
94708
94708
94708
94708
94708
94708
94708
94708
94708
94708
94708
94708
94708
94708
94708
94708
94708
94708
94708
94708
94708
94708
94708
94708
94708
94708
94708
94708
94708
94708
94708
94708
94708
94708
94708
94708
94708
94708
94708
94708
94708
94708
94708
94708
94708
94708
94708
94708
94708
94708
94708
94708
94708
94708
94708
94708
94708
94708
94708
94708
94708
94708
94708
94708
94708
94708
94708
94708
94708
94708
94708
94708
94708
94708
94708
94708
94708
94708
94708
94708
94708
94708
94708
94708
94708
94708
94708
94708
94708
94708
94708
94708
94708
94708
94708
94708
94708
94708
94708
94708
94708
94708
94708
94708
94708
94708
94708
94708
94708
94708
94708
94708
94708
94708
94708
94708
94708
94708
94708
94708
94708
94708
94708
94708
94708
94708
94708
94708
94708
94708
94708
94708
94708
94708
94708
94708
94708
94708
94708
94720
94750
94776
94810
94838
94869
94898
94934
94965
94996
95028
95065
95102
95143
95183
95236
95283
95338
95393
95448
95504
95558
95607
95663
95718
95772
95828
95883
95937
95991
96043
96098
96149
96205
96260
96314
96369
96424
96479
96533
96588
96643
96698
96752
96807
96861
96913
96966
97021
97075
97128
97181
97236
97291
97342
97396
97450
97504
97558
97612
97666
97721
97775
97828
97882
97936
97991
98046
98102
98156
98210
98264
98318
98372
98425
98479
98536
98588
98643
98695
98751
98805
98858
98909
98966
99019
99074
99129
99183
99239
99293
99347
99402
99457
99513
99566
99622
99675
99732
99784
99835
99890
99944
100000
100056
100108
100165
100217
100272
100325
100379
100435
100491
100542
100598
100651
100706
100760
100814
100867
100922
100979
101029
101085
101139
101194
101245
101303
101354
101410
101463
101520
101575
101629
101681
101736
101792
101847
101901
101956
102011
102066
102122
102177
102230
102286
102342
102398
102449
102502
102555
102611
102667
102721
102774
102827
102881
102938
102992
103047
103101
103153
103207
103263
103317
103371
103426
103478
103532
103588
103641
103697
103749
103805
103859
103911
103959
104000
104046
104086
104123
104163
104198
104234
104263
104295
104325
104351
104378
104402
104425
104446
104466
104484
104501
104516
104530
104544
104556
104567
104577
104585
104593
104599
104605
104610
104614
104617
104619
104621
104622
104622
104622
104622
104622
104622
104622
104622
104622
104622
104622
104622
104622
104622
104622
104622
104622
104622
104622
104622
104622
104622
104622
104622
104622
104622
104622
104622
104622
104622
104622
104622
104622
104622
104622
104622
104622
104622
104622
104622
104624
104627
104629
104631
104633
104635
104638
104642
104647
104653
104661
104669
104679
104690
104702
104716
104732
104749
104767
104787
104808
104831
104855
104881
104909
104938
104969
105002
105037
105074
105113
105153
105195
105239
105285
105333
105360
105388
105405
105419
105444
105467
105500
105539
105582
105630
105681
105733
105788
105841
105894
105940
105972
105998
106018
106031
106043
106048
106052
106055
106057
106059
106061
106063
106065
106067
106069
106071
106073
106075
106077
106079
106081
106083
106084
106084
106084
106084
106084
106084
106084
106084
106084
106084
106084
106084
106084
106084
106084
106084
106084
106084
106084
106084
106084
106084
106084
106084
106084
106084
106084
106084
106084
106084
106084
106084
106084
106084
106084
106084
106084
106084
106084
106084
106084
106084
106084
106084
106084
106084
106084
106084
106084
106084
106084
106084
106084
106084
106084
106084
106084
106084
106084
106084
106084
106084
106084
106084
106084
106084
106084
106084
106084
106084
106084
106084
106084
106084
106084
106084
106084
106084
106084
106084
106084
106084
106084
106084
106084
106084
106084
106084
106084
106084
106084
106084
106084
106084
106084
106084
106084
106084
106084
106084
106084
106084
106084
106084
106084
106084
106084
106084
106084
106084
106084
106084
106084
106084
106084
106084
106084
106084
106084
106084
106084
106084
106084
106084
106084
106084
106084
106084
106084
106084
106084
106084
106084
106084
106084
106084
106084
106084
106084
106084
106084
106084
106084
106084
106084
106084
106084
106084
106084
106084
106084
106084
106084
106084
106084
106084
106084
106084
106084
106084
106084
106084
106084
106084
106084
106084
106084
106084
106084
106084
106084
106084
106084
106084
106084
106084
106084
106084
106084
106084
106084
106084
106084
106084
106084
106084
106084
106084
106084
106084
106084
106084
106084
106084
106084
106084
106084
106084
106084
106084
106084
106084
106084
106084
106084
106084
106084
106084
106084
106084
106084
106084
106084
106084
106084
106084
106084
106084
106084
106084
106084
106084
106084
106084
106084
106084
106084
106084
106084
106084
106084
106084
106084
106084
106084
106084
106084
106084
106084
106084
106084
106084
106084
106084
106084
106084
106084
106084
106084
106084
106084
106084
106084
106084
106084
106084
106084
106084
106084
106084
106084
106084
106084
106084
106084
106084
106084
106084
106084
106084
106084
106084
106084
106084
106084
106084
106084
106084
106084
106084
106084
106084
106084
106084
106084
106084
106102
106136
106161
106187
106219
106251
106278
106308
106339
106371
106405
106442
106481
106522
106563
106617
106652
106679
106712
106750
106797
106840
106884
106932
106978
107023
107068
107112
107157
107200
107243
107285
107325
107365
107405
107444
107482
107520
107558
107596
107632
107668
107704
107740
107776
107812
107848
107884
107920
107956
107992
108028
108064
108100
108136
108172
108208
108244
108280
108316
108352
108389
108427
108465
108503
108541
108580
108620
108660
108700
108742
108784
108826
108869
108913
108957
109003
109049
109097
109145
109193
109243
109294
109346
109393
109417
109443
109478
109521
109572
109626
109678
109733
109788
109841
109894
109952
110003
110055
110108
110162
110218
110272
110328
110382
110438
110492
110548
110602
110657
110706
110761
110817
110872
110928
110980
111035
111089
111143
111197
111254
111307
111364
111415
111470
111524
111579
111631
111686
111742
111794
111848
111905
111958
112012
112067
112122
112176
112228
112285
112338
112392
112447
112499
112556
112609
112662
112718
112773
112827
112880
112932
112985
113042
113095
113148
113200
113253
113306
113361
113415
113472
113525
113580
113634
113688
113744
113798
113851
113905
113960
114008
114052
114090
114125
114157
114186
114213
114236
114258
114280
114299
114317
114332
114344
114355
114363
114369
114373
114375
114377
114379
114381
114383
114385
114387
114389
114391
114391
114391
114391
114391
114391
114391
114391
114391
114391
114391
114391
114391
114391
114391
114391
114391
114391
114391
114391
114391
114391
114391
114391
114391
114391
114391
114391
114391
114391
114391
114391
114391
114391
114391
114391
114391
114391
114391
114391
114391
114391
114391
114391
114391
114391
114391
114391
114391
114391
114391
114391
114391
114391
114391
114391
114391
114391
114391
114391
114391
114391
114391
114391
114391
114391
114391
114391
114391
114391
114391
114391
114391
114391
114391
114391
114391
114391
114391
114391
114391
114391
114391
114391
114391
114391
114391
114391
114391
114391
114391
114391
114391
114391
114391
114391
114391
114391
114391
114391
114391
114391
114391
114391
114391
114391
114391
114391
114394
114394
114394
114394
114394
114394
114394
114394
114394
114394
114394
114394
114394
114394
114394
114394
114394
114394
114394
114394
114394
114394
114394
114394
114394
114394
114394
114394
114394
114394
114394
114394
114394
114394
114394
114394
114394
114394
114394
114394
114394
114394
114394
114394
114394
114394
114394
114394
114394
114394
114394
114394
114394
114394
114394
114394
114394
114394
114394
114394
114394
114394
114394
114394
114394
114394
114394
114394
114394
114394
114394
114394
114394
114394
114394
114394
114394
114394
114394
114394
114394
114394
114394
114394
114394
114394
114394
114394
114394
114394
114394
114394
114394
114394
114394
114394
114394
114394
114394
114394
114394
114394
114394
114394
114394
114394
114394
114394
114394
114394
114394
114394
114394
114394
114394
114394
114394
114394
114394
114394
114394
114394
114394
114394
114394
114394
114394
114394
114394
114394
114394
114394
114394
114394
114394
114394
114394
114394
114394
114394
114394
114394
114394
114394
114394
114394
114394
114394
114394
114394
114394
114394
114394
114394
114394
114394
114394
114394
114394
114394
114394
114394
114394
114394
114394
114394
114394
114394
114394
114394
114394
114394
114394
114394
114394
114394
114394
114394
114394
114394
114394
114394
114394
114394
114394
114394
114394
114394
114394
114394
114394
114394
114394
114394
114394
114394
114394
114394
114394
114394
114394
114394
114394
114394
114394
114394
114394
114394
114394
114394
114394
114394
114394
114394
114394
114394
114394
114394
114394
114394
114394
114394
114394
114394
114394
114394
114394
114394
114394
114394
114394
114394
114394
114394
114394
114394
114394
114394
114394
114394
114394
114394
114394
114394
114394
114394
114394
114394
114394
114394
114394
114394
114394
114394
114394
114394
114394
114394
114394
114394
114394
114394
114394
114394
114394
114394
114394
114394
114394
114394
114394
114394
114394
114394
114394
114394
114394
114394
114394
114394
114394
114394
114394
114394
114394
114394
114394
114394
114394
114394
114394
114394
114394
114394
114394
114394
114394
114394
114394
114394
114394
114394
114394
114394
114394
114394
114394
114394
114394
114394
114394
114394
114394
114394
114394
114394
114394
114394
114394
114394
114394
114394
114394
114394
114394
114394
114394
114394
114394
114394
114394
114394
114394
114394
114394
114394
114394
114394
114394
114394
114394
114394
114394
114394
114394
114394
114394
114394
114394
114394
114394
114394
114394
114394
114394
114394
114394
114394
114394
114394
114394
114394
114394
114394
114394
114394
114394
114394
114394
114394
114394
114394
114394
114394
114394
114394
114394
114394
114394
114394
114394
114394
114394
114394
114394
114398
114402
114406
114408
114410
114414
114418
114424
114432
114440
114450
114462
114476
114491
114507
114525
114545
114567
114590
114614
114640
114668
114698
114730
114764
114800
114838
114878
114920
114963
115008
115055
115097
115118
115137
115158
115175
115204
115230
115270
115308
115357
115409
115460
115516
115570
115624
115680
115736
115786
115843
115898
115950
116005
116060
116115
116167
116224
116279
116333
116384
116441
116496
116551
116605
116657
116714
116769
116825
116877
116932
116986
117039
117094
117145
117202
117257
117312
117367
117420
117475
117531
117577
117616
117652
117680
117708
117732
117752
117767
117783
117798
117810
117817
117823
117826
117828
117830
117832
117834
117836
117838
117840
117842
117844
117846
117848
117850
117852
117854
117855
117855
117855
117855
117855
117855
117855
117855
117855
117855
117855
117855
117855
117855
117855
117855
117855
117855
117855
117855
117855
117855
117855
117855
117855
117855
117855
117855
117855
117855
117855
117855
117855
117855
117855
117855
117855
117855
117855
117855
117855
117855
117855
117855
117855
117855
117855
117855
117855
117855
117855
117855
117855
117855
117855
117855
117855
117855
117855
117855
117855
117855
117855
117855
117855
117855
117855
117855
117855
117855
117855
117855
117855
117855
117855
117855
117855
117855
117855
117855
117855
117855
117855
117855
117855
117855
117855
117855
117855
117855
117855
117855
117855
117855
117855
117855
117855
117855
117855
117855
117855
117855
117855
117855
117855
117855
117855
117855
117855
117855
117855
117855
117855
117855
117855
117855
117855
117855
117855
117855
117855
117855
117855
117855
117855
117855
117855
117855
117855
117855
117855
117855
117855
117855
117855
117855
117855
117855
117855
117855
117855
117855
117855
117855
117855
117855
117855
117855
117855
117855
117855
117855
117855
117855
117855
117855
117855
117855
117855
117855
117855
117855
117855
117855
117855
117855
117855
117855
117855
117855
117855
117855
117855
117855
117855
117855
117855
117855
117855
117855
117855
117855
117855
117855
117855
117855
117855
117855
117855
117855
117855
117855
117855
117855
117855
117855
117855
117855
117855
117855
117855
117855
117855
117855
117855
117855
117855
117855
117855
117855
117855
117855
117855
117855
117855
117855
117855
117855
117855
117855
117855
117855
117855
117855
117855
117855
117855
117855
117855
117855
117855
117855
117855
117855
117855
117855
117855
117855
117855
117855
117855
117855
117855
117855
117855
117855
117855
117855
117855
117855
117855
117855
117855
117855
117855
117855
117855
117855
117855
117855
117855
117855
117855
117855
117855
117855
117855
117855
117855
117855
117855
117855
117855
117855
117855
117855
117855
117855
117855
117855
117855
117855
117855
117855
117855
117855
117855
117855
117855
117855
117855
117855
117855
117855
117855
117855
117855
117855
117855
117855
117855
117855
117855
117855
117855
117855
117855
117855
117855
117855
117855
117855
117855
117855
117855
117855
117855
117855
117855
117855
117855
117855
117855
117855
117855
117855
117855
117855
117855
117855
117855
117855
117855
117855
117855
117855
117855
117855
117855
117855
117855
117855
117855
117855
117855
117855
117855
117855
117855
117855
117855
117855
117855
117855
117855
117855
117855
117855
117855
117855
117855
117855
117855
117855
117855
117855
117855
117855
117855
117855
117855
117855
117855
117855
117855
117855
117855
117855
117855
117855
117855
117855
117855
117855
117855
117855
117855
117855
117855
117855
117855
117855
117855
117855
117855
117855
117855
117855
117855
117855
117855
117855
117855
117855
117855
117855
117855
117855
117855
117855
117855
117855
117855
117855
117855
117855
117855
117855
117855
117855
117855
117855
117855
117855
117855
117855
117855
117855
117855
117855
117855
117855
117855
117855
117855
117855
117855
117855
117855
117855
117855
117855
117855
117855
117855
117855
117855
117855
117855
117855
117855
117855
117855
117855
117855
117855
117855
117855
117855
117855
117855
117855
117855
117855
117855
117855
117855
117855
117855
117855
117855
117855
117855
117855
117855
117855
117855
117855
117855
117855
117855
117855
117855
117855
117855
117855
117855
117855
117855
117855
117855
117855
117855
117855
117855
117855
117855
117855
117855
117855
117855
117855
117855
117855
117855
117855
117855
117855
117855
117855
117855
117855
117855
117855
117855
117855
117855
117855
117855
117855
117855
117855
117855
117855
117855
117855
117855
117855
117855
117855
117855
117855
117855
117855
117855
117855
117855
117855
117855
117855
117855
117855
117855
117859
117864
117870
117876
117882
117888
117894
117900
117908
117918
117931
117946
117964
117985
118008
118034
118062
118093
118127
118164
118204
118243
118267
118292
118308
118320
118335
118354
118379
118407
118442
118484
118532
118580
118629
118679
118735
118788
118840
118895
118952
119005
119059
119111
119157
119196
119230
119259
119282
119303
119318
119332
119341
119351
119358
119361
119363
119365
119367
119369
119371
119373
119375
119377
119379
119381
119383
119385
119387
119389
119390
119390
119390
119390
119390
119390
119390
119390
119390
119390
119390
119390
119390
119390
119390
119390
119390
119390
119390
119390
119390
119390
119390
119390
119390
119390
119390
119390
119390
119390
119390
119390
119390
119390
119390
119390
119390
119390
119390
119390
119390
119390
119390
119390
119390
119390
119390
119390
119390
119390
119390
119390
119390
119390
119390
119390
119390
119390
119390
119390
119390
119390
119390
119390
119390
119390
119390
119390
119390
119390
119390
119390
119390
119390
119390
119390
119390
119390
119390
119390
119390
119390
119390
119390
119390
119390
119390
119390
119390
119390
119390
119390
119390
119390
119390
119390
119390
119390
119390
119390
119390
119390
119390
119390
119390
119390
119390
119390
119390
119390
119390
119390
119390
119390
119390
119390
119390
119390
119390
119390
119390
119390
119390
119390
119390
119390
119390
119390
119390
119390
119390
119390
119390
119390
119390
119390
119390
119390
119390
119390
119390
119390
119390
119390
119390
119390
119390
119390
119390
119390
119390
119390
119390
119390
119390
119390
119390
119390
119390
119390
119390
119390
119390
119390
119390
119390
119390
119390
119390
119390
119390
119390
119390
119390
119390
119390
119390
119390
119390
119390
119390
119390
119390
119390
119390
119390
119390
119390
119390
119390
119390
119390
119390
119390
119390
119390
119390
119390
119390
119390
119390
119390
119390
119390
119390
119390
119390
119390
119390
119390
119390
119390
119390
119390
119390
119390
119390
119390
119390
119390
119390
119390
119390
119390
119390
119390
119390
119390
119390
119390
119390
119390
119390
119390
119390
119390
119390
119390
119390
119390
119390
119390
119390
119390
119390
119390
119390
119390
119390
119390
119390
119390
119390
119390
119390
119390
119390
119390
119390
119390
119390
119390
119390
119390
119390
119390
119390
119390
119390
119390
119390
119390
119390
119390
119390
119390
119390
119390
119390
119390
119390
119390
119390
119390
119390
119390
119390
119390
119390
119390
119390
119390
119390
119390
119390
119390
119390
119390
119390
119390
119390
119390
119390
119390
119390
119390
119390
119390
119390
119390
119390
119390
119390
119390
119390
119390
119390
119390
119390
119390
119390
119390
119390
119390
119390
119390
119390
119390
119390
119390
119390
119390
119390
119390
119390
119390
119390
119390
119390
119390
119390
119390
119390
119390
119390
119390
119390
119390
119390
119390
119390
119390
119390
119390
119390
119390
119390
119390
119390
119390
119390
119390
119390
119390
119390
119390
119390
119390
119390
119390
119390
119390
119390
119390
119390
119390
119390
119390
119390
119390
119390
119390
119390
119390
119390
119390
119390
119390
119390
119390
119390
119390
119390
119390
119390
119390
119390
119390
119390
119390
119390
119390
119390
119390
119390
119390
119390
119390
119390
119390
119390
119390
119390
119390
119390
119390
119390
119390
119390
119390
119390
119390
119390
119390
119390
119390
119390
119390
119390
119390
119390
119390
119390
119390
119390
119390
119390
119390
119390
119390
119390
119390
119390
119390
119390
119390
119390
119390
119390
119390
119390
119390
119390
119390
119390
119390
119390
119390
119390
119390
119390
119390
119390
119390
119390
119390
119390
119390
119390
119390
119390
119390
119390
119390
119390
119390
119390
119390
119390
119390
119390
119390
119390
119390
119390
119390
119390
119390
119390
119390
119390
119390
119390
119390
119390
119390
119390
119390
119390
119390
119390
119390
119390
119390
119390
119390
119390
119390
119390
119390
119390
119390
119390
119390
119390
119390
119390
119390
119390
119390
119390
119390
119390
119390
119390
119390
119390
119390
119390
119390
119390
119390
119390
119390
119390
119390
119390
119390
119390
119390
119390
119390
119390
119390
119390
119390
119390
119390
119390
119390
119390
119390
119390
119390
119390
119390
119390
119390
119390
119390
119390
119390
119390
119390
119390
119390
119390
119390
119390
119390
119390
119390
119390
119390
119390
119390
119390
119390
119390
119390
119390
119390
119390
119390
119390
119390
119391
119393
119393
119393
119393
119393
119393
119393
119393
119393
119393
119393
119393
119393
119393
119393
119393
119393
119393
119393
119393
119393
119393
119393
119393
119393
119393
119393
119393
119393
119393
119393
119393
119393
119393
119393
119393
119393
119393
119393
119393
119393
119393
119393
119393
119393
119393
119393
119393
119393
119393
119393
119393
119393
119393
119393
119393
119393
119393
119393
119393
119393
119393
119393
119393
119393
119393
119393
119393
119393
119393
119393
119393
119393
119393
119393
119393
119393
119393
119393
119393
119393
119393
119393
119393
119393
119393
119393
119393
119393
119393
119393
119393
119393
119393
119393
119393
119393
119393
119393
119393
119393
119393
119393
119393
119393
119393
119393
119393
119393
119393
119393
119393
119393
119393
119393
119393
119393
119393
119393
119393
119393
119393
119393
119393
119393
119393
119393
119393
119393
119393
119393
119393
119393
119393
119393
119393
119393
119393
119393
119393
119393
119393
119393
119393
119393
119393
119393
119393
119393
119393
119393
119393
119393
119393
119393
119393
119393
119393
119393
119393
119393
119393
119393
119393
119393
119393
119393
119393
119393
119393
119393
119393
119393
119393
119393
119393
119393
119393
119393
119393
119393
119393
119393
119393
119393
119393
119393
119393
119393
119393
119393
119393
119393
119393
119393
119393
119393
119393
119393
119393
119393
119393
119393
119393
119393
119393
119393
119393
119393
119393
119393
119393
119393
119393
119393
119393
119393
119393
119393
119393
119393
119393
119393
119393
119393
119393
119393
119393
119393
119393
119393
119393
119393
119393
119393
119393
119393
119393
119393
119393
119393
119393
119393
119393
119393
119393
119393
119393
119393
119393
119393
119393
119393
119393
119393
119393
119393
119393
119393
119393
119393
119393
119393
119393
119393
119393
119393
119393
119393
119393
119393
119393
119393
119393
119393
119393
119393
119393
119393
119393
119393
119393
119393
119393
119393
119393
119393
119393
119393
119393
119393
119393
119393
119393
119393
119393
119393
119393
119393
119393
119393
119393
119393
119393
119393
119393
119393
119393
119393
119393
119393
119393
119393
119393
119393
119393
119393
119393
119393
119393
119393
119393
119393
119393
119393
119393
119393
119393
119393
119393
119393
119393
119393
119393
119393
