Time needed: 370.97 s
Distance travelled: 729.32 m
Total rotation: 10566.6°
Objects found after: 171.00 s, 181.30 s, 253.00 s

+++ following progress ticks +++
456
509
593
652
703
761
815
875
939
986
1052
1114
1163
1231
1299
1350
1411
1483
1524
1593
1658
1710
1790
1850
1883
1946
2042
2092
2156
2217
2268
2341
2387
2442
2529
2578
2633
2698
2743
2809
2874
2923
2998
3050
3110
3180
3226
3295
3353
3416
3466
3539
3585
3636
3730
3773
3823
3892
3962
4005
4066
4135
4195
4260
4307
4381
4422
4465
4525
4592
4629
4660
4690
4721
4753
4784
4814
4846
4876
4910
4941
4976
5008
5042
5078
5116
5153
5192
5235
5275
5316
5357
5398
5443
5487
5535
5581
5629
5674
5720
5772
5824
5876
5924
5975
6033
6087
6142
6199
6253
6311
6372
6431
6491
6552
6608
6667
6727
6788
6847
6907
6964
7024
7084
7144
7204
7264
7319
7381
7440
7501
7560
7618
7675
7737
7797
7857
7917
7974
8032
8094
8153
8213
8274
8330
8389
8450
8510
8570
8631
8687
8746
8806
8867
8926
8986
9042
9103
9162
9223
9282
9323
9380
9439
9499
9560
9619
9679
9734
9796
9855
9916
9975
10034
10090
10152
10212
10272
10332
10390
10447
10509
10569
10628
10689
10745
10804
10866
10922
10973
11017
11053
11089
11121
11154
11189
11222
11256
11290
11322
11351
11383
11416
11448
11479
11510
11542
11573
11604
11635
11664
11693
11724
11756
11787
11819
11851
11882
11913
11945
11976
12008
12039
12071
12103
12135
12166
12198
12229
12261
12293
12325
12357
12388
12419
12451
12483
12515
12547
12579
12610
12642
12674
12706
12738
12773
12817
12878
12952
13025
13083
13144
13199
13262
13343
13426
13524
13606
13717
13824
13897
13967
14027
14087
14147
14208
14268
14323
14384
14444
14504
14564
14623
14679
14740
14800
14861
14920
14979
15035
15097
15156
15217
15277
15334
15392
15454
15514
15573
15634
15690
15749
15810
15870
15930
15991
16045
16106
16166
16227
16286
16346
16401
16463
16522
16583
16642
16702
16757
16819
16879
16939
16999
17057
17114
17176
17236
17295
17356
17412
17471
17533
17592
17652
17713
17769
17828
17888
17949
18008
18068
18125
18185
18245
18297
18347
18394
18439
18493
18545
18600
18654
18708
18762
18819
18877
18934
18994
19050
19108
19170
19229
19289
19350
19406
19465
19526
19586
19646
19707
19763
19822
19882
19943
20002
20062
20118
20179
20238
20299
20358
20419
20473
20535
20595
20656
20715
20773
20830
20892
20952
21011
21072
21128
21187
21249
21308
21368
21429
21485
21544
21604
21665
21725
21784
21842
21901
21961
22022
22081
22158
22216
22278
22338
22397
22458
22514
22573
22635
22694
22754
22815
22871
22930
22990
23051
23110
23170
23226
23287
23347
23407
23467
23527
23581
23643
23703
23764
23823
23881
23935
23987
24030
24069
24102
24134
24166
24202
24235
24269
24303
24334
24368
24396
24425
24458
24490
24523
24554
24585
24616
24647
24679
24711
24741
24773
24803
24835
24866
24897
24929
24960
24991
25021
25053
25085
25117
25150
25179
25211
25243
25275
25306
25338
25370
25402
25434
25464
25496
25528
25560
25591
25623
25654
25686
25718
25750
25782
25814
25846
25878
25910
25943
25986
26051
26124
26187
26245
26305
26362
26425
26457
26512
26571
26630
26685
26734
26780
26818
26855
26887
26917
26951
26984
27016
27049
27079
27106
27138
27170
27203
27234
27265
27296
27328
27360
27392
27422
27454
27485
27516
27548
27580
27611
27642
27674
27706
27737
27768
27799
27831
27863
27895
27926
27958
27990
28020
28052
28084
28116
28148
28180
28212
28244
28276
28308
28340
28372
28403
28435
28467
28499
28530
28561
28593
28625
28657
28688
28720
28752
28784
28816
28848
28880
28912
28944
28976
29008
29040
29072
29104
29136
29168
29200
29232
29264
29296
29328
29360
29392
29424
29456
29488
29520
29552
29584
29616
29648
29680
29712
29744
29776
29808
29840
29872
29904
29936
29968
30000
30032
30064
30096
30128
30160
30192
30224
30256
30288
30320
30352
30384
30416
30448
30480
30512
30544
30576
30608
30640
30672
30704
30736
30768
30800
30832
30864
30901
30957
31027
31109
31169
31227
31287
31347
31374
31427
31488
31547
31603
31653
31699
31736
31777
31811
31843
31872
31905
31938
31971
32001
32031
32059
32091
32123
32154
32187
32218
32249
32281
32313
32345
32375
32407
32439
32469
32501
32533
32563
32595
32627
32659
32691
32721
32752
32784
32816
32848
32880
32912
32943
32974
33006
33038
33070
33102
33133
33165
33197
33229
33261
33293
33325
33357
33389
33421
33453
33485
33516
33548
33580
33612
33644
33676
33708
33740
33771
33803
33835
33867
33899
33931
33963
33995
34027
34059
34091
34123
34154
34186
34218
34250
34282
34314
34346
34378
34410
34442
34474
34506
34538
34570
34602
34634
34666
34698
34730
34762
34794
34826
34858
34890
34922
34954
34986
35018
35050
35082
35114
35146
35178
35210
35242
35274
35306
35338
35370
35402
35434
35466
35498
35530
35562
35594
35626
35658
35690
35722
35754
35786
35818
35850
35882
35914
35946
35978
36010
36042
36074
36106
36138
36170
36202
36234
36266
36298
36330
36362
36394
36426
36458
36490
36522
36554
36586
36618
36650
36682
36714
36746
36778
36810
36842
36874
36898
36909
36914
36916
36916
36924
36942
36971
37020
37077
37136
37193
37234
37266
37296
37324
37360
37395
37431
37467
37501
37540
37607
37669
37728
37787
37848
37905
37957
37976
38005
38045
38091
38144
38198
38249
38310
38367
38427
38486
38545
38605
38667
38729
38783
38843
38905
38962
39019
39081
39140
39203
39261
39325
39384
39444
39505
39563
39622
39681
39741
39802
39862
39916
39978
40039
40099
40158
40218
40274
40334
40394
40455
40515
40575
40630
40691
40751
40812
40871
40930
40986
41048
41107
41168
41227
41287
41342
41404
41464
41524
41584
41641
41699
41761
41821
41880
41941
41997
42056
42117
42177
42237
42298
42354
42413
42473
42534
42593
42653
42710
42770
42830
42890
42950
43010
43064
43126
43186
43247
43306
43364
43421
43483
43543
43603
43663
43720
43778
43840
43899
43959
44020
44076
44135
44196
44256
44316
44377
44433
44492
44552
44613
44672
44732
44787
44849
44908
44969
45028
45088
45143
45205
45265
45325
45385
45443
45500
45562
45622
45681
45742
45798
45857
45919
45978
46038
46099
46155
46214
46274
46335
46395
46454
46511
46571
46631
46692
46751
46811
46866
46928
46987
47048
47107
47165
47222
47284
47344
47404
47464
47521
47579
47641
47700
47760
47821
47877
47936
47997
48057
48117
48178
48234
48293
48353
48414
48471
48522
48565
48603
48638
48671
48705
48735
48772
48805
48840
48868
48901
48934
48966
48998
49030
49060
49091
49120
49147
49161
49190
49250
49311
49370
49433
49493
49551
49609
49666
49730
49791
49845
49904
49964
50022
50080
50139
50198
50257
50317
50376
50433
50491
50551
50611
50671
50733
50789
50849
50910
50974
51032
51085
51133
51173
51209
51239
51272
51305
51340
51377
51405
51438
51471
51504
51534
51565
51592
51624
51656
51688
51720
51751
51783
51814
51845
51878
51908
51940
51972
52002
52034
52066
52097
52128
52160
52192
52223
52254
52285
52317
52349
52381
52413
52445
52475
52507
52539
52571
52603
52634
52666
52698
52730
52762
52794
52826
52858
52890
52921
52953
52985
53017
53049
53081
53113
53145
53177
53208
53240
53272
53304
53336
53368
53400
53432
53464
53496
53527
53559
53591
53623
53655
53687
53719
53751
53783
53815
53847
53879
53911
53943
53975
54007
54039
54061
54095
54155
54230
54295
54355
54412
54472
54482
54532
54589
54648
54704
54759
54816
54868
54920
54970
55017
55060
55095
55130
55162
55192
55229
55261
55297
55329
55357
55390
55423
55455
55487
55518
55548
55580
55611
55640
55669
55701
55732
55764
55795
55827
55858
55890
55921
55952
55984
56016
56047
56079
56110
56142
56174
56205
56237
56269
56300
56332
56363
56395
56427
56459
56491
56523
56554
56586
56618
56650
56682
56714
56746
56777
56808
56840
56872
56904
56936
56968
57000
57032
57064
57096
57128
57160
57192
57224
57256
57288
57320
57352
57384
57416
57448
57480
57512
57544
57576
57608
57640
57672
57704
57736
57768
57800
57832
57864
57896
57928
57960
57992
58024
58056
58088
58120
58152
58184
58216
58248
58279
58311
58343
58375
58407
58439
58471
58503
58535
58567
58599
58631
58663
58695
58727
58759
58787
58808
58824
58837
58846
58853
58858
58860
58860
58860
58860
58863
58869
58881
58905
58961
59024
59091
59167
59239
59337
59438
59490
59548
59602
59668
59728
59788
59848
59907
59963
60024
60084
60145
60204
60263
60319
60381
60440
60501
60561
60618
60676
60738
60798
60857
60918
60974
61033
61094
61154
61214
61275
61329
61390
61450
61511
61570
61630
61685
61747
61806
61867
61926
61986
62041
62103
62163
62223
62283
62341
62398
62460
62520
62579
62640
62696
62755
62817
62876
62936
62997
63053
63112
63172
63233
63292
63352
63409
63469
63529
63590
63649
63709
63764
63826
63885
63946
64005
64063
64120
64182
64242
64302
64362
64419
64477
64539
64598
64658
64719
64775
64834
64895
64955
65015
65076
65132
65191
65251
65312
65371
65431
65487
65548
65607
65668
65727
65788
65842
65904
65964
66025
66084
66142
66199
66261
66321
66380
66441
66497
66556
66618
66677
66737
66798
66854
66913
66973
67034
67094
67153
67211
67270
67330
67391
67450
67506
67538
67566
67586
67603
67614
67624
67632
67638
67642
67645
67645
67645
67646
67647
67648
67650
67651
67653
67655
67657
67659
67664
67672
67675
67676
67678
67679
67681
67682
67683
67685
67686
67688
67689
67690
67692
67693
67695
67696
67698
67699
67700
67702
67703
67705
67706
67707
67709
67710
67712
67713
67715
67716
67717
67719
67720
67722
67723
67724
67726
67727
67729
67730
67731
67733
67734
67736
67737
67739
67740
67741
67743
67744
67746
67747
67748
67750
67751
67753
67754
67756
67757
67758
67760
67761
67763
67764
67765
67767
67768
67770
67771
67772
67774
67775
67777
67778
67780
67781
67782
67784
67785
67787
67788
67789
67791
67792
67794
67795
67797
67798
67799
67801
67802
67804
67805
67806
67808
67809
67811
67812
67813
67815
67816
67818
67819
67821
67822
67823
67825
67826
67828
67829
67830
67830
67830
67830
67830
67831
67837
67852
67877
67906
67940
67956
67958
67959
67980
68016
68063
68124
68186
68246
68315
68361
68391
68421
68457
68491
68523
68555
68582
68614
68646
68679
68710
68741
68774
68805
68836
68867
68897
68929
68959
68991
69022
69053
69084
69116
69147
69177
69209
69240
69272
69302
69332
69364
69396
69428
69460
69492
69524
69555
69586
69618
69650
69682
69713
69745
69777
69809
69841
69873
69905
69937
69969
70001
70033
70065
70097
70129
70161
70193
70225
70257
70289
70321
70353
70385
70417
70448
70480
70512
70544
70576
70608
70640
70672
70704
70736
70768
70799
70835
70882
70918
70949
70983
71020
71050
71082
71111
71143
71179
71216
71256
71302
71362
71424
71484
71543
71604
71662
71720
71776
71828
71872
71912
71943
71974
72010
72043
72074
72112
72144
72178
72209
72237
72269
72301
72334
72365
72396
72427
72458
72490
72522
72552
72583
72614
72645
72677
72706
72737
72767
72797
72829
72861
72893
72925
72956
72987
73019
73051
73083
73115
73146
73178
73209
73241
73273
73305
73336
73368
73400
73432
73464
73496
73528
73560
73592
73624
73656
73688
73720
73751
73783
73815
73846
73882
73928
73964
73999
74035
74070
74097
74131
74161
74192
74228
74262
74296
74311
74361
74420
74480
74545
74608
74671
74734
74792
74863
74917
74972
75032
75089
75156
75216
75277
75336
75396
75452
75513
75572
75633
75692
75753
75807
75869
75929
75990
76049
76107
76164
76226
76286
76345
76406
76462
76521
76583
76642
76702
76763
76819
76878
76938
76999
77059
77118
77176
77235
77295
77356
77415
77475
77530
77592
77651
77712
77771
77830
77886
77948
78008
78068
78128
78185
78243
78305
78364
78424
78485
78541
78600
78662
78721
78781
78842
78898
78957
79017
79078
79137
79197
79253
79314
79374
79434
79493
79554
79608
79670
79730
79791
79850
79908
79965
80027
80087
80146
80207
80262
80312
80360
80399
80435
80466
80499
80532
80566
80603
80634
80664
80697
80727
80754
80778
80796
80811
80821
80828
80831
80832
80838
80847
80861
80880
80904
80935
80984
81037
81100
81164
81209
81234
81261
81287
81312
81338
81363
81389
81412
81439
81465
81487
81514
81540
81565
81591
81613
81639
81665
81691
81717
81743
81767
81793
81819
81845
81871
81894
81919
81945
81971
81997
82023
82046
82072
82098
82124
82150
82176
82199
82225
82251
82277
82303
82329
82352
82378
82404
82430
82456
82481
82505
82531
82557
82582
82609
82634
82657
82683
82709
82735
82761
82785
82810
82836
82862
82888
82914
82937
82963
82989
83015
83041
83067
83090
83116
83142
83168
83194
83218
83237
83259
83279
83294
83303
83305
83305
83305
83305
83305
83305
83317
83339
83364
83393
83432
83477
83529
83591
83650
83686
83734
83768
83800
83836
83868
83897
83929
83962
83994
84026
84057
84088
84119
84149
84178
84208
84240
84271
84303
84334
84366
84397
84428
84460
84491
84523
84554
84586
84618
84649
84681
84712
84746
84777
84809
84844
84877
84908
84940
84973
85005
85046
85083
85123
85165
85209
85252
85297
85342
85395
85443
85498
85559
85617
85674
85725
85766
85804
85842
85874
85907
85938
85973
86006
86042
86073
86103
86136
86168
86201
86232
86263
86294
86325
86355
86384
86414
86446
86477
86509
86540
86572
86603
86634
86666
86697
86729
86760
86792
86824
86855
86883
86906
86923
86936
86945
86950
86951
86951
86953
86959
86968
86982
87002
87035
87086
87149
87212
87281
87366
87463
87565
87637
87691
87754
87813
87873
87933
87992
88050
88109
88168
88229
88289
88350
88405
88466
88526
88586
88646
88705
88761
88822
88882
88942
89002
89061
89117
89179
89238
89299
89359
89415
89474
89536
89596
89655
89716
89772
89831
89882
89929
89969
90006
90035
90065
90092
90114
90133
90149
90160
90167
90170
90170
90172
90173
90174
90176
90177
90179
90180
90182
90184
90187
90191
90200
90202
90203
90205
90206
90208
90209
90211
90212
90214
90215
90216
90218
90219
90221
90222
90223
90225
90226
90226
90226
90226
90226
90226
90228
90239
90260
90275
90289
90321
90363
90396
90432
90468
90516
90576
90642
90717
90794
90835
90889
90919
90948
90978
91019
91078
91096
91133
91165
91193
91215
91233
91243
91253
91258
91259
91259
91259
91259
91259
91259
91259
91259
91259
91259
91259
91259
91259
91259
91259
91259
91259
91259
91259
91259
91259
91259
91259
91259
91259
91259
91259
91259
91259
91259
91259
91259
91259
91259
91259
91259
91259
91259
91259
91259
91259
91259
91259
91259
91259
91259
91259
91259
91259
91259
91259
91259
91259
91259
91259
91259
91259
91259
91259
91259
91266
91286
91311
91333
91361
91390
91419
91448
91476
91503
91537
91576
91623
91655
91669
91679
91692
91692
91692
91692
91692
91692
91692
91692
91692
91694
91696
91697
91697
91697
91697
91697
91697
91697
91697
91697
91697
91697
91697
91697
91697
91697
91697
91697
91697
91697
91697
91697
91697
91697
91697
91697
91697
91699
91708
91721
91738
91759
91783
91809
91836
91862
91887
91914
91942
91969
92005
92043
92080
92117
92147
92176
92212
92243
92271
92299
92338
92367
92401
92432
92465
92499
92533
92570
92612
92647
92686
92725
92763
92802
92841
92877
92916
92953
92993
93032
93067
93105
93145
93184
93222
93260
93296
93335
93374
93412
93451
93491
93525
93564
93604
93642
93681
93718
93755
93794
93833
93871
93909
93948
93984
94023
94060
94100
94139
94175
94212
94252
94291
94329
94367
94403
94442
94481
94519
94558
94598
94632
94671
94711
94749
94788
94826
94862
94901
94940
94978
95017
95055
95091
95130
95168
95208
95247
95283
95320
95360
95398
95436
95474
95511
95549
95588
95626
95666
95705
95739
95778
95818
95856
95895
95933
95969
96008
96047
96085
96124
96164
96198
96237
96275
96315
96354
96390
96427
96467
96505
96543
96581
96621
96656
96695
96733
96773
96812
96847
96885
96925
96964
97002
97040
97076
97115
97154
97192
97231
97271
97305
97345
97386
97430
97475
97517
97559
97605
97649
97694
97737
97782
97823
97867
97911
97956
98001
98019
98024
98025
98032
98039
98046
98050
98055
98062
98066
98072
98076
98081
98084
98084
98084
98084
98084
98084
98084
98084
98084
98084
98084
98084
98084
98091
98120
98159
98193
98230
98272
98317
98365
98417
98470
98526
98584
98642
98700
98758
98816
98874
98934
98992
99052
99109
99161
99206
99246
99281
99303
99333
99365
99398
99428
99464
99496
99525
99553
99583
99620
99648
99668
99687
99706
99725
99741
99758
99770
99783
99797
99811
99822
99833
99845
99854
99860
99867
99873
99878
99883
99885
99886
99887
99887
99887
99887
99891
99903
99924
99949
99982
100017
100057
100102
100151
100203
100256
100313
100372
100430
100490
100548
100605
100662
100720
100778
100837
100897
100956
101013
101071
101129
101187
101245
101303
101362
101419
101477
101534
101593
101652
101710
101755
101805
101875
101957
102014
102074
102129
102172
102209
102267
102322
102373
102419
102458
102497
102531
102564
102592
102625
102658
102691
102723
102753
102783
102811
102843
102876
102907
102938
102970
103002
103034
103065
103097
103127
103159
103191
103221
103253
103285
103316
103347
103379
103411
103443
103471
103514
103578
103647
103706
103766
103825
103877
103945
104005
104052
104112
104171
104232
104289
104348
104400
104445
104491
104531
104568
104599
104633
104667
104698
104727
104758
104790
104822
104855
104886
104917
104948
104980
105011
105043
105073
105104
105135
105166
105197
105228
105259
105290
105318
105350
105382
105414
105446
105476
105508
105540
105572
105604
105636
105667
105699
105730
105762
105794
105825
105857
105889
105921
105953
105985
106017
106049
106081
106113
106145
106177
106209
106235
106255
106270
106281
106288
106291
106291
106292
106297
106305
106318
106336
106367
106417
106479
106545
106613
106690
106780
106847
106947
107019
107079
107139
107199
107260
107320
107376
107437
107495
107556
107616
107674
107731
107793
107853
107913
107973
108030
108088
108149
108209
108269
108330
108385
108445
108507
108566
108625
108686
108743
108802
108862
108923
108982
109042
109098
109159
109207
109247
109280
109313
109346
109380
109411
109447
109480
109512
109541
109573
109606
109634
109662
109678
109695
109744
109804
109867
109930
109991
110053
110110
110188
110224
110270
110325
110384
110441
110500
110553
110610
110666
110722
110774
110820
110862
110899
110929
110951
110968
110977
110981
110990
111009
111043
111100
111164
111222
111285
111365
111434
111536
111613
111676
111737
111789
111843
111888
111931
111968
111999
112031
112063
112099
112135
112168
112201
112230
112263
112295
112324
112349
112371
112388
112401
112413
112420
112426
112431
112435
112437
112439
112439
112439
112439
112439
112440
112445
112453
112467
112494
112540
112601
112664
112710
112725
112746
112766
112794
112822
112850
112874
112892
112903
112913
112918
112919
112921
112921
112921
112921
112921
112921
112921
112921
112921
112921
112921
112921
112921
112921
112921
112921
112921
112921
112921
112921
112921
112921
112921
112921
112921
112921
112921
112921
112921
112921
112921
112921
112921
112925
112935
112951
112980
113017
113051
113082
113120
113152
113186
113217
113245
113277
113309
113342
113373
113404
113435
113466
113499
113524
113548
113566
113574
113579
113582
113583
113590
113602
113618
113639
113669
113708
113762
113827
113895
113969
114032
114082
114118
114139
114157
114170
114180
114188
114191
114191
114191
114191
114191
114191
114191
114191
114191
114191
114191
114191
114191
114191
114191
114191
114191
114191
114191
114191
114191
114191
114191
114191
114191
114191
114191
114191
114191
114191
114191
114191
114191
114191
114191
114191
114191
114191
114191
114191
114195
114205
114226
114255
114293
114332
114372
114411
114448
114486
114524
114558
114590
114620
114644
114661
114679
114692
114701
114706
114708
114708
114710
114713
114716
114719
114724
114728
114735
114749
114754
114754
114754
114754
114754
114754
114754
114754
114754
114755
114757
114760
114765
114769
114777
114785
114793
114803
114812
114825
114836
114847
114861
114877
114896
114912
114928
114944
114965
114988
115008
115031
115049
115075
115102
115129
115157
115183
115208
115236
115267
115297
115326
115357
115388
115426
115461
115498
115534
115571
115608
115645
115685
115724
115763
115800
115834
115876
115914
115953
115990
116027
116065
116103
116143
116182
116221
116256
116293
116335
116372
116411
116449
116484
116524
116562
116602
116640
116680
116715
116752
116792
116831
116862
116886
116903
116919
116930
116937
116939
116939
116939
116939
116942
116948
116956
116970
116996
117033
117089
117149
117211
117294
117308
117329
117375
117423
117461
117469
117478
117484
117491
117493
117494
117496
117496
117499
117499
117499
117499
117499
117499
117499
117499
117499
117499
117499
117499
117499
117499
117499
117499
117499
117499
117499
117499
117499
117499
117499
117499
117499
117499
117499
117499
117499
117499
117499
117499
117499
117499
117499
117499
117499
117499
117499
117499
117499
117499
117499
117499
117499
117499
117499
117499
117499
117499
117499
117499
117499
117499
117499
117499
117499
117499
117499
117499
117499
117499
117499
117499
117499
117499
117499
117499
117499
117499
117499
117499
117499
117499
117499
117499
117499
117499
117499
117499
117499
117501
117506
117516
117532
117552
117574
117601
117626
117657
117691
117727
117764
117799
117829
117868
117903
117940
117974
118012
118044
118079
118116
118152
118189
118223
118254
118293
118328
118365
118399
118435
118468
118503
118539
118571
118605
118636
118673
118705
118741
118769
118802
118835
118867
118899
118929
118960
118984
119003
119023
119038
119048
119056
119062
119068
119072
119076
119078
119079
119079
119079
119079
119079
119081
119087
119100
119119
119154
119213
119275
119340
119425
119481
119513
119546
119576
119609
119642
119676
119709
119740
119771
119801
119816
119827
119833
119837
119837
119837
119837
119837
119837
119837
119837
119837
119837
119837
119837
119837
119837
119837
119837
119837
119837
119837
119837
119837
119837
119837
119837
119837
119837
119837
119837
119837
119837
119837
119837
119837
119837
119837
119837
119837
119837
119837
119837
119837
119837
119837
119837
119837
119837
119837
119837
119837
119837
119837
119837
119837
119837
119837
119837
119837
119837
119837
119837
119837
119837
119837
119837
119837
119837
119837
119837
119837
119837
119837
119837
119840
119847
119852
119853
119853
119853
119853
119853
119853
119853
119853
119853
119853
119853
119853
119853
119853
119853
119853
119853
119853
119853
119853
119853
119853
119853
119853
119853
119853
119853
119853
119853
119853
119853
119853
119853
119853
119853
119853
119853
119853
119853
119853
119853
119853
119853
119853
119853
119853
119853
119853
119853
119853
119853
119853
119853
119853
119853
119853
119853
119853
119853
119853
119853
119853
119853
119853
119853
119853
119853
119853
119853
119853
119853
119853
119853
119853
119853
119853
119853
119853
119853
119853
119853
119853
119853
119853
119853
119853
119853
119853
119853
119853
119853
119853
119853
119853
119853
119853
119853
119853
119853
119853
119853
119853
119853
119853
119853
119853
119853
119853
119853
119853
119853
119853
119853
119853
119853
119853
119853
119854
119859
119867
119874
119882
119889
119899
119907
119917
119925
119934
119941
119949
119956
119961
119967
119968
119968
119968
119968
119968
119968
119968
119968
119968
119968
119968
119968
119968
119968
119968
119968
119968
119968
119968
119968
119968
119968
119968
119968
119968
119968
119968
119968
119968
119968
119968
119968
119968
119968
119968
119968
119968
119968
119968
119968
119968
119968
119968
119968
119968
119968
119968
119968
119968
119968
119968
119968
119968
119968
119968
119968
119968
119968
119968
119968
119968
119968
119968
119968
119968
119968
119968
119968
119968
119968
119968
119968
119968
119968
119968
119968
119968
119968
119968
119968
119968
119968
119968
119968
119968
119968
119968
119968
119968
119968
119968
119968
119968
119974
119987
119996
119996
119996
119996
119996
119996
119996
119996
119996
119996
119996
119996
119996
119996
119996
119996
119996
119996
119996
119996
119996
119996
119996
119996
119996
119996
119996
119996
