Time needed: 333.67 s
Distance travelled: 650.68 m
Total rotation: 11508.4°
Objects found after: 56.30 s, 113.23 s, 326.73 s

+++ following progress ticks +++
467
506
603
655
711
775
807
873
932
985
1049
1107
1178
1229
1288
1352
1411
1477
1539
1592
1676
1737
1762
1854
1907
1948
2028
2101
2153
2229
2275
2354
2402
2458
2509
2578
2639
2702
2750
2825
2868
2936
3004
3051
3134
3178
3236
3300
3351
3407
3472
3539
3601
3653
3715
3778
3846
3896
3956
4001
4061
4112
4136
4166
4199
4228
4260
4290
4322
4354
4382
4413
4446
4477
4512
4544
4578
4613
4650
4688
4726
4763
4799
4837
4881
4922
4965
5009
5051
5096
5140
5188
5235
5284
5331
5381
5434
5486
5539
5592
5642
5702
5756
5812
5868
5924
5980
6042
6102
6162
6222
6279
6337
6399
6458
6518
6579
6635
6694
6755
6815
6875
6935
6992
7051
7111
7172
7231
7291
7346
7408
7467
7528
7587
7646
7702
7764
7824
7884
7944
8001
8059
8121
8181
8240
8301
8357
8416
8478
8537
8597
8658
8714
8773
8833
8894
8953
9013
9069
9130
9190
9230
9290
9351
9407
9466
9526
9587
9646
9706
9762
9823
9883
9943
10002
10063
10117
10179
10239
10300
10359
10417
10474
10536
10596
10655
10716
10773
10831
10893
10952
11012
11073
11129
11188
11249
11309
11369
11429
11486
11545
11605
11666
11725
11785
11840
11902
11961
12022
12081
12140
12196
12258
12318
12378
12438
12495
12553
12615
12675
12734
12795
12851
12910
12972
13031
13091
13152
13208
13267
13327
13388
13447
13507
13558
13604
13647
13684
13717
13749
13782
13815
13848
13883
13916
13948
13977
14009
14042
14074
14105
14137
14168
14199
14230
14261
14290
14319
14350
14382
14413
14445
14477
14508
14539
14571
14602
14633
14665
14697
14729
14760
14792
14824
14855
14887
14919
14951
14982
15014
15046
15077
15109
15141
15173
15205
15237
15268
15300
15332
15364
15396
15428
15460
15492
15524
15556
15588
15620
15652
15683
15715
15747
15782
15832
15900
15971
16039
16097
16155
16212
16287
16375
16452
16533
16643
16751
16841
16918
16978
17037
17096
17157
17217
17278
17333
17394
17454
17514
17574
17633
17689
17750
17810
17870
17930
17989
18045
18107
18166
18227
18287
18343
18402
18464
18524
18583
18644
18700
18759
18819
18880
18940
18999
19055
19116
19176
19237
19296
19356
19411
19473
19532
19593
19652
19711
19767
19829
19889
19949
20009
20066
20124
20186
20246
20305
20366
20422
20481
20542
20602
20662
20723
20779
20838
20898
20959
21018
21078
21134
21195
21255
21315
21374
21435
21489
21551
21611
21672
21731
21808
21867
21928
21988
22048
22109
22165
22224
22284
22345
22404
22464
22519
22581
22640
22701
22760
22820
22875
22937
22997
23057
23117
23175
23232
23294
23354
23413
23474
23530
23589
23651
23710
23770
23831
23887
23946
24006
24067
24127
24186
24243
24303
24363
24424
24483
24543
24598
24660
24719
24780
24839
24897
24954
25016
25076
25136
25196
25253
25311
25373
25432
25492
25553
25609
25668
25729
25789
25849
25910
25966
26025
26085
26146
26205
26265
26321
26382
26441
26502
26561
26622
26676
26738
26798
26859
26918
26976
27033
27095
27155
27214
27275
27332
27390
27452
27511
27571
27632
27688
27747
27808
27859
27906
27945
27979
28012
28045
28079
28112
28145
28180
28213
28246
28277
28308
28336
28368
28400
28432
28464
28495
28526
28558
28589
28621
28651
28683
28715
28746
28777
28809
28839
28872
28904
28935
28965
28997
29029
29061
29093
29124
29155
29186
29216
29261
29319
29356
29383
29406
29430
29453
29486
29531
29589
29651
29722
29801
29887
29950
30012
30056
30101
30148
30190
30232
30268
30313
30353
30395
30431
30471
30506
30541
30575
30609
30642
30674
30705
30736
30767
30796
30830
30862
30891
30925
30955
30986
31020
31051
31085
31114
31145
31178
31207
31240
31270
31300
31333
31364
31398
31430
31462
31493
31525
31557
31588
31623
31665
31715
31773
31832
31892
31953
32009
32068
32130
32189
32249
32310
32366
32425
32485
32546
32606
32665
32721
32782
32842
32903
32962
33022
33076
33138
33198
33259
33318
33376
33433
33495
33555
33615
33675
33732
33790
33852
33911
33971
34032
34088
34147
34208
34268
34328
34389
34445
34504
34564
34625
34684
34744
34799
34861
34920
34981
35040
35101
35155
35217
35277
35337
35397
35455
35512
35574
35634
35693
35754
35810
35869
35931
35990
36050
36111
36167
36226
36286
36347
36407
36466
36523
36583
36643
36704
36763
36823
36878
36940
36999
37060
37119
37177
37234
37296
37356
37416
37476
37533
37591
37653
37712
37772
37833
37889
37948
38009
38069
38129
38190
38246
38305
38365
38426
38485
38545
38601
38662
38722
38782
38841
38902
38956
39018
39078
39139
39198
39252
39300
39343
39382
39415
39448
39480
39515
39548
39578
39605
39627
39645
39660
39673
39682
39690
39697
39703
39708
39712
39714
39715
39715
39715
39715
39715
39740
39774
39812
39856
39903
39961
40018
40076
40141
40203
40263
40322
40376
40437
40498
40557
40617
40676
40734
40793
40853
40914
40974
41034
41089
41150
41209
41258
41301
41340
41372
41405
41438
41474
41505
41540
41573
41608
41634
41666
41699
41731
41763
41794
41826
41856
41887
41918
41949
41979
42007
42039
42071
42102
42134
42166
42196
42228
42260
42291
42323
42354
42386
42418
42449
42481
42513
42544
42576
42608
42639
42671
42703
42735
42767
42799
42830
42862
42894
42926
42958
42990
43021
43053
43085
43117
43149
43181
43213
43245
43277
43309
43341
43373
43405
43437
43469
43500
43532
43564
43596
43628
43660
43692
43724
43756
43788
43820
43852
43884
43916
43948
43980
44012
44044
44076
44108
44140
44172
44204
44236
44268
44300
44332
44364
44396
44428
44460
44492
44524
44556
44588
44620
44654
44699
44758
44834
44907
44968
45027
45082
45148
45228
45321
45392
45497
45607
45713
45789
45843
45905
45965
46025
46085
46144
46202
46261
46321
46381
46442
46502
46557
46618
46678
46738
46798
46857
46913
46974
47034
47095
47154
47213
47269
47331
47390
47451
47511
47568
47626
47688
47748
47807
47868
47924
47983
48044
48104
48164
48225
48279
48340
48400
48461
48520
48580
48635
48697
48756
48817
48876
48936
48991
49053
49113
49173
49233
49291
49348
49410
49470
49529
49590
49646
49705
49767
49826
49886
49947
50003
50062
50122
50183
50243
50287
50338
50407
50490
50558
50619
50678
50740
50804
50864
50923
50983
51042
51103
51164
51222
51277
51339
51399
51459
51519
51578
51635
51695
51755
51815
51876
51936
51991
52052
52112
52172
52232
52291
52347
52408
52468
52528
52588
52647
52703
52765
52824
52885
52945
53001
53060
53122
53182
53241
53302
53358
53417
53465
53513
53577
53658
53731
53796
53856
53914
53982
54051
54126
54186
54247
54310
54369
54433
54494
54546
54592
54631
54665
54698
54731
54765
54798
54832
54866
54899
54932
54964
54995
55022
55054
55086
55118
55150
55181
55213
55244
55275
55307
55338
55370
55401
55432
55463
55495
55527
55558
55590
55622
55653
55684
55715
55747
55779
55811
55842
55873
55904
55936
55968
56000
56032
56064
56096
56128
56160
56192
56220
56242
56259
56271
56281
56289
56296
56302
56306
56309
56311
56311
56311
56311
56311
56311
56311
56315
56340
56373
56413
56462
56509
56565
56629
56690
56751
56809
56864
56926
56986
57046
57106
57165
57222
57282
57342
57402
57463
57523
57578
57639
57699
57755
57802
57844
57879
57912
57944
57981
58013
58050
58082
58111
58145
58177
58210
58241
58271
58300
58330
58362
58394
58426
58457
58489
58521
58552
58584
58615
58646
58678
58708
58740
58772
58804
58834
58866
58898
58930
58961
58992
59023
59055
59087
59119
59151
59183
59214
59246
59278
59309
59341
59373
59405
59436
59468
59500
59532
59564
59596
59628
59660
59692
59724
59756
59788
59820
59852
59884
59918
59952
59986
60023
60059
60095
60131
60168
60204
60240
60276
60312
60350
60386
60423
60459
60495
60531
60567
60603
60639
60675
60711
60747
60783
60819
60855
60891
60927
60963
60999
61035
61071
61107
61141
61168
61189
61205
61216
61223
61226
61226
61226
61226
61230
61235
61246
61262
61294
61343
61405
61467
61538
61626
61721
61788
61835
61883
61941
62001
62055
62112
62168
62219
62276
62331
62388
62442
62498
62551
62606
62663
62717
62773
62829
62880
62939
62992
63049
63104
63158
63212
63268
63325
63379
63436
63488
63542
63601
63654
63711
63767
63819
63875
63930
63987
64042
64098
64151
64205
64262
64317
64373
64428
64479
64538
64591
64649
64703
64758
64811
64867
64924
64979
65035
65088
65141
65200
65254
65310
65366
65418
65474
65530
65586
65641
65698
65750
65804
65855
65895
65952
66027
66111
66175
66236
66296
66362
66422
66490
66564
66620
66681
66744
66804
66865
66924
66981
67041
67100
67161
67221
67277
67336
67398
67458
67518
67578
67634
67693
67753
67814
67874
67935
67989
68050
68110
68171
68230
68290
68346
68407
68466
68527
68586
68647
68701
68763
68823
68883
68943
69001
69058
69120
69167
69210
69271
69349
69431
69497
69556
69614
69682
69740
69808
69879
69938
70001
70063
70122
70172
70214
70253
70290
70322
70355
70386
70422
70453
70490
70522
70551
70584
70616
70649
70680
70711
70742
70774
70804
70834
70862
70894
70925
70957
70988
71020
71051
71082
71114
71145
71177
71208
71240
71272
71303
71335
71367
71398
71430
71462
71493
71525
71556
71587
71617
71647
71675
71703
71730
71758
71786
71814
71842
71865
71882
71898
71912
71925
71937
71947
71955
71961
71965
71967
71967
71967
71967
71967
71969
71973
71988
72011
72056
72118
72182
72263
72350
72443
72492
72574
72625
72677
72733
72786
72834
72888
72942
72995
73047
73096
73149
73202
73255
73307
73361
73411
73462
73516
73568
73623
73675
73723
73777
73831
73884
73935
73989
74039
74080
74105
74123
74133
74139
74140
74140
74144
74158
74184
74228
74288
74351
74412
74471
74528
74591
74666
74744
74805
74862
74924
74987
75047
75107
75167
75223
75277
75325
75368
75412
75453
75495
75540
75596
75654
75726
75792
75849
75901
75939
75963
75981
76015
76044
76068
76091
76109
76125
76135
76141
76146
76151
76153
76155
76157
76157
76157
76157
76157
76157
76157
76157
76157
76157
76157
76157
76157
76157
76157
76157
76157
76157
76157
76157
76157
76157
76157
76157
76157
76157
76157
76157
76157
76157
76157
76157
76157
76157
76157
76157
76167
76188
76216
76227
76235
76243
76254
76266
76279
76293
76307
76322
76340
76357
76375
76392
76410
76431
76448
76469
76490
76512
76536
76562
76589
76613
76639
76665
76692
76717
76741
76767
76793
76819
76845
76870
76894
76920
76941
76961
76974
76986
76996
77004
77012
77017
77022
77024
77026
77026
77026
77026
77026
77026
77026
77026
77026
77026
77026
77026
77026
77026
77026
77026
77026
77026
77026
77026
77026
77026
77026
77026
77027
77036
77059
77103
77141
77183
77216
77254
77290
77324
77357
77391
77424
77457
77488
77514
77547
77579
77611
77642
77674
77706
77737
77768
77800
77831
77862
77893
77925
77956
77988
78018
78050
78082
78114
78143
78176
78208
78240
78271
78303
78334
78365
78397
78429
78461
78493
78524
78556
78588
78620
78652
78683
78714
78746
78778
78810
78841
78873
78905
78937
78969
79001
79033
79065
79097
79128
79160
79192
79224
79256
79288
79320
79352
79384
79416
79448
79480
79512
79544
79576
79608
79640
79672
79704
79736
79768
79800
79832
79864
79896
79928
79960
79992
80024
80056
80088
80120
80152
80184
80216
80248
80280
80312
80344
80376
80408
80440
80472
80504
80536
80568
80600
80632
80664
80696
80728
80760
80799
80856
80926
81007
81065
81124
81184
81243
81268
81323
81383
81442
81498
81548
81594
81633
81672
81706
81739
81767
81800
81833
81866
81896
81926
81954
81986
82018
82051
82082
82113
82145
82176
82208
82240
82271
82302
82334
82364
82396
82428
82460
82490
82522
82554
82586
82616
82648
82679
82711
82743
82775
82807
82838
82870
82901
82933
82965
82997
83028
83060
83092
83124
83156
83188
83220
83252
83284
83316
83348
83380
83412
83444
83476
83508
83539
83571
83603
83635
83667
83699
83730
83762
83794
83826
83858
83890
83922
83954
83986
84018
84050
84082
84114
84146
84177
84209
84241
84273
84305
84337
84369
84401
84433
84465
84497
84529
84561
84593
84625
84651
84670
84685
84694
84699
84700
84700
84701
84705
84714
84725
84745
84774
84825
84887
84954
85021
85096
85190
85256
85344
85422
85481
85541
85596
85658
85718
85778
85838
85895
85953
86015
86075
86134
86195
86251
86310
86371
86431
86491
86552
86608
86667
86727
86788
86847
86907
86964
87024
87084
87144
87204
87264
87319
87381
87440
87501
87560
87618
87675
87737
87797
87857
87917
87974
88032
88094
88153
88213
88274
88330
88389
88450
88510
88570
88631
88687
88746
88806
88867
88926
88986
89041
89103
89162
89223
89282
89342
89397
89459
89519
89579
89639
89697
89754
89816
89876
89935
89996
90052
90111
90173
90232
90292
90353
90409
90468
90528
90589
90649
90708
90765
90825
90885
90946
91005
91065
91120
91182
91241
91302
91361
91419
91476
91538
91598
91658
91718
91775
91833
91895
91954
92014
92075
92131
92190
92251
92311
92371
92432
92482
92527
92570
92607
92640
92666
92693
92713
92733
92746
92757
92766
92768
92768
92768
92768
92768
92768
92768
92768
92768
92768
92773
92785
92814
92872
92934
93013
93050
93078
93105
93132
93160
93186
93213
93240
93267
93295
93321
93349
93376
93402
93427
93455
93483
93511
93538
93565
93593
93621
93649
93677
93705
93732
93759
93787
93815
93843
93870
93898
93926
93954
93982
94010
94038
94066
94094
94122
94150
94178
94206
94234
94262
94290
94318
94346
94373
94401
94429
94457
94485
94513
94541
94569
94597
94624
94652
94680
94708
94736
94764
94792
94820
94848
94878
94914
94970
95043
95109
95168
95227
95285
95348
95379
95433
95489
95549
95612
95674
95731
95792
95848
95910
95971
96028
96089
96140
96183
96221
96253
96288
96320
96354
96386
96422
96455
96487
96519
96546
96578
96611
96643
96675
96706
96738
96769
96800
96831
96863
96893
96924
96956
96987
97018
97050
97081
97113
97142
97174
97206
97238
97269
97301
97331
97363
97394
97426
97458
97491
97523
97555
97585
97616
97648
97680
97711
97743
97775
97807
97839
97871
97895
97915
97930
97941
97947
97953
97957
97961
97963
97965
97965
97965
97965
97965
97968
97975
97988
98013
98058
98118
98185
98255
98343
98403
98488
98559
98612
98664
98713
98768
98820
98874
98926
98976
99028
99082
99135
99187
99241
99290
99342
99396
99448
99502
99555
99604
99657
99709
99764
99815
99868
99918
99971
100024
100076
100129
100182
100230
100285
100337
100392
100443
100494
100545
100599
100652
100704
100758
100807
100859
100914
100965
101019
101072
101121
101174
101227
101281
101333
101386
101436
101488
101541
101594
101647
101699
101748
101803
101854
101909
101960
102012
102062
102116
102169
102222
102273
102313
102352
102384
102412
102436
102456
102472
102485
102496
102504
102511
102515
102517
102517
102517
102517
102517
102517
102517
102517
102517
102517
102520
102531
102563
102621
102685
102757
102804
102832
102861
102887
102917
102946
102976
103006
103034
103064
103094
103124
103153
103182
103212
103242
103272
103301
103331
103360
103390
103420
103450
103479
103509
103539
103559
103596
103653
103730
103790
103849
103908
103963
104008
104030
104082
104144
104202
104261
104322
104380
104440
104498
104555
104610
104660
104711
104764
104816
104868
104918
104973
105028
105086
105137
105185
105222
105257
105290
105324
105358
105390
105426
105458
105491
105524
105555
105582
105614
105644
105669
105691
105708
105721
105729
105735
105741
105745
105749
105751
105753
105753
105753
105753
105753
105756
105762
105774
105792
105826
105880
105942
106006
106082
106117
106145
106171
106198
106222
106245
106268
106287
106309
106331
106352
106373
106394
106412
106434
106455
106478
106501
106521
106547
106579
106614
106652
106696
106738
106784
106833
106875
106910
106940
106962
106983
107000
107012
107022
107032
107038
107042
107044
107045
107045
107045
107045
107045
107045
107045
107045
107047
107048
107048
107048
107048
107048
107053
107058
107058
107058
107058
107058
107058
107058
107058
107058
107058
107058
107058
107058
107061
107073
107087
107095
107101
107107
107109
107109
107109
107109
107109
107109
107109
107109
107109
107109
107110
107114
107114
107114
107114
107114
107114
107114
107114
107114
107114
107114
107114
107114
107114
107114
107114
107114
107114
107114
107114
107114
107114
107114
107114
107114
107114
107114
107114
107114
107114
107114
107114
107114
107114
107114
107114
107114
107114
107114
107114
107114
107114
107114
107114
107114
107114
107114
107114
107114
107114
107114
107114
107114
107114
107114
107114
107114
107114
107114
107114
107114
107114
107114
107114
107114
107114
107114
107114
107114
107114
107114
107114
107114
107127
107155
107194
107237
107289
107345
107406
107463
107512
107546
107588
107634
107671
107707
107742
107777
107815
107844
107872
107908
107937
107969
108000
108028
108059
108090
108119
108150
108181
108212
108243
108272
108304
108336
108367
108399
108429
108458
108490
108521
108553
108585
108615
108646
108678
108709
108740
108772
108798
108822
108842
108857
108868
108875
108879
108879
108879
108879
108879
108880
108888
108905
108927
108952
108971
108989
109004
109015
109022
109025
109025
109025
109025
109031
109040
109055
109075
109101
109140
109184
109202
109213
109225
109237
109249
109260
109271
109282
109294
109305
109317
109329
109339
109350
109362
109373
109385
109396
109407
109419
109430
109442
109453
109465
109475
109487
109499
109510
109522
109533
109543
109555
109566
109578
109589
109600
109611
109623
109635
109646
109658
109667
109679
109691
109702
109714
109725
109735
109747
109759
109771
109782
109794
109803
109815
109827
109838
109850
109861
109871
109883
109894
109906
109917
109929
109939
109951
109963
109974
109986
109995
110007
110019
110030
110042
110053
110063
110075
110087
110099
110110
110122
110131
110143
110155
110166
110178
110189
110199
110211
110223
110235
110246
110257
110267
110279
110291
110302
110314
110325
110335
110347
110358
110369
110371
110371
110371
110372
110391
110432
110473
110509
110536
110570
110602
110619
110635
110646
110656
110665
110671
110676
110681
110683
110683
110683
110683
110683
110683
110683
110683
110690
110711
110751
110812
110875
110934
110977
110987
111016
111050
111081
111111
111140
111173
111205
111236
111267
111298
111327
111360
111390
111423
111454
111485
111514
111547
111578
111609
111640
111670
111701
111733
111764
111796
111828
111856
111888
111920
111952
111983
112014
112043
112075
112107
112138
112169
112201
112230
112262
112293
112326
112357
112387
112416
112449
112456
112456
112456
112456
112456
112456
112456
112456
112456
112456
112456
112456
112456
112456
112456
112456
112456
112456
112456
112456
112456
112457
112459
112460
112460
112460
112460
112460
112460
112460
112460
112460
112460
112460
112460
112460
112460
112460
112460
112460
112460
112460
112460
112460
112460
112460
112460
112460
112460
112460
112460
112460
112463
112481
112504
112535
112575
112621
112660
112693
112721
112747
112770
112794
112816
112837
112859
112880
112901
112921
112942
112961
112983
113002
113021
113041
113061
113080
113100
113120
113141
113160
113179
113204
113233
113254
113264
113265
113265
113265
113265
113265
113265
113265
113265
113265
113265
113265
113265
113266
113286
113311
113342
113375
113406
113436
113467
113500
113531
113563
113593
113623
113650
113662
113667
113669
113669
113676
113690
113708
113735
113778
113836
113860
113865
113866
113868
113868
113868
113868
113868
113868
113868
113868
113868
113869
113874
113883
113893
113903
113914
113926
113939
113955
113960
113960
113960
113960
113960
113960
113960
113960
113960
113960
113960
113960
113960
113967
113992
114020
114050
114081
114115
114149
114185
114226
114269
114312
114364
114415
114469
114527
114588
114645
114705
114766
114829
114885
114953
115015
115075
115137
115196
115251
115313
115373
115433
115493
115552
115608
115662
115703
115761
115837
115920
115970
116024
116078
116130
116188
116247
116304
116365
116385
116447
116521
116605
116688
116733
116769
116794
116815
116835
116850
116861
116868
116871
116871
116871
116871
116872
116874
116875
116876
116876
116876
116876
116876
116898
116934
116969
117001
117039
117070
117106
117134
117167
117200
117232
117264
117294
117325
117355
117383
117416
117447
117479
117510
117541
117573
117604
117630
117651
117668
117681
117690
117695
117696
117696
117698
117705
117715
117728
117749
117783
117832
117895
117951
117997
118033
118065
118090
118106
118108
118108
118108
118108
118108
118108
118108
118108
118108
118108
118108
118108
118108
118108
118108
118113
118125
118144
118161
118176
118185
118190
118190
118190
118190
118190
118190
118190
118190
118190
118190
118190
118192
118205
118232
118261
118294
118329
118352
118353
118353
118353
118353
118353
118353
118353
118353
118353
118357
118364
118365
118365
118365
118365
118365
118380
118398
118417
118437
118464
118488
118509
118531
118553
118574
118594
118615
118634
118656
118675
118694
118714
118735
118754
118773
118793
118814
118834
118851
118872
118892
118913
118933
118953
118970
118990
119011
119031
119051
119071
119089
119110
119130
119150
119170
119188
119208
119228
119249
119270
119293
119313
119324
119327
119327
119327
119327
119327
119327
119327
119327
119327
119327
119327
119327
119327
119337
119356
119384
119413
119446
119478
119507
119537
119569
119602
119631
119665
119685
119695
119700
119701
119702
119711
119726
119750
119781
119833
119852
119853
119853
119853
119853
119853
119853
119853
119853
119853
119856
119862
119868
119874
119882
119890
119899
119905
119905
119905
119905
119905
119905
119905
119905
119907
119912
119925
119939
119949
119954
119958
119959
119960
119962
119963
119965
119966
119970
119975
119975
119975
119975
119975
119975
119975
119975
119975
119975
119975
119977
119990
119998
