Time needed: 358.77 s
Distance travelled: 700.70 m
Total rotation: 11725.3°
Objects found after: 9.13 s, 11.63 s, 287.57 s

+++ following progress ticks +++
462
522
591
657
728
816
856
909
964
1019
1105
1147
1203
1272
1328
1382
1453
1497
1564
1619
1678
1749
1802
1857
1924
1970
2054
2122
2180
2245
2305
2356
2416
2487
2541
2609
2667
2738
2789
2844
2911
2955
3029
3088
3149
3216
3267
3330
3401
3447
3525
3575
3630
3683
3749
3804
3869
3918
3987
4051
4099
4175
4217
4283
4355
4400
4480
4530
4586
4639
4712
4774
4832
4880
4953
5005
5066
5126
5195
5247
5307
5377
5418
5482
5546
5570
5637
5688
5758
5826
5890
5956
6019
6080
6150
6246
6354
6445
6503
6560
6621
6674
6717
6757
6789
6822
6855
6889
6923
6956
6990
7021
7055
7084
7112
7146
7178
7210
7241
7272
7303
7335
7367
7398
7429
7460
7491
7522
7554
7584
7616
7649
7680
7710
7742
7773
7805
7837
7869
7899
7930
7962
7994
8026
8058
8090
8122
8154
8184
8216
8248
8280
8311
8343
8375
8407
8439
8471
8503
8535
8567
8589
8621
8653
8685
8717
8749
8781
8813
8845
8877
8909
8941
8973
9005
9037
9069
9101
9133
9165
9197
9229
9261
9292
9324
9356
9390
9424
9459
9496
9532
9568
9604
9640
9677
9713
9749
9785
9821
9859
9895
9932
9968
10004
10040
10076
10112
10148
10184
10220
10256
10292
10328
10364
10400
10436
10472
10508
10544
10580
10616
10652
10688
10724
10760
10796
10832
10868
10904
10940
10976
11013
11049
11085
11121
11157
11192
11226
11259
11290
11329
11389
11460
11530
11590
11647
11705
11768
11802
11857
11913
11972
12028
12079
12126
12170
12207
12241
12272
12305
12336
12369
12402
12434
12464
12494
12524
12553
12585
12616
12649
12680
12711
12743
12775
12806
12837
12869
12900
12932
12963
12994
13026
13058
13089
13121
13152
13184
13215
13247
13279
13310
13341
13373
13405
13437
13469
13501
13532
13564
13596
13628
13660
13692
13724
13756
13788
13820
13852
13884
13916
13947
13978
14010
14042
14074
14106
14138
14170
14202
14234
14266
14298
14330
14362
14394
14426
14458
14490
14522
14554
14586
14618
14650
14682
14714
14746
14778
14810
14842
14874
14906
14938
14970
15002
15034
15066
15098
15130
15162
15194
15226
15258
15290
15322
15354
15386
15418
15450
15482
15514
15546
15578
15610
15642
15674
15706
15738
15770
15802
15834
15866
15898
15930
15962
15994
16026
16058
16090
16122
16154
16186
16218
16250
16282
16314
16346
16378
16410
16442
16474
16506
16538
16570
16602
16634
16666
16698
16730
16762
16805
16837
16869
16901
16933
16965
16997
17029
17061
17093
17125
17157
17189
17221
17253
17285
17317
17349
17381
17413
17445
17477
17509
17541
17573
17605
17637
17669
17701
17733
17765
17795
17838
17901
17975
18045
18106
18165
18219
18285
18366
18459
18530
18635
18745
18851
18927
18981
19043
19103
19163
19223
19282
19340
19399
19459
19519
19580
19640
19695
19756
19816
19876
19936
19995
20051
20112
20172
20233
20292
20351
20407
20469
20528
20589
20649
20706
20764
20826
20886
20945
21006
21062
21121
21182
21242
21302
21363
21417
21478
21538
21599
21658
21718
21773
21835
21894
21955
22014
22074
22129
22191
22251
22311
22371
22429
22486
22548
22608
22667
22728
22784
22843
22905
22964
23024
23085
23141
23200
23260
23321
23380
23440
23497
23557
23617
23678
23737
23797
23852
23914
23973
24034
24093
24151
24208
24270
24330
24390
24450
24507
24565
24627
24686
24746
24807
24863
24922
24983
25043
25103
25164
25220
25279
25339
25400
25459
25509
25542
25580
25611
25643
25677
25709
25738
25771
25801
25832
25866
25894
25928
25960
25991
26023
26053
26085
26114
26147
26176
26208
26238
26267
26299
26332
26364
26397
26429
26460
26491
26523
26554
26587
26618
26651
26681
26715
26745
26776
26808
26845
26876
26909
26941
26970
27002
27034
27064
27094
27130
27161
27191
27226
27258
27288
27320
27352
27381
27414
27445
27473
27508
27540
27571
27601
27633
27665
27696
27731
27763
27793
27826
27859
27891
27923
27955
27988
28018
28051
28083
28111
28145
28178
28212
28243
28275
28302
28334
28366
28396
28425
28456
28493
28521
28549
28584
28636
28706
28763
28824
28884
28943
29002
29058
29096
29135
29194
29250
29309
29370
29429
29488
29547
29595
29644
29687
29722
29756
29785
29819
29853
29886
29918
29945
29978
30010
30043
30075
30106
30137
30168
30199
30230
30261
30292
30321
30350
30381
30413
30445
30477
30507
30539
30571
30603
30634
30665
30697
30729
30761
30792
30824
30855
30887
30919
30951
30982
31014
31046
31078
31110
31142
31174
31205
31237
31269
31301
31333
31365
31397
31428
31460
31492
31522
31552
31581
31609
31637
31665
31693
31721
31749
31777
31805
31833
31861
31889
31917
31945
31973
32001
32029
32056
32084
32112
32140
32168
32196
32224
32252
32280
32308
32336
32364
32392
32420
32448
32476
32504
32532
32560
32588
32616
32644
32668
32713
32774
32849
32910
32968
33026
33083
33150
33252
33330
33416
33521
33616
33709
33769
33854
33916
33978
34038
34096
34157
34214
34273
34333
34394
34454
34514
34569
34630
34690
34751
34810
34870
34924
34986
35046
35107
35166
35224
35281
35343
35403
35463
35523
35580
35638
35700
35759
35819
35880
35936
35995
36056
36116
36176
36237
36293
36352
36412
36473
36532
36592
36647
36709
36768
36829
36888
36949
37003
37065
37125
37185
37245
37303
37360
37422
37482
37541
37602
37658
37717
37779
37838
37898
37959
38015
38074
38134
38195
38255
38314
38366
38398
38441
38496
38551
38594
38621
38644
38679
38718
38755
38805
38884
38950
39013
39076
39135
39197
39255
39292
39335
39384
39444
39504
39567
39628
39685
39752
39813
39874
39935
39995
40049
40110
40172
40232
40290
40351
40407
40467
40527
40588
40648
40707
40763
40824
40884
40943
41003
41062
41118
41180
41240
41301
41360
41418
41475
41537
41596
41656
41717
41773
41832
41894
41953
42013
42074
42130
42189
42249
42310
42370
42429
42485
42546
42606
42667
42726
42786
42841
42903
42962
43023
43082
43140
43197
43259
43319
43379
43439
43496
43554
43616
43675
43735
43796
43852
43911
43972
44032
44092
44153
44209
44268
44328
44389
44448
44508
44564
44625
44684
44742
44793
44837
44872
44910
44942
44975
45009
45042
45078
45110
45136
45161
45183
45200
45214
45224
45234
45243
45250
45256
45260
45263
45265
45265
45265
45265
45265
45266
45292
45324
45362
45404
45450
45500
45561
45617
45677
45739
45800
45861
45921
45975
46036
46098
46157
46217
46276
46333
46393
46452
46513
46573
46633
46689
46740
46785
46826
46862
46891
46925
46961
46994
47031
47059
47092
47125
47158
47190
47219
47250
47278
47310
47342
47374
47405
47437
47468
47501
47532
47564
47594
47626
47658
47688
47720
47752
47783
47814
47846
47878
47910
47940
47971
48003
48035
48067
48099
48131
48162
48194
48225
48257
48289
48321
48352
48384
48416
48448
48480
48512
48544
48576
48608
48640
48672
48704
48736
48768
48802
48836
48870
48904
48938
48972
49006
49040
49074
49108
49142
49176
49210
49244
49278
49312
49346
49380
49414
49448
49481
49513
49545
49577
49609
49641
49673
49705
49737
49769
49801
49833
49865
49897
49929
49961
49993
50024
50056
50088
50120
50152
50184
50215
50253
50307
50376
50459
50517
50574
50631
50695
50775
50874
50943
51031
51139
51246
51328
51400
51457
51516
51578
51638
51697
51754
51813
51874
51934
51993
52054
52110
52169
52229
52290
52350
52411
52465
52526
52588
52647
52706
52766
52823
52883
52943
53003
53062
53123
53179
53240
53299
53359
53419
53477
53534
53596
53656
53715
53776
53833
53891
53953
54012
54072
54133
54189
54248
54309
54369
54429
54490
54546
54605
54665
54726
54785
54845
54901
54962
55021
55082
55141
55202
55256
55318
55378
55439
55498
55556
55613
55675
55735
55794
55846
55891
55953
56030
56109
56171
56234
56293
56359
56418
56481
56534
56595
56653
56713
56774
56834
56891
56950
57010
57071
57131
57186
57247
57308
57368
57427
57487
57544
57603
57663
57724
57784
57844
57899
57960
58021
58081
58140
58200
58257
58317
58376
58437
58496
58557
58611
58673
58733
58793
58853
58911
58968
59030
59077
59120
59178
59210
59230
59242
59271
59295
59322
59347
59372
59399
59432
59469
59518
59575
59632
59671
59690
59711
59731
59753
59772
59793
59812
59831
59851
59871
59892
59909
59930
59950
59971
59991
60012
60026
60039
60045
60048
60049
60049
60049
60049
60049
60049
60049
60049
60049
60049
60049
60049
60049
60049
60049
60049
60050
60051
60056
60073
60103
60139
60173
60205
60242
60277
60314
60349
60387
60419
60453
60491
60526
60563
60597
60630
60667
60702
60739
60773
60810
60842
60877
60914
60950
60987
61020
61053
61092
61127
61154
61173
61210
61268
61316
61347
61376
61405
61434
61465
61496
61527
61558
61597
61655
61717
61777
61836
61897
61955
62016
62073
62134
62191
62251
62311
62372
62430
62498
62559
62619
62678
62738
62795
62855
62915
62975
63034
63095
63150
63212
63271
63332
63391
63449
63506
63568
63628
63687
63748
63805
63863
63925
63984
64044
64105
64161
64220
64281
64341
64393
64441
64478
64513
64546
64580
64615
64646
64682
64714
64747
64780
64811
64838
64870
64903
64936
64967
64998
65030
65061
65092
65121
65149
65172
65194
65215
65233
65246
65258
65266
65272
65278
65283
65284
65284
65284
65284
65284
65285
65289
65295
65305
65318
65342
65391
65451
65522
65601
65649
65693
65723
65751
65780
65806
65832
65855
65878
65903
65927
65951
65970
65990
66011
66030
66050
66068
66086
66102
66117
66130
66140
66150
66162
66172
66181
66187
66194
66202
66208
66214
66223
66231
66240
66251
66262
66274
66284
66292
66298
66304
66305
66305
66305
66305
66305
66305
66305
66305
66305
66305
66305
66305
66305
66305
66305
66305
66308
66325
66358
66396
66434
66469
66503
66535
66567
66599
66630
66659
66686
66719
66751
66782
66813
66846
66874
66905
66938
66970
67001
67031
67062
67093
67124
67155
67188
67239
67310
67392
67458
67521
67580
67641
67718
67777
67841
67916
67976
68037
68095
68152
68216
68278
68338
68399
68459
68515
68576
68634
68695
68755
68813
68870
68932
68992
69052
69112
69169
69227
69288
69348
69408
69469
69524
69584
69646
69705
69764
69825
69882
69941
70001
70062
70121
70181
70237
70298
70357
70418
70477
70536
70592
70654
70714
70774
70834
70891
70949
71011
71070
71130
71191
71247
71306
71368
71427
71485
71536
71575
71610
71639
71664
71681
71695
71704
71710
71713
71713
71713
71714
71718
71721
71730
71741
71767
71805
71846
71908
71968
72030
72067
72089
72113
72137
72158
72182
72205
72226
72250
72272
72294
72316
72340
72363
72385
72406
72429
72453
72476
72499
72519
72541
72565
72588
72611
72634
72654
72678
72701
72724
72747
72770
72790
72813
72837
72860
72884
72910
72935
72966
72996
73016
73028
73036
73041
73042
73042
73042
73042
73043
73051
73065
73087
73115
73146
73183
73223
73255
73295
73346
73388
73422
73461
73494
73533
73571
73612
73653
73703
73757
73805
73853
73902
73948
73996
74045
74094
74144
74192
74235
74286
74335
74384
74431
74480
74526
74574
74623
74671
74720
74768
74813
74864
74911
74960
75008
75056
75102
75151
75200
75249
75298
75339
75377
75412
75421
75422
75422
75422
75422
75422
75422
75422
75422
75422
75422
75422
75422
75422
75422
75438
75467
75499
75530
75562
75598
75630
75663
75692
75725
75758
75790
75819
75842
75858
75870
75878
75882
75883
75884
75894
75911
75939
75958
75966
75967
75967
75967
75967
75967
75967
75967
75968
75969
75969
75969
75969
75969
75969
75969
75969
75969
75969
75969
75969
75969
75969
75973
75986
76005
76029
76056
76085
76111
76134
76154
76174
76192
76211
76227
76245
76261
76278
76295
76310
76327
76342
76358
76374
76389
76405
76421
76437
76453
76469
76483
76499
76515
76531
76547
76561
76576
76592
76608
76624
76640
76654
76670
76686
76702
76718
76734
76747
76763
76779
76795
76811
76827
76841
76857
76873
76888
76904
76920
76934
76950
76966
76982
76998
77012
77027
77043
77059
77075
77091
77105
77121
77137
77153
77169
77185
77198
77214
77230
77246
77262
77278
77292
77308
77324
77340
77356
77372
77389
77411
77434
77459
77473
77477
77477
77477
77477
77477
77477
77477
77477
77477
77477
77477
77477
77477
77477
77484
77510
77541
77574
77607
77639
77675
77708
77737
77771
77801
77830
77858
77888
77919
77945
77976
78007
78035
78066
78099
78131
78169
78206
78251
78292
78334
78375
78414
78457
78497
78538
78580
78622
78660
78701
78744
78785
78827
78867
78905
78948
78989
79031
79072
79114
79153
79193
79235
79277
79319
79359
79396
79440
79481
79523
79563
79604
79644
79685
79727
79769
79811
79850
79891
79932
79968
80000
80033
80064
80096
80127
80160
80189
80221
80252
80282
80314
80349
80378
80411
80442
80475
80506
80538
80567
80607
80661
80715
80781
80843
80902
80961
81022
81080
81142
81194
81247
81305
81360
81407
81448
81482
81514
81547
81581
81613
81648
81680
81713
81743
81770
81803
81836
81868
81899
81930
81961
81993
82025
82056
82087
82118
82149
82180
82212
82243
82274
82306
82338
82368
82400
82431
82463
82495
82527
82557
82588
82620
82652
82684
82716
82748
82780
82811
82842
82874
82906
82938
82970
83001
83033
83065
83097
83129
83161
83193
83225
83257
83289
83321
83353
83385
83417
83449
83481
83513
83545
83577
83609
83641
83673
83705
83737
83769
83801
83833
83865
83897
83928
83963
83997
84032
84069
84105
84140
84176
84213
84249
84286
84323
84360
84396
84432
84467
84495
84516
84533
84546
84554
84558
84559
84559
84559
84561
84566
84575
84587
84613
84655
84715
84778
84844
84918
85008
85093
85179
85234
85290
85347
85403
85462
85518
85576
85629
85686
85746
85801
85858
85913
85969
86027
86082
86141
86196
86255
86309
86366
86423
86479
86537
86591
86646
86706
86762
86819
86876
86931
86987
87045
87102
87158
87217
87270
87326
87385
87441
87499
87555
87610
87667
87723
87782
87837
87895
87949
88006
88063
88120
88177
88232
88283
88336
88385
88435
88483
88529
88577
88627
88657
88699
88760
88832
88910
88972
89031
89090
89165
89238
89296
89364
89439
89499
89559
89619
89679
89739
89796
89865
89925
89986
90046
90105
90161
90222
90282
90343
90402
90462
90517
90579
90638
90699
90758
90816
90873
90935
90995
91055
91115
91172
91230
91292
91351
91411
91472
91528
91587
91648
91699
91726
91752
91784
91818
91859
91917
91976
92034
92105
92167
92239
92280
92316
92349
92379
92413
92445
92480
92510
92539
92572
92604
92636
92667
92699
92731
92761
92792
92823
92853
92884
92912
92944
92975
93007
93039
93070
93101
93133
93164
93196
93227
93259
93291
93323
93354
93386
93417
93449
93481
93513
93544
93576
93608
93634
93654
93669
93680
93689
93697
93703
93709
93713
93716
93717
93717
93717
93717
93717
93720
93727
93739
93766
93813
93874
93937
94014
94102
94196
94245
94316
94390
94447
94499
94548
94600
94654
94706
94760
94812
94863
94914
94967
95021
95074
95121
95151
95170
95181
95192
95197
95200
95200
95200
95202
95220
95253
95309
95369
95430
95492
95553
95622
95682
95753
95811
95844
95883
95918
95956
95975
95990
96001
96009
96012
96012
96012
96012
96012
96012
96012
96012
96012
96012
96012
96012
96012
96012
96012
96012
96012
96012
96012
96014
96018
96026
96052
96079
96107
96134
96155
96172
96177
96185
96197
96211
96228
96245
96265
96286
96314
96349
96399
96445
96463
96478
96492
96507
96521
96534
96550
96564
96579
96594
96608
96629
96650
96674
96699
96711
96716
96716
96716
96716
96716
96716
96716
96716
96716
96716
96716
96716
96716
96716
96716
96716
96716
96716
96724
96742
96766
96797
96832
96870
96916
96969
97026
97086
97145
97205
97261
97323
97378
97438
97500
97560
97616
97677
97735
97797
97859
97919
97984
98042
98103
98163
98221
98278
98340
98400
98460
98520
98576
98635
98696
98756
98816
98877
98932
98992
99053
99113
99172
99232
99290
99346
99396
99420
99426
99442
99460
99485
99513
99552
99611
99676
99738
99795
99876
99910
99940
99974
100006
100036
100068
100100
100133
100165
100196
100227
100258
100289
100320
100349
100378
100409
100441
100472
100504
100536
100567
100598
100630
100661
100693
100724
100756
100788
100819
100851
100883
100914
100946
100978
101009
101041
101073
101098
101119
101134
101142
101146
101150
101154
101156
101158
101159
101159
101159
101159
101160
101165
101174
101195
101227
101280
101341
101409
101490
101571
101633
101676
101718
101761
101816
101864
101899
101949
101999
102046
102097
102145
102197
102247
102296
102343
102383
102421
102454
102504
102565
102643
102722
102781
102843
102894
102936
102969
102997
103022
103043
103063
103077
103092
103101
103101
103101
103101
103101
103101
103103
103114
103138
103193
103220
103236
103243
103244
103244
103244
103244
103244
103244
103244
103244
103244
103247
103259
103280
103306
103340
103383
103429
103483
103540
103600
103656
103715
103777
103835
103895
103957
104013
104061
104122
104181
104247
104299
104367
104429
104491
104560
104620
104670
104717
104769
104818
104867
104913
104959
105005
105049
105088
105127
105165
105204
105242
105282
105322
105354
105377
105425
105487
105563
105641
105703
105756
105796
105834
105872
105904
105939
105983
106030
106047
106047
106047
106047
106047
106047
106047
106047
106047
106047
106047
106047
106047
106047
106047
106047
106047
106047
106047
106047
106047
106047
106047
106047
106047
106047
106047
106056
106063
106063
106063
106063
106063
106063
106063
106063
106063
106063
106063
106063
106063
106063
106069
106091
106119
106150
106180
106213
106245
106279
106311
106341
106370
106402
106435
106467
106498
106530
106561
106592
106624
106655
106685
106717
106747
106778
106810
106841
106872
106904
106933
106965
106996
107028
107060
107090
107120
107152
107184
107216
107248
107280
107312
107343
107374
107406
107438
107470
107501
107533
107565
107597
107629
107661
107693
107725
107757
107789
107821
107853
107885
107917
107949
107981
108013
108045
108077
108109
108141
108173
108205
108237
108268
108300
108332
108364
108396
108428
108460
108492
108524
108556
108588
108620
108652
108684
108710
108731
108746
108757
108764
108767
108767
108768
108774
108782
108794
108813
108846
108896
108960
109024
109092
109168
109260
109343
109393
109446
109497
109558
109618
109674
109732
109783
109841
109899
109955
110012
110069
110125
110181
110236
110295
110352
110410
110462
110519
110579
110635
110691
110748
110803
110858
110910
110965
111015
111063
111110
111158
111210
111264
111321
111375
111402
111416
111426
111432
111432
111432
111432
111432
111432
111434
111445
111464
111507
111568
111627
111700
111769
111828
111896
111969
112029
112089
112147
112208
112265
112319
112376
112431
112486
112544
112600
112656
112717
112777
112838
112897
112955
113001
113050
113089
113125
113154
113183
113206
113227
113243
113256
113267
113273
113277
113277
113277
113277
113277
113277
113277
113277
113277
113277
113278
113283
113298
113342
113399
113471
113537
113563
113588
113615
113642
113670
113697
113725
113753
113780
113807
113835
113862
113890
113917
113945
113972
113999
114020
114037
114052
114066
114079
114090
114099
114106
114111
114114
114115
114115
114115
114115
114115
114118
114125
114136
114162
114207
114266
114332
114393
114444
114489
114522
114542
114546
114546
114546
114546
114546
114546
114546
114546
114546
114549
114549
114549
114549
114549
114554
114555
114555
114555
114555
114555
114555
114555
114555
114555
114555
114555
114555
114555
114555
114555
114555
114555
114555
114555
114555
114555
114555
114555
114555
114555
114555
114555
114555
114555
114555
114555
114555
114555
114555
114555
114555
114555
114555
114555
114555
114555
114570
114604
114646
114687
114727
114764
114804
114845
114883
114921
114956
114988
115022
115054
115083
115120
115150
115182
115212
115242
115271
115305
115334
115365
115398
115429
115458
115488
115518
115550
115581
115613
115645
115675
115705
115736
115768
115799
115830
115863
115892
115924
115956
115980
115998
116009
116016
116020
116020
116020
116025
116032
116044
116059
116084
116124
116179
116239
116299
116369
116400
116431
116460
116488
116514
116544
116574
116604
116634
116663
116693
116722
116751
116781
116809
116839
116869
116898
116927
116957
116986
117015
117045
117075
117101
117128
117156
117184
117212
117239
117266
117293
117321
117349
117377
117405
117429
117447
117460
117469
117476
117482
117486
117489
117492
117494
117495
117495
117495
117495
117495
117496
117501
117511
117533
117570
117631
117693
117764
117849
117943
118005
118061
118150
118205
118259
118312
118361
118414
118469
118520
118573
118624
118675
118728
118774
118781
118782
118805
118854
118915
118981
119043
119101
119140
119167
119187
119201
119207
119211
119214
119216
119218
119220
119220
119220
119220
119220
119220
119228
119271
119305
119325
119332
119335
119336
119336
119336
119336
119336
119336
119336
119336
119336
119336
119336
119336
119336
119336
119336
119336
119336
119336
119336
119336
119336
119336
119336
119336
119336
119336
119336
119336
119336
119336
119336
119336
119336
119336
119336
119336
119336
119336
119336
119336
119336
119336
119336
119336
119336
119336
119336
119336
119336
119336
119336
119336
119336
119336
119336
119336
119336
119336
119336
119336
119336
119336
119336
119336
119336
119336
119336
119336
119336
119336
119336
119336
119336
119336
119336
119336
119336
119336
119336
119336
119336
119336
119336
119336
119336
119336
119336
119336
119336
119336
119336
119337
119340
119342
119346
119351
119364
119385
119410
119431
119432
119432
119432
119432
119432
119432
119432
119432
119432
119432
119432
119432
119432
119432
119432
119432
119432
119432
119432
119432
119432
119432
119432
119432
119432
119432
119432
119432
119432
119432
119432
119432
119432
119432
119432
119432
119432
119432
119432
119432
119432
119432
119432
119432
119432
119432
119432
119432
119432
119432
119433
119433
119433
119433
119433
119433
119433
119433
119433
119433
119433
119433
119433
119433
119433
119433
119433
119433
119433
119433
119433
119433
119433
119436
119437
119437
119437
119437
119437
119437
119437
119437
119437
119437
119437
119437
119437
119437
119437
119437
119437
119437
119437
119437
119437
119437
119437
119437
119437
119437
119437
119437
119437
119437
119437
119437
119437
119437
119437
119437
119437
119437
119437
119437
119437
119437
119437
119437
119437
119437
119437
119437
119437
119437
119437
119437
119437
119437
119437
119437
119437
119437
119437
119437
119437
119437
119437
119437
119437
119437
119437
119437
119437
119437
119437
119437
119437
119437
119437
119437
119437
119437
119437
119437
119437
119437
119437
119437
119437
119437
119437
119437
119437
119437
119437
119437
119437
119437
119443
119462
119486
119509
119533
119557
119581
119604
119631
119661
119694
119732
119772
119794
119804
119805
119809
119823
119823
119823
119823
119823
119823
119823
119834
119860
119871
119873
119873
119873
119873
119873
119873
119873
119873
119873
119873
119873
119873
119873
119873
119873
119873
119881
119908
119938
119951
119957
119957
119957
119957
119957
119957
119957
119957
119957
119957
119957
119957
119957
119957
119957
119957
119957
119957
119957
119957
119957
119957
119957
119957
119957
119957
119957
119957
119957
119957
119957
119957
119957
119957
119957
119957
119957
119957
119957
119957
119957
119957
119957
119957
119957
119957
119957
119957
119957
119957
119957
119957
119957
119957
119957
119957
119957
119958
119963
119973
119991
