Time needed: 336.33 s
Distance travelled: 653.13 m
Total rotation: 12371.6°
Objects found after: 43.03 s, 227.03 s, 229.77 s

+++ following progress ticks +++
468
507
620
690
739
807
834
882
950
1000
1059
1120
1190
1247
1315
1372
1422
1488
1546
1609
1659
1733
1785
1847
1916
1964
2049
2104
2171
2233
2285
2348
2410
2477
2527
2591
2653
2699
2773
2825
2874
2966
3012
3061
3125
3181
3237
3299
3366
3427
3491
3535
3603
3668
3718
3788
3847
3911
3967
4028
4089
4160
4210
4262
4331
4376
4432
4493
4551
4581
4610
4639
4678
4715
4752
4790
4831
4865
4896
4930
4965
5002
5033
5065
5103
5140
5180
5220
5261
5304
5344
5386
5432
5480
5522
5568
5618
5667
5717
5765
5815
5868
5918
5973
6026
6082
6134
6191
6250
6311
6370
6429
6484
6546
6606
6667
6726
6784
6841
6903
6963
7023
7083
7140
7198
7260
7320
7379
7440
7496
7555
7616
7676
7736
7797
7853
7912
7972
8033
8092
8152
8207
8269
8328
8389
8448
8509
8563
8625
8685
8745
8805
8863
8920
8982
9042
9101
9162
9218
9277
9339
9378
9438
9498
9556
9613
9675
9735
9794
9855
9911
9970
10032
10091
10151
10212
10268
10327
10387
10448
10508
10567
10624
10684
10744
10805
10864
10924
10979
11041
11100
11161
11220
11278
11335
11397
11457
11517
11577
11634
11692
11754
11813
11873
11934
11990
12049
12110
12170
12230
12291
12347
12406
12466
12527
12586
12646
12702
12763
12822
12883
12942
13003
13057
13119
13179
13240
13299
13357
13414
13476
13536
13595
13656
13713
13771
13833
13892
13952
14013
14069
14128
14189
14249
14309
14368
14426
14485
14545
14606
14665
14725
14780
14842
14901
14962
15021
15080
15136
15198
15258
15318
15378
15435
15493
15552
15602
15645
15686
15717
15748
15784
15818
15848
15886
15918
15951
15981
16010
16043
16075
16107
16139
16170
16201
16232
16263
16294
16325
16356
16386
16417
16448
16477
16509
16540
16571
16603
16635
16667
16698
16729
16761
16793
16825
16857
16888
16920
16956
16999
17064
17133
17201
17259
17319
17377
17438
17516
17613
17686
17772
17878
17988
18064
18136
18193
18252
18315
18374
18433
18488
18549
18610
18670
18729
18789
18846
18905
18965
19026
19086
19146
19201
19262
19324
19383
19442
19501
19559
19619
19678
19739
19798
19859
19914
19975
20035
20095
20155
20213
20270
20332
20392
20451
20512
20568
20627
20689
20748
20808
20869
20925
20984
21045
21105
21165
21224
21282
21341
21401
21462
21521
21581
21636
21698
21757
21818
21877
21936
21992
22054
22114
22174
22234
22291
22349
22411
22470
22530
22591
22666
22727
22787
22848
22907
22967
23022
23084
23143
23204
23263
23321
23378
23440
23500
23560
23620
23677
23735
23797
23856
23916
23977
24033
24092
24153
24213
24273
24334
24390
24449
24509
24570
24629
24689
24744
24806
24865
24926
24985
25046
25100
25162
25222
25282
25342
25400
25457
25519
25579
25638
25699
25755
25814
25876
25935
25995
26056
26112
26171
26231
26292
26352
26411
26468
26528
26588
26649
26708
26768
26823
26885
26944
27005
27064
27122
27179
27241
27301
27361
27421
27478
27536
27598
27657
27717
27778
27834
27893
27954
28014
28074
28135
28191
28250
28310
28371
28430
28490
28546
28607
28667
28727
28786
28847
28901
28963
29020
29072
29114
29152
29186
29218
29251
29286
29319
29354
29387
29422
29448
29480
29511
29533
29548
29559
29567
29570
29571
29572
29581
29595
29613
29635
29664
29702
29759
29813
29879
29940
29987
30016
30042
30071
30097
30123
30152
30176
30205
30227
30256
30282
30307
30334
30361
30388
30414
30438
30466
30494
30520
30549
30575
30600
30628
30655
30683
30710
30737
30761
30788
30816
30843
30870
30897
30923
30951
30977
31005
31032
31057
31084
31111
31139
31166
31193
31217
31245
31273
31300
31327
31355
31379
31407
31434
31462
31489
31516
31540
31568
31596
31623
31650
31676
31702
31730
31756
31784
31811
31837
31863
31890
31918
31945
31972
31996
32024
32052
32079
32106
32134
32158
32186
32213
32241
32268
32295
32319
32347
32375
32402
32429
32455
32481
32509
32536
32564
32591
32617
32642
32669
32697
32724
32751
32776
32803
32831
32858
32886
32913
32937
32965
32992
33020
33047
33074
33098
33126
33154
33181
33208
33236
33260
33288
33315
33343
33370
33396
33421
33449
33476
33503
33530
33556
33582
33610
33637
33665
33692
33717
33744
33771
33799
33826
33853
33877
33905
33933
33960
33987
34015
34039
34067
34094
34122
34149
34175
34200
34228
34256
34283
34310
34336
34362
34390
34416
34444
34471
34496
34523
34550
34578
34603
34622
34636
34649
34660
34670
34676
34683
34687
34690
34692
34692
34692
34698
34728
34764
34796
34837
34879
34924
34975
35030
35085
35145
35205
35266
35324
35384
35450
35510
35569
35630
35686
35745
35806
35866
35926
35987
36043
36102
36153
36200
36239
36276
36306
36338
36374
36405
36442
36474
36506
36538
36571
36603
36632
36660
36693
36725
36756
36788
36819
36851
36883
36914
36946
36976
37009
37039
37071
37103
37134
37165
37197
37228
37260
37291
37322
37354
37386
37417
37449
37480
37512
37544
37576
37607
37639
37670
37702
37734
37766
37798
37830
37862
37894
37926
37958
37990
38021
38053
38085
38117
38149
38181
38212
38243
38275
38307
38339
38371
38403
38435
38467
38499
38531
38563
38595
38627
38659
38691
38723
38755
38787
38819
38851
38883
38915
38947
38979
39011
39043
39075
39107
39139
39171
39203
39235
39267
39299
39331
39363
39395
39427
39459
39491
39523
39555
39587
39624
39680
39751
39832
39892
39950
40007
40069
40146
40245
40317
40405
40513
40621
40701
40773
40830
40889
40952
41011
41070
41125
41186
41247
41307
41366
41426
41483
41542
41602
41663
41723
41783
41838
41899
41961
42020
42079
42138
42196
42256
42315
42376
42435
42496
42551
42612
42672
42732
42792
42850
42907
42969
43029
43088
43149
43206
43264
43326
43385
43445
43506
43562
43621
43682
43742
43802
43862
43919
43978
44038
44099
44158
44218
44273
44335
44394
44455
44514
44573
44629
44691
44751
44811
44871
44928
44986
45048
45107
45167
45225
45270
45324
45399
45477
45547
45608
45667
45740
45819
45876
45944
46017
46075
46136
46194
46257
46315
46374
46441
46500
46561
46620
46681
46736
46797
46857
46917
46977
47035
47092
47154
47214
47273
47334
47391
47449
47511
47570
47630
47691
47747
47806
47867
47927
47987
48047
48104
48163
48223
48284
48343
48403
48458
48520
48568
48604
48638
48676
48723
48770
48805
48845
48882
48918
48954
48992
49032
49079
49133
49197
49259
49315
49354
49383
49407
49434
49458
49483
49511
49534
49561
49585
49609
49636
49663
49691
49719
49752
49787
49823
49846
49861
49871
49877
49880
49880
49880
49880
49880
49880
49880
49880
49880
49880
49880
49880
49880
49880
49880
49880
49880
49880
49884
49892
49907
49938
49973
50010
50044
50080
50113
50148
50185
50221
50258
50290
50324
50363
50398
50434
50469
50501
50538
50573
50610
50645
50683
50715
50749
50786
50822
50859
50893
50925
50963
50998
51035
51069
51106
51138
51173
51210
51246
51283
51316
51349
51388
51423
51459
51494
51527
51563
51598
51635
51670
51708
51740
51774
51812
51847
51884
51919
51951
51988
52023
52060
52094
52131
52164
52199
52235
52271
52308
52342
52374
52413
52448
52484
52519
52552
52588
52623
52660
52695
52733
52765
52799
52838
52872
52909
52944
52976
53013
53048
53085
53119
53156
53190
53224
53261
53296
53334
53368
53394
53418
53436
53449
53457
53460
53461
53461
53461
53463
53468
53476
53490
53511
53547
53599
53657
53722
53797
53864
53900
53932
53964
53996
54026
54057
54087
54116
54147
54179
54210
54242
54273
54305
54336
54368
54399
54431
54462
54494
54525
54556
54588
54620
54651
54683
54715
54746
54777
54809
54841
54873
54905
54937
54968
55000
55032
55064
55095
55127
55159
55190
55222
55254
55286
55318
55350
55382
55414
55446
55478
55510
55542
55574
55606
55638
55670
55701
55733
55765
55797
55829
55861
55893
55925
55957
55989
56021
56053
56085
56117
56149
56181
56213
56245
56277
56309
56341
56373
56405
56437
56469
56501
56533
56565
56597
56629
56661
56693
56725
56757
56789
56821
56853
56885
56917
56949
56981
57013
57045
57077
57109
57141
57173
57205
57231
57245
57252
57255
57256
57261
57274
57297
57339
57398
57454
57509
57563
57594
57624
57653
57683
57722
57759
57796
57831
57861
57929
57984
58047
58107
58169
58223
58289
58318
58322
58351
58394
58438
58482
58526
58570
58614
58659
58703
58748
58792
58836
58881
58925
58970
59014
59058
59102
59146
59190
59234
59278
59322
59366
59410
59454
59498
59542
59586
59630
59674
59718
59762
59807
59851
59895
59939
59983
60027
60071
60115
60159
60203
60247
60291
60335
60379
60423
60467
60511
60555
60599
60643
60687
60731
60775
60819
60863
60907
60951
60995
61039
61083
61127
61171
61215
61259
61303
61347
61391
61435
61479
61523
61567
61611
61655
61699
61743
61787
61831
61875
61919
61963
61999
62028
62051
62070
62086
62099
62108
62114
62117
62117
62117
62117
62117
62117
62120
62126
62138
62158
62196
62251
62315
62385
62464
62540
62632
62694
62749
62802
62856
62909
62965
63017
63070
63125
63178
63234
63288
63336
63393
63448
63503
63555
63610
63661
63715
63770
63824
63879
63933
63982
64039
64092
64148
64201
64254
64305
64360
64415
64469
64523
64577
64627
64684
64737
64792
64846
64897
64951
65006
65061
65114
65169
65220
65273
65329
65382
65437
65460
65470
65497
65546
65610
65680
65741
65803
65864
65925
65989
66047
66113
66183
66246
66306
66365
66425
66484
66546
66604
66671
66730
66791
66852
66911
66966
67027
67089
67148
67207
67266
67324
67384
67443
67504
67564
67624
67680
67741
67800
67860
67916
67962
68003
68044
68077
68108
68147
68209
68258
68302
68331
68358
68386
68413
68443
68475
68514
68559
68616
68676
68730
68766
68797
68826
68854
68880
68896
68909
68914
68917
68921
68921
68921
68921
68921
68921
68921
68921
68932
68958
68993
69026
69063
69093
69128
69159
69188
69218
69250
69281
69314
69342
69373
69408
69437
69470
69503
69541
69578
69622
69672
69717
69761
69807
69848
69890
69927
69957
69982
70002
70016
70029
70039
70048
70055
70061
70066
70068
70070
70070
70070
70070
70070
70070
70070
70070
70070
70070
70073
70083
70111
70167
70231
70290
70334
70362
70390
70418
70446
70473
70499
70527
70554
70581
70609
70635
70663
70691
70718
70744
70772
70800
70822
70839
70852
70860
70863
70863
70865
70872
70883
70898
70920
70954
70999
71053
71112
71181
71251
71326
71373
71386
71438
71480
71507
71510
71510
71510
71510
71510
71510
71510
71510
71510
71510
71510
71510
71510
71510
71510
71510
71510
71510
71510
71510
71510
71510
71510
71510
71510
71510
71510
71510
71510
71510
71510
71510
71510
71510
71510
71510
71510
71510
71510
71510
71510
71510
71510
71510
71510
71510
71510
71510
71510
71510
71510
71510
71510
71510
71510
71510
71510
71510
71510
71510
71510
71510
71510
71510
71510
71510
71538
71576
71625
71680
71739
71801
71859
71918
71984
72043
72104
72164
72222
72279
72341
72401
72461
72521
72577
72636
72697
72757
72817
72878
72933
72993
73054
73114
73173
73233
73290
73350
73410
73470
73530
73590
73645
73707
73766
73827
73886
73944
74001
74063
74123
74183
74243
74300
74358
74420
74479
74539
74600
74656
74715
74776
74836
74896
74957
75013
75072
75132
75193
75252
75312
75368
75429
75488
75549
75608
75669
75723
75785
75845
75906
75965
76023
76080
76142
76202
76261
76322
76378
76437
76499
76554
76601
76645
76679
76711
76744
76779
76811
76848
76880
76910
76943
76976
77008
77041
77071
77100
77128
77161
77193
77224
77256
77288
77319
77357
77415
77480
77535
77596
77654
77713
77771
77829
77904
77994
78067
78137
78193
78249
78307
78365
78424
78484
78544
78603
78663
78720
78782
78837
78897
78959
79019
79075
79136
79194
79258
79317
79377
79441
79500
79561
79621
79679
79736
79798
79858
79918
79978
80034
80093
80154
80214
80274
80335
80390
80450
80511
80571
80630
80690
80747
80807
80867
80927
80987
81047
81102
81164
81223
81284
81343
81401
81458
81520
81580
81640
81700
81757
81815
81877
81936
81996
82057
82113
82172
82233
82293
82353
82414
82470
82529
82589
82650
82709
82769
82817
82856
82888
82899
82901
82904
82907
82910
82912
82916
82918
82922
82926
82932
82941
82957
82962
82965
82968
82971
82973
82976
82979
82982
82985
82988
82990
82993
82996
82999
83002
83005
83007
83010
83013
83016
83019
83022
83024
83027
83030
83033
83036
83039
83041
83045
83051
83061
83071
83084
83095
83109
83124
83138
83153
83166
83180
83195
83209
83223
83236
83244
83251
83254
83257
83260
83262
83263
83264
83266
83266
83266
83266
83266
83276
83304
83334
83365
83400
83436
83472
83507
83547
83587
83626
83665
83670
83678
83710
83762
83820
83883
83941
83998
84048
84119
84139
84182
84230
84276
84316
84349
84382
84414
84447
84475
84507
84540
84572
84604
84635
84666
84697
84728
84759
84789
84819
84848
84880
84911
84943
84975
85006
85037
85069
85101
85132
85163
85195
85227
85259
85290
85322
85353
85385
85417
85449
85481
85512
85544
85576
85607
85639
85671
85703
85735
85767
85798
85830
85862
85894
85926
85958
85990
86022
86054
86086
86118
86150
86182
86213
86245
86277
86309
86341
86373
86405
86437
86469
86501
86533
86565
86597
86629
86660
86692
86724
86756
86788
86820
86852
86884
86916
86948
86980
87012
87044
87076
87108
87140
87172
87204
87236
87268
87300
87332
87364
87396
87428
87460
87492
87524
87556
87588
87620
87652
87683
87707
87726
87739
87748
87753
87754
87754
87756
87762
87772
87786
87809
87844
87898
87959
88030
88102
88181
88277
88341
88436
88495
88556
88612
88671
88733
88792
88852
88913
88969
89028
89088
89149
89208
89268
89324
89385
89445
89505
89564
89625
89679
89741
89801
89862
89921
89979
90036
90098
90158
90217
90278
90335
90393
90455
90514
90574
90635
90691
90750
90811
90871
90931
90991
91048
91107
91167
91228
91287
91347
91402
91464
91523
91584
91643
91702
91758
91820
91880
91940
92000
92057
92115
92177
92237
92296
92357
92403
92454
92517
92600
92676
92738
92797
92862
92922
92982
93054
93147
93200
93262
93320
93380
93443
93498
93565
93628
93687
93746
93807
93864
93923
93983
94044
94103
94163
94219
94280
94339
94400
94459
94518
94574
94636
94696
94756
94816
94873
94931
94993
95052
95112
95173
95229
95288
95350
95409
95469
95530
95586
95645
95696
95743
95783
95819
95842
95878
95934
95977
95992
96005
96015
96022
96029
96034
96035
96035
96036
96043
96055
96075
96110
96157
96216
96277
96341
96395
96428
96454
96479
96506
96531
96556
96581
96609
96631
96658
96683
96706
96732
96758
96782
96808
96831
96857
96883
96909
96938
96966
96997
97030
97066
97100
97118
97129
97137
97140
97141
97141
97141
97141
97141
97141
97141
97141
97141
97141
97141
97141
97141
97141
97141
97141
97141
97144
97154
97162
97162
97162
97162
97162
97162
97162
97170
97215
97257
97293
97325
97357
97388
97420
97451
97483
97512
97543
97576
97608
97639
97669
97700
97730
97762
97793
97824
97856
97886
97918
97950
97982
98013
98041
98074
98105
98137
98167
98201
98230
98260
98292
98324
98356
98387
98414
98448
98479
98511
98537
98557
98570
98579
98587
98593
98596
98599
98600
98600
98600
98600
98600
98602
98608
98616
98633
98661
98712
98769
98831
98908
98957
98989
99019
99050
99081
99109
99140
99172
99203
99235
99266
99298
99329
99361
99392
99424
99455
99487
99518
99549
99581
99613
99644
99676
99708
99740
99770
99802
99834
99866
99898
99930
99961
99993
100025
100057
100089
100120
100152
100179
100200
100216
100227
100234
100237
100237
100237
100241
100247
100259
100275
100303
100343
100404
100467
100532
100613
100693
100775
100846
100935
100995
101054
101111
101172
101231
101290
101346
101397
101450
101505
101555
101595
101650
101724
101802
101861
101890
101909
101920
101927
101933
101937
101941
101944
101945
101945
101945
101945
101969
102009
102051
102071
102080
102086
102091
102092
102095
102101
102102
102102
102102
102102
102102
102102
102102
102102
102105
102105
102105
102105
102105
102105
102105
102105
102105
102105
102105
102105
102105
102105
102105
102105
102105
102105
102105
102105
102105
102105
102105
102105
102105
102105
102105
102105
102105
102105
102105
102105
102105
102105
102105
102105
102105
102105
102105
102105
102105
102105
102105
102105
102105
102105
102105
102105
102105
102105
102105
102105
102131
102164
102204
102245
102280
102310
102334
102359
102380
102398
102416
102432
102449
102463
102472
102482
102492
102500
102506
102513
102519
102525
102529
102534
102537
102539
102540
102541
102542
102542
102542
102544
102556
102566
102575
102591
102612
102640
102668
102703
102738
102769
102802
102840
102877
102914
102950
102988
103021
103057
103092
103125
103157
103189
103222
103256
103294
103333
103372
103410
103451
103488
103530
103574
103617
103660
103702
103746
103795
103842
103886
103922
103954
103978
104004
104027
104048
104072
104092
104114
104134
104153
104170
104188
104208
104226
104244
104260
104271
104271
104271
104271
104271
104271
104271
104271
104271
104271
104271
104271
104271
104272
104287
104345
104407
104482
104532
104562
104592
104621
104650
104680
104710
104739
104768
104797
104827
104857
104887
104917
104946
104975
105005
105035
105065
105094
105124
105154
105184
105214
105244
105274
105303
105333
105363
105393
105423
105453
105483
105513
105543
105573
105602
105632
105662
105692
105722
105752
105782
105812
105841
105871
105901
105931
105961
105991
106021
106051
106080
106110
106140
106170
106200
106230
106260
106290
106320
106350
106380
106410
106440
106470
106500
106530
106560
106590
106620
106650
106680
106710
106734
106752
106765
106772
106775
106775
106776
106782
106789
106802
106821
106853
106897
106958
107024
107091
107164
107256
107339
107411
107502
107561
107622
107678
107738
107798
107858
107918
107978
108034
108095
108154
108215
108274
108333
108389
108451
108511
108571
108631
108688
108746
108808
108867
108927
108988
109044
109103
109165
109224
109280
109324
109360
109387
109412
109434
109453
109471
109483
109488
109488
109489
109491
109492
109493
109495
109496
109498
109499
109502
109504
109509
109518
109520
109521
109522
109524
109525
109527
109528
109530
109530
109530
109530
109533
109539
109546
109561
109579
109596
109636
109683
109738
109801
109863
109924
109994
110059
110096
110129
110160
110193
110227
110258
110288
110320
110352
110385
110416
110447
110479
110510
110541
110570
110598
110630
110661
110693
110724
110756
110788
110818
110850
110882
110913
110944
110975
111004
111028
111050
111071
111088
111101
111112
111121
111127
111131
111132
111132
111132
111132
111132
111132
111133
111138
111146
111162
111199
111260
111328
111408
111491
111572
111621
111674
111728
111793
111854
111913
111973
112033
112088
112140
112162
112173
112175
112179
112181
112182
112182
112182
112182
112182
112182
112188
112199
112223
112277
112331
112369
112397
112427
112453
112475
112497
112517
112535
112549
112559
112562
112562
112562
112562
112562
112562
112562
112564
112565
112565
112565
112565
112565
112565
112565
112565
112565
112565
112565
112565
112565
112565
112565
112565
112565
112565
112565
112565
112565
112565
112565
112565
112565
112565
112565
112565
112565
112565
112565
112565
112565
112565
112565
112565
112565
112565
112565
112565
112565
112565
112565
112565
112565
112565
112565
112565
112565
112565
112565
112565
112565
112565
112565
112565
112565
112565
112565
112565
112565
112565
112565
112565
112565
112565
112565
112565
112565
112565
112565
112565
112565
112565
112565
112565
112565
112565
112565
112565
112565
112565
112565
112565
112565
112565
112565
112565
112565
112565
112565
112565
112565
112565
112565
112565
112565
112565
112565
112565
112565
112565
112565
112565
112565
112565
112565
112565
112565
112565
112565
112565
112565
112566
112571
112578
112589
112604
112621
112642
112665
112692
112726
112763
112804
112850
112899
112953
113010
113068
113126
113184
113242
113300
113358
113416
113474
113533
113591
113649
113707
113765
113823
113881
113939
113997
114055
114113
114171
114229
114287
114345
114403
114461
114519
114577
114635
114689
114733
114796
114870
114941
115001
115061
115115
115181
115261
115355
115427
115532
115641
115748
115824
115878
115934
115993
116020
116035
116045
116051
116052
116052
116052
116052
116062
116085
116122
116169
116227
116294
116371
116455
116525
116622
116727
116813
116869
116927
116989
117048
117108
117169
117225
117284
117346
117402
117453
117497
117533
117569
117601
117634
117669
117699
117725
117747
117758
117766
117773
117779
117787
117795
117802
117811
117823
117835
117839
117839
117839
117839
117839
117839
117839
117839
117839
117839
117839
117839
117839
117839
117839
117840
117843
117843
117843
117843
117843
117843
117845
117858
117882
117912
117943
117979
118022
118066
118108
118143
118172
118194
118211
118221
118228
118230
118230
118230
118231
118235
118244
118262
118291
118336
118360
118362
118362
118362
118362
118362
118362
118362
118362
118362
118362
118362
118362
118362
118362
118362
118362
118362
118362
118362
118362
118362
118362
118362
118362
118362
118362
118365
118372
118382
118395
118412
118431
118454
118482
118501
118506
118508
118528
118538
118539
118539
118539
118539
118539
118539
118539
118539
118539
118539
118539
118539
118539
118539
118539
118539
118539
118539
118539
118539
118539
118539
118540
118545
118564
118592
118627
118662
118700
118740
118776
118815
118859
118896
118938
118976
119009
119056
119126
119185
119248
119306
119365
119410
119452
119493
119526
119556
119595
119634
119668
119701
119730
119755
119774
119791
119805
119815
119826
119834
119840
119846
119850
119853
119855
119855
119855
119855
119855
119855
119855
119858
119865
119880
119896
119899
119899
119899
119899
119899
119899
119905
119910
119910
119910
119910
119910
119910
119910
119910
119910
119910
119910
119910
119915
119929
119959
119989
119999
