Time needed: 338.50 s
Distance travelled: 663.67 m
Total rotation: 12385.6°
Objects found after: 191.33 s, 227.03 s, 273.33 s

+++ following progress ticks +++
467
517
594
640
710
772
801
863
932
982
1044
1098
1169
1223
1296
1345
1421
1474
1528
1586
1652
1710
1762
1825
1874
1946
2021
2078
2160
2211
2273
2322
2377
2445
2494
2554
2622
2680
2761
2798
2861
2935
2978
3041
3103
3167
3228
3277
3354
3406
3468
3534
3594
3643
3714
3767
3823
3878
3940
3994
4068
4129
4200
4250
4302
4371
4416
4481
4542
4605
4674
4722
4789
4848
4911
4971
5023
5079
5145
5206
5260
5325
5381
5447
5509
5557
5615
5683
5741
5818
5851
5947
5995
6037
6102
6167
6222
6288
6336
6405
6468
6517
6588
6634
6706
6778
6807
6900
6948
6994
7054
7122
7185
7245
7293
7371
7405
7462
7528
7564
7592
7621
7659
7692
7724
7757
7789
7820
7852
7886
7918
7947
7981
8017
8055
8092
8127
8166
8207
8249
8289
8335
8375
8416
8462
8506
8554
8602
8646
8698
8747
8799
8850
8904
8957
9011
9068
9124
9181
9237
9293
9333
9393
9453
9513
9574
9629
9689
9749
9810
9869
9929
9984
10046
10105
10166
10225
10286
10340
10402
10462
10522
10582
10640
10697
10759
10819
10878
10939
10995
11054
11116
11175
11235
11296
11352
11411
11471
11532
11592
11651
11709
11768
11828
11889
11948
12008
12063
12125
12184
12245
12304
12363
12419
12481
12541
12601
12661
12718
12776
12838
12897
12957
13018
13074
13133
13195
13254
13314
13375
13431
13490
13550
13611
13670
13730
13786
13847
13907
13967
14026
14087
14141
14203
14263
14324
14383
14441
14498
14560
14620
14679
14740
14797
14855
14917
14976
15036
15097
15153
15212
15273
15333
15393
15453
15510
15569
15629
15690
15749
15809
15864
15926
15985
16046
16105
16164
16220
16272
16318
16359
16395
16424
16457
16493
16527
16563
16592
16625
16658
16691
16722
16752
16781
16811
16843
16875
16907
16938
16970
17001
17032
17065
17096
17127
17159
17189
17228
17286
17351
17412
17473
17532
17590
17646
17710
17802
17892
17963
18051
18162
18252
18302
18348
18389
18438
18483
18530
18574
18618
18663
18708
18755
18800
18847
18889
18933
18982
19026
19072
19118
19160
19207
19252
19299
19344
19390
19433
19477
19524
19570
19616
19660
19702
19751
19795
19842
19886
19931
19975
20020
20067
20113
20159
20201
20245
20294
20338
20384
20430
20472
20519
20564
20611
20656
20703
20745
20789
20836
20882
20928
20972
21014
21063
21107
21151
21193
21234
21271
21310
21349
21389
21421
21453
21487
21522
21555
21588
21617
21642
21678
21706
21734
21759
21784
21806
21829
21848
21868
21887
21905
21921
21939
21955
21973
21989
22002
22015
22028
22038
22049
22059
22067
22076
22081
22087
22092
22098
22103
22105
22107
22109
22110
22110
22110
22110
22116
22131
22151
22176
22206
22241
22278
22319
22364
22411
22462
22515
22571
22629
22687
22744
22802
22862
22920
22978
23037
23096
23153
23210
23268
23327
23385
23443
23501
23558
23616
23674
23732
23790
23850
23909
23949
24002
24073
24154
24213
24272
24328
24392
24482
24575
24638
24721
24813
24902
24962
25023
25079
25145
25207
25267
25326
25386
25443
25503
25562
25623
25682
25743
25798
25860
25919
25979
26039
26097
26154
26216
26276
26335
26396
26453
26511
26573
26632
26692
26753
26809
26868
26929
26989
27049
27109
27166
27225
27285
27346
27405
27465
27521
27582
27641
27702
27761
27820
27876
27938
27998
28058
28118
28175
28233
28295
28355
28414
28475
28531
28590
28652
28711
28771
28832
28888
28947
29007
29068
29127
29187
29243
29304
29364
29425
29484
29544
29599
29661
29720
29781
29840
29898
29955
30017
30077
30135
30186
30227
30265
30303
30335
30368
30398
30435
30467
30502
30534
30564
30596
30628
30661
30692
30723
30752
30779
30800
30816
30831
30842
30849
30852
30852
30852
30856
30864
30873
30890
30913
30945
31002
31066
31130
31200
31276
31325
31362
31396
31432
31469
31501
31538
31574
31609
31644
31678
31714
31750
31785
31822
31855
31891
31927
31961
31999
32034
32066
32102
32139
32175
32210
32246
32279
32315
32351
32386
32423
32458
32491
32527
32562
32600
32635
32669
32703
32740
32775
32810
32846
32881
32915
32951
32986
33024
33059
33092
33127
33164
33200
33235
33271
33304
33340
33376
33411
33448
33484
33516
33552
33587
33625
33660
33694
33728
33765
33801
33836
33872
33907
33941
33977
34011
34049
34078
34100
34122
34142
34160
34177
34190
34203
34212
34221
34226
34229
34230
34230
34230
34244
34271
34297
34325
34362
34398
34441
34488
34536
34590
34649
34707
34768
34826
34889
34950
35008
35076
35138
35198
35255
35302
35347
35386
35422
35453
35486
35518
35557
35588
35620
35651
35685
35717
35749
35780
35811
35841
35869
35901
35932
35965
35996
36028
36059
36091
36122
36153
36185
36216
36248
36279
36310
36342
36374
36405
36437
36468
36500
36531
36563
36595
36627
36657
36689
36721
36757
36806
36874
36944
37002
37063
37121
37176
37242
37325
37419
37489
37594
37703
37778
37836
37898
37956
38012
38070
38132
38191
38251
38312
38368
38427
38489
38548
38608
38669
38725
38784
38844
38905
38965
39024
39080
39141
39201
39262
39321
39381
39429
39468
39526
39600
39685
39746
39809
39867
39934
39993
40060
40135
40190
40252
40315
40374
40436
40494
40552
40611
40671
40732
40792
40848
40907
40969
41029
41088
41149
41205
41264
41324
41385
41445
41505
41560
41621
41681
41742
41799
41850
41892
41931
41966
41998
42032
42063
42100
42133
42168
42196
42228
42256
42279
42298
42314
42326
42335
42340
42342
42342
42344
42351
42361
42375
42396
42425
42461
42514
42571
42629
42661
42681
42703
42721
42742
42761
42783
42801
42822
42842
42859
42880
42901
42920
42938
42958
42981
43003
43017
43025
43030
43031
43031
43031
43031
43031
43031
43031
43031
43031
43031
43031
43031
43031
43031
43031
43031
43031
43031
43033
43040
43059
43086
43120
43155
43189
43224
43257
43290
43324
43357
43392
43426
43463
43516
43590
43662
43733
43794
43835
43870
43907
43946
43984
44018
44053
44080
44100
44117
44127
44134
44138
44143
44145
44147
44149
44149
44149
44152
44181
44218
44252
44291
44333
44371
44418
44469
44522
44575
44631
44687
44737
44787
44834
44880
44928
44973
45019
45066
45112
45161
45207
45255
45299
45345
45385
45417
45445
45467
45485
45500
45511
45518
45521
45522
45522
45522
45522
45522
45522
45524
45528
45539
45556
45589
45644
45705
45773
45836
45866
45896
45925
45949
45968
45980
45987
45991
45994
45996
46005
46023
46050
46067
46075
46081
46086
46091
46092
46092
46092
46092
46092
46092
46092
46093
46101
46112
46117
46119
46119
46119
46119
46119
46119
46119
46119
46119
46119
46119
46119
46119
46119
46119
46119
46119
46119
46119
46119
46119
46119
46119
46119
46119
46119
46119
46119
46119
46119
46119
46119
46119
46119
46119
46125
46136
46148
46160
46176
46198
46221
46248
46273
46292
46305
46315
46320
46321
46321
46321
46321
46321
46321
46321
46321
46321
46321
46321
46321
46321
46321
46321
46321
46321
46321
46324
46338
46367
46396
46426
46455
46485
46515
46544
46574
46603
46633
46663
46693
46723
46752
46782
46812
46841
46871
46897
46909
46914
46917
46919
46919
46925
46935
46949
46967
46994
47036
47093
47160
47229
47297
47363
47411
47441
47457
47472
47484
47491
47496
47497
47497
47497
47497
47497
47497
47497
47497
47497
47497
47497
47497
47497
47497
47497
47497
47497
47497
47497
47497
47497
47505
47516
47538
47565
47601
47642
47687
47739
47794
47854
47914
47972
48033
48098
48153
48216
48279
48339
48399
48457
48514
48574
48634
48694
48755
48814
48871
48931
48990
49051
49111
49169
49226
49288
49348
49408
49468
49524
49583
49644
49704
49764
49825
49880
49940
50001
50061
50120
50180
50237
50297
50357
50417
50477
50537
50593
50654
50713
50774
50833
50891
50948
51010
51070
51130
51190
51247
51305
51367
51426
51486
51547
51603
51662
51723
51783
51843
51904
51960
52019
52079
52140
52199
52259
52315
52376
52436
52496
52555
52616
52670
52732
52792
52853
52912
52970
53027
53089
53149
53208
53269
53326
53384
53446
53505
53565
53626
53682
53741
53802
53862
53922
53982
54039
54098
54158
54219
54278
54338
54393
54455
54514
54575
54634
54693
54749
54811
54862
54908
54948
54982
55014
55047
55082
55116
55151
55182
55215
55248
55280
55312
55338
55370
55389
55422
55477
55539
55603
55665
55727
55784
55854
55902
55941
55991
56033
56072
56106
56139
56171
56206
56241
56272
56306
56338
56371
56404
56434
56461
56493
56525
56558
56589
56620
56651
56683
56715
56747
56777
56809
56840
56871
56903
56935
56966
56997
57029
57061
57092
57123
57154
57186
57218
57250
57281
57313
57345
57375
57407
57439
57471
57503
57535
57567
57599
57631
57663
57695
57727
57758
57790
57822
57853
57885
57916
57948
57980
58011
58043
58075
58107
58139
58171
58203
58235
58267
58299
58331
58363
58395
58427
58459
58491
58523
58555
58587
58619
58651
58683
58715
58747
58779
58811
58843
58875
58907
58939
58971
59003
59035
59067
59099
59131
59163
59195
59227
59259
59291
59323
59355
59387
59419
59451
59483
59515
59547
59579
59611
59643
59675
59707
59739
59771
59803
59835
59867
59899
59931
59963
59995
60027
60059
60091
60123
60155
60187
60219
60251
60283
60315
60347
60379
60411
60443
60475
60507
60539
60571
60603
60635
60667
60699
60731
60763
60795
60827
60859
60891
60923
60955
60987
61019
61051
61083
61115
61147
61179
61211
61243
61275
61307
61329
61337
61340
61341
61344
61359
61380
61414
61468
61527
61583
61650
61699
61732
61761
61791
61822
61856
61895
61932
61964
62001
62030
62063
62092
62123
62151
62179
62209
62239
62266
62296
62326
62354
62386
62419
62451
62490
62524
62570
62611
62653
62693
62735
62775
62815
62857
62899
62941
62979
63019
63063
63104
63145
63183
63200
63216
63231
63245
63257
63268
63276
63284
63291
63299
63302
63308
63310
63313
63317
63319
63319
63319
63319
63321
63329
63343
63360
63383
63410
63440
63472
63515
63558
63605
63652
63702
63752
63806
63862
63920
63978
64037
64098
64158
64220
64276
64334
64398
64455
64513
64574
64635
64696
64757
64818
64877
64937
64996
65054
65113
65173
65234
65294
65354
65409
65470
65532
65591
65650
65710
65767
65827
65886
65947
66006
66067
66123
66184
66243
66296
66337
66396
66469
66555
66616
66678
66737
66797
66873
66935
67014
67071
67130
67188
67251
67312
67373
67433
67493
67548
67609
67671
67730
67789
67848
67905
67965
68025
68086
68145
68205
68262
68323
68381
68442
68502
68560
68617
68679
68739
68798
68859
68915
68974
69035
69095
69155
69216
69272
69331
69392
69452
69511
69571
69629
69688
69748
69809
69868
69928
69983
70045
70104
70165
70224
70282
70339
70401
70461
70521
70581
70638
70696
70758
70817
70877
70938
70994
71053
71114
71174
71234
71295
71351
71410
71470
71531
71590
71650
71706
71767
71826
71883
71929
71973
72007
72039
72057
72100
72162
72207
72221
72230
72235
72236
72239
72252
72270
72293
72319
72349
72387
72431
72485
72545
72601
72631
72654
72675
72697
72718
72741
72761
72783
72805
72824
72846
72868
72889
72908
72929
72951
72973
72995
73016
73034
73057
73079
73100
73122
73144
73162
73184
73206
73228
73250
73271
73289
73311
73333
73355
73377
73398
73417
73439
73461
73483
73505
73525
73544
73566
73588
73610
73631
73650
73671
73693
73715
73737
73759
73777
73799
73821
73843
73865
73887
73908
73936
73961
73976
73986
73992
73994
73994
73994
73994
73994
73994
73994
73994
73994
73994
73994
73994
73994
73994
73994
73994
73994
73994
73994
73996
74012
74040
74070
74102
74127
74147
74178
74200
74210
74215
74222
74228
74233
74236
74239
74241
74241
74241
74241
74242
74244
74247
74253
74258
74262
74267
74270
74273
74274
74274
74274
74284
74322
74357
74386
74421
74461
74505
74553
74605
74661
74719
74777
74835
74893
74951
75009
75067
75125
75183
75241
75299
75357
75415
75473
75531
75589
75648
75706
75764
75822
75880
75938
75996
76054
76112
76170
76228
76286
76344
76402
76460
76518
76576
76634
76692
76750
76808
76866
76924
76982
77040
77098
77145
77205
77279
77355
77414
77474
77528
77575
77615
77674
77734
77791
77847
77889
77936
77976
78013
78044
78076
78109
78141
78173
78200
78232
78265
78297
78329
78360
78392
78423
78454
78485
78517
78547
78579
78610
78642
78673
78704
78735
78767
78797
78828
78860
78892
78924
78955
78986
79018
79050
79081
79113
79145
79177
79209
79240
79271
79303
79335
79348
79378
79415
79456
79504
79562
79622
79679
79740
79789
79821
79855
79895
79962
80025
80089
80157
80223
80289
80351
80407
80466
80526
80587
80647
80703
80763
80824
80884
80944
81004
81060
81119
81179
81240
81300
81361
81415
81470
81506
81539
81571
81605
81635
81668
81702
81738
81778
81816
81848
81885
81917
81947
81980
82013
82043
82075
82108
82141
82172
82205
82220
82224
82241
82272
82315
82376
82442
82504
82576
82634
82696
82780
82835
82887
82934
82975
83014
83047
83072
83090
83099
83103
83116
83148
83204
83266
83331
83410
83469
83520
83551
83568
83582
83590
83594
83600
83613
83638
83672
83705
83735
83765
83794
83821
83842
83859
83870
83882
83891
83899
83905
83910
83913
83915
83915
83915
83920
83941
83957
83966
83971
83974
83974
83978
83984
83990
83996
84006
84019
84030
84030
84030
84030
84030
84030
84030
84030
84030
84030
84030
84030
84030
84030
84030
84030
84030
84030
84030
84030
84030
84030
84030
84030
84030
84030
84030
84030
84030
84030
84030
84030
84030
84030
84030
84030
84030
84030
84030
84030
84033
84061
84093
84126
84157
84187
84219
84249
84279
84311
84334
84348
84357
84358
84376
84431
84499
84570
84632
84692
84757
84826
84899
84986
85045
85108
85167
85228
85288
85346
85403
85465
85525
85585
85645
85701
85760
85821
85881
85941
86002
86057
86117
86178
86238
86297
86358
86415
86474
86534
86595
86654
86714
86770
86831
86890
86951
87010
87068
87125
87187
87247
87307
87367
87424
87482
87544
87603
87663
87724
87780
87839
87901
87960
88020
88081
88137
88196
88256
88313
88359
88402
88438
88470
88502
88538
88570
88607
88634
88659
88681
88699
88713
88725
88732
88736
88737
88737
88742
88749
88761
88772
88785
88801
88821
88843
88876
88921
88951
88963
88975
88986
88998
89008
89020
89031
89043
89054
89065
89077
89088
89100
89111
89123
89133
89145
89157
89168
89180
89190
89201
89213
89224
89236
89247
89257
89269
89281
89293
89304
89316
89325
89337
89349
89360
89372
89383
89393
89407
89421
89428
89429
89429
89429
89429
89429
89431
89433
89435
89455
89481
89526
89578
89642
89713
89793
89858
89935
89979
90015
90048
90080
90111
90143
90175
90208
90241
90270
90297
90330
90362
90394
90425
90456
90488
90520
90551
90583
90613
90646
90677
90709
90736
90738
90761
90805
90861
90922
90983
91041
91099
91159
91217
91279
91326
91385
91445
91503
91561
91616
91668
91711
91753
91793
91827
91859
91888
91921
91954
91986
92016
92045
92072
92097
92118
92135
92149
92158
92163
92165
92165
92166
92171
92182
92194
92213
92239
92273
92317
92372
92425
92472
92508
92543
92575
92605
92639
92668
92703
92738
92769
92792
92805
92816
92822
92826
92826
92827
92836
92854
92876
92903
92912
92912
92912
92912
92912
92912
92912
92912
92912
92912
92912
92912
92912
92912
92912
92912
92912
92912
92912
92912
92912
92912
92912
92912
92912
92912
92912
92912
92912
92912
92912
92912
92912
92912
92912
92914
92920
92933
92947
92957
92962
92963
92963
92963
92963
92963
92963
92963
92965
92967
92967
92967
92967
92967
92967
92967
92967
92967
92967
92967
92967
92967
92967
92967
92967
92967
92967
92967
92967
92967
92969
92972
92973
92973
92973
92973
92973
92973
92973
92973
92973
92973
92973
92973
92973
92973
92973
92973
92973
92973
92973
92973
92973
92973
92973
92973
92973
92973
92973
92973
92973
92973
92973
92973
92973
92973
92973
92973
92973
92973
92973
92973
92973
92973
92973
92973
92973
92973
92973
92973
92973
92973
92973
92973
92973
92973
92973
92973
92973
92973
92973
92973
92973
92973
92973
92973
92973
92973
92973
92973
92973
92973
92973
92973
92979
93006
93040
93080
93132
93185
93246
93304
93363
93424
93482
93543
93603
93660
93729
93789
93850
93910
93969
94025
94083
94133
94176
94216
94249
94278
94314
94347
94379
94416
94449
94482
94513
94541
94573
94605
94638
94669
94700
94731
94762
94795
94826
94856
94888
94909
94940
94972
95003
95034
95066
95097
95128
95160
95192
95223
95254
95285
95317
95349
95381
95412
95444
95475
95507
95539
95571
95602
95634
95666
95698
95729
95761
95793
95825
95857
95889
95921
95953
95985
96017
96049
96080
96112
96144
96176
96208
96240
96271
96303
96335
96366
96398
96430
96462
96494
96526
96558
96590
96622
96654
96686
96718
96750
96782
96814
96846
96878
96910
96942
96974
97006
97038
97070
97107
97162
97234
97316
97375
97434
97492
97554
97633
97730
97802
97888
97996
98104
98184
98256
98313
98372
98434
98494
98553
98610
98669
98730
98790
98849
98910
98966
99025
99085
99146
99206
99267
99321
99382
99444
99503
99562
99622
99679
99739
99799
99859
99918
99979
100035
100096
100155
100215
100275
100333
100390
100452
100512
100571
100632
100689
100747
100809
100868
100928
100989
101045
101104
101165
101225
101285
101346
101402
101461
101521
101582
101641
101693
101743
101800
101877
101959
102023
102084
102141
102209
102269
102340
102427
102493
102555
102612
102671
102731
102790
102849
102911
102976
103035
103095
103156
103212
103271
103331
103392
103452
103511
103569
103628
103688
103749
103808
103868
103923
103985
104044
104098
104134
104174
104230
104275
104309
104361
104440
104500
104560
104617
104681
104749
104822
104887
104962
105022
105078
105139
105198
105264
105323
105381
105446
105508
105567
105626
105680
105742
105803
105862
105922
105981
106038
106098
106158
106219
106279
106339
106394
106445
106493
106532
106568
106598
106630
106665
106699
106736
106767
106797
106830
106863
106895
106927
106956
106983
107015
107048
107079
107111
107142
107174
107203
107221
107233
107240
107243
107243
107253
107272
107299
107347
107405
107462
107521
107581
107667
107744
107828
107916
108024
108092
108140
108183
108223
108267
108309
108353
108395
108440
108479
108520
108564
108607
108648
108685
108717
108756
108790
108825
108858
108894
108925
108958
108992
109029
109072
109114
109159
109187
109196
109197
109197
109197
109197
109197
109197
109197
109197
109197
109197
109197
109197
109197
109197
109215
109263
109315
109373
109437
109498
109559
109604
109637
109672
109715
109761
109820
109863
109904
109912
109912
109912
109912
109912
109912
109912
109912
109912
109916
109930
109966
110007
110033
110055
110076
110100
110122
110125
110125
110125
110125
110125
110125
110125
110125
110125
110135
110162
110191
110221
110256
110284
110317
110348
110374
110406
110433
110464
110493
110520
110551
110581
110609
110640
110671
110705
110741
110773
110808
110844
110878
110912
110946
110977
111012
111046
111079
111111
111138
111162
111185
111204
111221
111235
111245
111255
111261
111263
111263
111263
111263
111263
111263
111263
111267
111288
111316
111349
111396
111448
111512
111579
111635
111684
111717
111749
111782
111815
111847
111879
111912
111942
111969
112001
112034
112066
112097
112128
112160
112192
112223
112255
112285
112317
112348
112380
112412
112443
112475
112506
112537
112569
112600
112631
112663
112695
112726
112758
112789
112821
112853
112885
112916
112947
112979
113011
113043
113075
113106
113135
113166
113198
113233
113266
113294
113325
113355
113384
113419
113456
113496
113533
113574
113617
113655
113698
113707
113711
113746
113799
113862
113921
113993
114056
114119
114177
114243
114305
114370
114429
114486
114544
114605
114666
114726
114780
114842
114903
114962
115022
115081
115138
115198
115258
115318
115378
115439
115494
115555
115615
115675
115735
115793
115849
115905
115946
116004
116068
116116
116146
116178
116208
116238
116270
116307
116348
116401
116462
116517
116533
116537
116538
116538
116538
116538
116538
116549
116560
116578
116610
116650
116698
116756
116818
116883
116950
116981
117011
117046
117080
117112
117142
117171
117203
117235
117268
117299
117330
117362
117393
117425
117456
117486
117518
117548
117579
117611
117638
117660
117676
117689
117695
117697
117697
117701
117709
117721
117737
117760
117793
117848
117909
117981
118044
118118
118212
118315
118367
118430
118450
118451
118451
118469
118472
118472
118472
118472
118472
118472
118472
118472
118472
118472
118472
118472
118472
118472
118472
118476
118486
118487
118487
118487
118487
118487
118487
118487
118487
118487
118487
118487
118487
118488
118498
118506
118513
118519
118525
118531
118535
118539
118543
118544
118544
118544
118544
118544
118544
118544
118544
118544
118544
118544
118544
118544
118544
118544
118544
118544
118553
118567
118591
118617
118652
118687
118724
118767
118809
118852
118889
118922
118955
118988
119023
119055
119087
119117
119140
119146
119180
119230
119292
119350
119415
119448
119467
119481
119489
119496
119498
119498
119498
119498
119498
119498
119498
119498
119498
119498
119498
119498
119498
119498
119498
119498
119498
119498
119498
119498
119498
119498
119498
119498
119498
119498
119498
119498
119498
119498
119498
119498
119498
119498
119498
119498
119498
119498
119498
119498
119498
119498
119498
119498
119498
119498
119498
119498
119498
119498
119498
119498
119498
119498
119498
119498
119498
119498
119498
119498
119498
119498
119498
119498
119498
119498
119498
119498
119498
119498
119498
119498
119498
119498
119498
119498
119498
119498
119498
119498
119498
119498
119498
119498
119498
119498
119498
119498
119498
119498
119498
119498
119498
119498
119498
119498
119502
119516
119532
119550
119570
119592
119615
119643
119672
119701
119732
119764
119791
119822
119854
119884
119909
119930
119947
119960
119969
119974
119975
119975
119977
119984
119994
120000
