Time needed: 379.23 s
Distance travelled: 744.68 m
Total rotation: 12050.4°
Objects found after: 73.30 s, 205.73 s, 298.97 s

+++ following progress ticks +++
463
528
607
688
780
833
873
918
979
1035
1101
1146
1216
1278
1327
1395
1457
1509
1569
1639
1694
1766
1815
1870
1942
2002
2074
2144
2202
2252
2309
2388
2438
2505
2563
2612
2683
2739
2792
2865
2926
2985
3032
3090
3156
3210
3270
3339
3396
3465
3519
3577
3636
3698
3757
3809
3878
3936
4017
4052
4116
4181
4232
4299
4354
4420
4481
4530
4590
4653
4706
4779
4840
4914
4962
5017
5081
5126
5193
5209
5269
5346
5416
5485
5545
5612
5675
5735
5809
5911
6023
6083
6144
6194
6241
6280
6314
6346
6377
6412
6447
6479
6513
6545
6578
6609
6639
6668
6700
6732
6764
6796
6827
6858
6889
6921
6952
6984
7015
7046
7078
7109
7142
7172
7204
7236
7267
7298
7329
7361
7393
7425
7456
7487
7518
7550
7582
7614
7646
7678
7710
7742
7774
7806
7838
7870
7901
7932
7963
7995
8027
8058
8090
8122
8154
8186
8218
8250
8282
8314
8346
8367
8399
8431
8463
8495
8527
8559
8591
8623
8655
8687
8719
8751
8783
8815
8847
8879
8911
8943
8975
9007
9039
9071
9103
9135
9167
9199
9231
9263
9295
9327
9359
9391
9423
9455
9487
9519
9551
9583
9615
9647
9679
9711
9743
9775
9807
9839
9871
9903
9935
9967
9999
10031
10063
10095
10127
10159
10191
10223
10255
10287
10319
10351
10383
10415
10447
10479
10511
10543
10575
10607
10639
10671
10703
10735
10767
10799
10831
10863
10895
10927
10959
10991
11023
11055
11087
11119
11151
11183
11215
11247
11279
11311
11343
11375
11407
11439
11471
11503
11535
11567
11599
11631
11663
11695
11727
11759
11791
11823
11855
11887
11919
11951
11983
12015
12047
12079
12111
12143
12175
12207
12243
12291
12357
12437
12503
12563
12616
12680
12751
12796
12854
12910
12966
13026
13081
13134
13182
13225
13262
13299
13332
13363
13392
13425
13457
13489
13522
13553
13583
13614
13646
13675
13704
13736
13767
13799
13830
13862
13894
13925
13956
13988
14019
14051
14082
14114
14145
14177
14209
14240
14272
14304
14335
14366
14398
14430
14462
14494
14526
14557
14589
14621
14653
14685
14717
14749
14780
14812
14843
14875
14907
14939
14971
15003
15035
15067
15099
15131
15163
15195
15227
15259
15291
15323
15355
15387
15419
15451
15483
15515
15547
15579
15611
15643
15675
15707
15738
15770
15802
15834
15866
15898
15930
15962
15994
16026
16058
16090
16122
16154
16186
16218
16250
16282
16314
16346
16378
16410
16453
16485
16517
16549
16581
16613
16645
16677
16709
16741
16773
16805
16837
16869
16901
16933
16965
16997
17029
17061
17093
17125
17157
17189
17221
17259
17312
17386
17467
17526
17585
17642
17705
17784
17881
17952
18040
18148
18255
18335
18407
18464
18523
18585
18644
18704
18759
18820
18881
18941
19000
19061
19117
19176
19236
19297
19357
19418
19472
19533
19595
19654
19713
19773
19830
19890
19949
20010
20069
20130
20186
20247
20306
20366
20426
20484
20541
20603
20663
20722
20783
20840
20898
20960
21019
21079
21140
21196
21255
21316
21376
21436
21496
21553
21612
21672
21733
21792
21852
21907
21969
22028
22089
22148
22207
22263
22325
22385
22445
22505
22563
22620
22682
22742
22801
22862
22918
22977
23039
23098
23158
23219
23275
23334
23394
23455
23514
23574
23631
23691
23751
23812
23871
23931
23986
24048
24107
24168
24227
24285
24342
24404
24464
24524
24584
24641
24699
24761
24820
24880
24941
24997
25056
25117
25177
25237
25298
25354
25413
25473
25534
25593
25653
25709
25770
25829
25890
25949
26010
26064
26126
26186
26247
26306
26364
26421
26483
26543
26602
26663
26719
26778
26840
26899
26959
27020
27076
27135
27195
27256
27316
27375
27433
27492
27552
27613
27672
27732
27787
27839
27884
27925
27961
27990
28024
28059
28093
28129
28158
28191
28224
28257
28288
28318
28348
28377
28409
28441
28473
28504
28536
28567
28600
28631
28662
28693
28725
28755
28787
28819
28851
28881
28913
28945
28977
29007
29039
29070
29102
29134
29166
29198
29229
29260
29292
29324
29356
29388
29419
29451
29483
29515
29547
29579
29608
29653
29693
29732
29788
29872
29933
29992
30043
30107
30176
30219
30275
30333
30392
30449
30508
30563
30608
30649
30683
30714
30744
30781
30810
30839
30871
30899
30942
31007
31089
31147
31207
31269
31327
31372
31427
31489
31546
31605
31668
31728
31786
31843
31907
31968
32029
32088
32149
32205
32266
32325
32385
32445
32503
32560
32622
32682
32741
32802
32859
32917
32979
33038
33098
33159
33215
33274
33335
33395
33455
33515
33572
33631
33691
33752
33811
33871
33927
33988
34047
34108
34167
34226
34282
34344
34404
34464
34524
34581
34639
34701
34760
34820
34881
34937
34996
35058
35117
35177
35238
35294
35353
35413
35474
35533
35593
35649
35710
35770
35831
35890
35950
36004
36066
36126
36187
36246
36304
36361
36423
36483
36543
36603
36660
36718
36780
36839
36899
36960
37016
37075
37136
37196
37256
37317
37373
37432
37492
37553
37612
37672
37727
37789
37848
37909
37968
38028
38083
38145
38205
38265
38325
38383
38440
38502
38562
38621
38682
38738
38797
38859
38918
38978
39039
39095
39154
39214
39275
39335
39394
39451
39511
39571
39632
39691
39751
39806
39868
39927
39988
40047
40105
40162
40224
40284
40344
40404
40461
40514
40561
40604
40640
40674
40706
40738
40774
40804
40841
40873
40902
40935
40967
40999
41032
41063
41093
41125
41156
41186
41215
41245
41276
41308
41339
41371
41403
41434
41465
41497
41528
41560
41591
41623
41655
41686
41718
41750
41781
41802
41814
41821
41824
41824
41833
41850
41878
41928
41988
42046
42101
42149
42180
42210
42240
42271
42309
42347
42384
42421
42452
42487
42518
42564
42626
42686
42747
42806
42865
42924
43002
43037
43051
43055
43083
43111
43139
43166
43193
43219
43245
43269
43297
43324
43352
43379
43407
43442
43478
43514
43544
43582
43612
43644
43677
43707
43737
43766
43799
43824
43855
43886
43915
43945
43979
44013
44050
44085
44130
44176
44218
44263
44305
44344
44390
44431
44474
44516
44558
44600
44642
44686
44728
44773
44812
44853
44898
44940
44984
45026
45065
45110
45152
45196
45237
45282
45322
45363
45407
45450
45494
45535
45574
45620
45661
45705
45746
45789
45830
45872
45916
45959
46003
46043
46083
46129
46171
46214
46256
46296
46340
46382
46426
46468
46513
46552
46593
46637
46680
46724
46765
46805
46850
46892
46936
46977
47021
47061
47103
47146
47189
47233
47273
47313
47359
47401
47444
47486
47527
47570
47612
47656
47698
47743
47782
47823
47868
47910
47954
47996
48036
48080
48122
48166
48207
48251
48292
48333
48376
48419
48463
48505
48543
48589
48631
48675
48716
48758
48800
48842
48886
48928
48973
49012
49053
49099
49140
49184
49226
49266
49310
49352
49393
49431
49469
49504
49538
49575
49610
49644
49677
49707
49744
49778
49817
49859
49905
49952
50005
50061
50118
50168
50209
50250
50283
50305
50321
50329
50330
50330
50336
50345
50357
50374
50402
50442
50498
50559
50619
50700
50731
50761
50793
50826
50858
50889
50920
50950
50980
51009
51041
51073
51103
51134
51177
51214
51245
51280
51310
51378
51439
51499
51557
51618
51673
51717
51739
51778
51835
51889
51943
52000
52050
52105
52162
52221
52279
52335
52399
52463
52523
52583
52644
52700
52759
52819
52880
52939
52999
53054
53116
53175
53236
53295
53356
53410
53472
53532
53592
53652
53710
53767
53829
53889
53948
54009
54065
54124
54186
54245
54305
54366
54422
54481
54541
54602
54662
54721
54779
54838
54898
54959
55018
55078
55133
55195
55254
55315
55374
55433
55489
55551
55611
55671
55731
55788
55846
55908
55967
56027
56088
56144
56203
56265
56324
56384
56445
56501
56560
56620
56681
56740
56800
56856
56917
56977
57037
57096
57157
57211
57273
57333
57394
57453
57511
57568
57630
57690
57749
57810
57867
57925
57987
58046
58106
58167
58223
58282
58343
58403
58463
58523
58580
58639
58699
58760
58819
58879
58934
58996
59055
59116
59175
59234
59290
59352
59412
59472
59532
59589
59647
59709
59769
59828
59875
59909
59942
59972
59980
60010
60035
60054
60074
60095
60114
60133
60155
60180
60212
60237
60265
60287
60307
60311
60316
60319
60324
60328
60333
60337
60341
60346
60349
60354
60358
60363
60367
60371
60375
60379
60384
60388
60393
60397
60400
60405
60409
60414
60418
60421
60426
60430
60435
60439
60444
60447
60451
60456
60460
60465
60469
60472
60477
60481
60486
60490
60495
60498
60502
60507
60511
60516
60520
60523
60528
60532
60537
60541
60546
60549
60553
60558
60562
60567
60570
60574
60579
60583
60588
60592
60595
60600
60604
60609
60613
60618
60621
60625
60630
60634
60639
60643
60646
60651
60655
60660
60664
60669
60672
60676
60681
60685
60690
60693
60697
60702
60706
60711
60715
60718
60723
60727
60732
60734
60735
60735
60735
60735
60735
60735
60735
60735
60735
60735
60735
60735
60735
60735
60735
60735
60737
60745
60757
60772
60793
60815
60842
60861
60874
60883
60888
60889
60889
60889
60889
60889
60889
60889
60889
60889
60889
60889
60901
60926
60955
60988
61024
61062
61097
61110
61112
61133
61181
61233
61293
61364
61435
61493
61521
61553
61584
61615
61650
61682
61709
61737
61772
61800
61830
61863
61892
61922
61956
61990
62025
62062
62102
62141
62183
62227
62281
62326
62383
62444
62503
62563
62621
62680
62740
62799
62859
62920
62980
63035
63096
63158
63216
63276
63335
63392
63452
63512
63573
63632
63692
63748
63809
63868
63929
63989
64046
64104
64166
64226
64285
64346
64402
64461
64522
64582
64642
64703
64758
64818
64878
64939
64998
65058
65114
65175
65235
65295
65354
65415
65469
65531
65591
65652
65711
65769
65826
65888
65948
66007
66068
66125
66183
66245
66304
66364
66425
66481
66540
66601
66661
66721
66781
66838
66897
66957
67018
67077
67137
67192
67254
67313
67374
67433
67492
67548
67610
67670
67730
67790
67847
67902
67954
67997
68036
68069
68099
68128
68154
68176
68192
68207
68217
68224
68228
68229
68230
68231
68233
68234
68235
68237
68238
68240
68242
68245
68249
68257
68260
68261
68263
68264
68266
68267
68269
68270
68271
68273
68274
68276
68277
68279
68280
68281
68283
68284
68286
68287
68288
68290
68291
68293
68294
68296
68297
68298
68300
68301
68303
68304
68305
68307
68308
68310
68311
68312
68314
68315
68317
68318
68320
68321
68322
68324
68325
68327
68328
68329
68331
68332
68334
68335
68337
68338
68339
68341
68342
68344
68345
68346
68348
68349
68351
68352
68353
68355
68356
68358
68359
68361
68362
68363
68365
68369
68376
68384
68393
68405
68418
68433
68447
68462
68475
68489
68504
68519
68533
68546
68555
68565
68573
68581
68588
68593
68598
68603
68607
68609
68610
68610
68610
68610
68610
68610
68610
68610
68610
68610
68610
68610
68610
68610
68612
68619
68633
68652
68674
68703
68741
68782
68828
68877
68929
68984
69041
69099
69158
69217
69275
69333
69391
69450
69508
69566
69625
69683
69725
69780
69851
69926
69983
70010
70020
70022
70058
70092
70122
70148
70176
70199
70222
70239
70254
70268
70278
70285
70289
70292
70294
70294
70294
70294
70294
70294
70294
70295
70302
70311
70324
70338
70352
70360
70363
70364
70364
70364
70364
70364
70364
70364
70364
70364
70364
70364
70364
70364
70366
70372
70379
70388
70400
70412
70426
70433
70433
70433
70433
70433
70433
70433
70433
70433
70433
70433
70433
70433
70433
70433
70433
70433
70433
70433
70433
70433
70433
70433
70433
70433
70433
70433
70433
70433
70433
70433
70433
70433
70433
70433
70433
70433
70433
70433
70433
70433
70433
70433
70433
70433
70433
70433
70433
70433
70433
70433
70433
70433
70433
70433
70433
70433
70433
70433
70433
70433
70436
70443
70454
70468
70485
70506
70529
70555
70583
70610
70637
70665
70693
70721
70749
70776
70804
70832
70860
70888
70916
70944
70972
71000
71028
71056
71084
71112
71140
71168
71195
71223
71251
71278
71306
71334
71362
71390
71418
71446
71474
71502
71530
71558
71586
71614
71642
71670
71698
71726
71754
71782
71810
71838
71866
71894
71922
71950
71978
72006
72034
72062
72090
72118
72146
72174
72202
72230
72258
72286
72314
72342
72370
72398
72426
72454
72482
72510
72538
72566
72594
72622
72650
72678
72706
72734
72762
72790
72818
72846
72874
72902
72930
72958
72986
73014
73042
73070
73098
73126
73154
73182
73210
73238
73266
73294
73316
73338
73388
73453
73531
73592
73652
73708
73765
73846
73925
74015
74113
74203
74313
74370
74432
74489
74555
74614
74674
74735
74795
74850
74911
74972
75032
75091
75150
75207
75267
75327
75387
75447
75507
75563
75624
75683
75744
75804
75861
75919
75981
76041
76100
76161
76217
76276
76337
76397
76457
76518
76573
76633
76693
76754
76813
76873
76929
76990
77049
77110
77159
77205
77267
77345
77425
77487
77547
77608
77673
77732
77797
77867
77928
77990
78052
78114
78175
78230
78290
78352
78411
78471
78527
78586
78647
78707
78767
78827
78885
78942
79002
79063
79123
79184
79238
79299
79351
79397
79436
79473
79502
79535
79571
79602
79638
79671
79702
79734
79762
79786
79804
79821
79834
79844
79849
79852
79852
79852
79856
79864
79875
79892
79916
79947
79993
80050
80108
80151
80174
80194
80215
80235
80255
80274
80295
80315
80333
80354
80374
80395
80414
80437
80455
80467
80473
80475
80476
80476
80476
80476
80476
80476
80476
80476
80476
80476
80476
80476
80476
80476
80476
80476
80476
80478
80483
80498
80526
80561
80594
80629
80666
80702
80739
80772
80805
80844
80878
80915
80950
80983
81019
81054
81091
81126
81164
81196
81230
81268
81303
81340
81375
81405
81444
81479
81516
81550
81587
81620
81655
81691
81727
81764
81798
81830
81869
81904
81940
81975
82009
82044
82079
82116
82151
82189
82221
82255
82294
82328
82365
82400
82432
82469
82504
82541
82575
82612
82646
82680
82717
82753
82790
82824
82855
82894
82929
82966
83000
83034
83069
83104
83141
83177
83214
83242
83267
83287
83302
83314
83324
83332
83338
83343
83345
83347
83347
83347
83347
83347
83347
83347
83348
83351
83360
83377
83416
83475
83540
83608
83674
83705
83737
83768
83800
83832
83863
83895
83925
83958
83989
84020
84052
84083
84114
84146
84177
84209
84240
84271
84303
84335
84366
84398
84429
84461
84493
84525
84556
84588
84620
84651
84683
84715
84747
84779
84811
84843
84875
84907
84939
84971
85002
85034
85066
85098
85130
85162
85193
85224
85256
85288
85320
85352
85384
85416
85448
85480
85512
85544
85576
85608
85640
85672
85704
85736
85768
85800
85830
85863
85897
85929
85958
85986
86018
86041
86046
86074
86132
86195
86253
86309
86369
86442
86532
86607
86702
86795
86903
86961
87020
87078
87143
87202
87262
87324
87384
87439
87500
87561
87621
87680
87739
87796
87856
87916
87976
88036
88096
88153
88213
88272
88333
88393
88450
88508
88570
88630
88689
88750
88806
88865
88919
88959
89016
89091
89175
89239
89300
89360
89426
89486
89553
89628
89685
89738
89773
89816
89895
89969
90034
90076
90112
90143
90171
90205
90238
90268
90298
90330
90360
90391
90422
90466
90520
90549
90573
90592
90602
90608
90613
90619
90622
90625
90627
90628
90628
90628
90628
90628
90628
90649
90697
90756
90816
90875
90933
90992
91052
91109
91161
91204
91239
91277
91309
91342
91375
91409
91445
91476
91509
91538
91570
91603
91636
91667
91698
91729
91759
91790
91818
91849
91880
91912
91943
91975
92007
92038
92069
92101
92127
92149
92167
92182
92193
92202
92207
92209
92209
92209
92209
92210
92214
92222
92236
92254
92293
92348
92410
92477
92549
92643
92739
92822
92881
92938
92997
93057
93116
93173
93228
93278
93318
93353
93373
93388
93404
93414
93420
93425
93427
93427
93427
93427
93427
93427
93427
93427
93427
93427
93427
93427
93427
93429
93439
93455
93471
93486
93500
93513
93525
93535
93543
93550
93554
93556
93556
93556
93556
93556
93556
93556
93556
93556
93556
93556
93556
93561
93569
93581
93600
93623
93653
93662
93662
93662
93662
93662
93662
93662
93662
93662
93662
93662
93662
93662
93666
93686
93704
93726
93748
93777
93807
93838
93870
93903
93937
93969
94001
94027
94059
94092
94125
94156
94187
94219
94250
94281
94313
94344
94375
94407
94437
94469
94500
94531
94563
94594
94624
94657
94688
94720
94752
94784
94813
94841
94863
94880
94893
94900
94903
94904
94904
94906
94912
94921
94935
94958
94990
95035
95086
95148
95193
95264
95354
95433
95485
95541
95601
95662
95687
95701
95710
95715
95716
95716
95716
95716
95716
95716
95719
95726
95735
95735
95735
95735
95735
95735
95735
95740
95751
95772
95797
95816
95831
95841
95848
95852
95852
95852
95852
95852
95852
95852
95852
95852
95852
95852
95852
95852
95852
95852
95852
95852
95852
95855
95861
95866
95867
95867
95867
95867
95867
95867
95867
95867
95867
95867
95867
95867
95867
95867
95867
95874
95890
95912
95940
95976
96001
96024
96044
96062
96079
96095
96111
96128
96143
96158
96174
96188
96203
96217
96233
96247
96262
96275
96289
96304
96318
96333
96346
96360
96375
96389
96404
96418
96431
96446
96461
96479
96490
96491
96491
96491
96491
96491
96491
96491
96491
96491
96491
96491
96491
96491
96491
96491
96491
96491
96491
96491
96491
96491
96491
96491
96491
96491
96491
96491
96491
96491
96491
96491
96491
96491
96491
96491
96491
96491
96491
96491
96491
96491
96491
96491
96491
96491
96493
96507
96529
96552
96581
96612
96645
96675
96702
96736
96768
96800
96831
96862
96894
96925
96957
96988
97019
97050
97082
97112
97144
97175
97207
97239
97270
97300
97332
97363
97395
97427
97459
97490
97521
97552
97584
97616
97648
97681
97713
97745
97777
97806
97838
97870
97902
97933
97965
97997
98029
98061
98093
98125
98157
98189
98221
98253
98285
98317
98349
98381
98413
98445
98477
98509
98541
98573
98605
98637
98669
98701
98733
98765
98797
98829
98861
98893
98925
98957
98989
99021
99053
99085
99117
99149
99181
99213
99245
99277
99309
99341
99373
99405
99437
99469
99501
99533
99565
99597
99629
99661
99693
99725
99757
99789
99821
99853
99885
99917
99949
99981
100012
100054
100114
100188
100262
100319
100378
100433
100502
100582
100676
100746
100849
100959
101065
101141
101195
101257
101318
101377
101437
101496
101553
101613
101673
101734
101794
101854
101909
101970
102030
102090
102150
102209
102265
102326
102386
102447
102506
102565
102621
102683
102742
102803
102863
102920
102978
103040
103100
103159
103220
103276
103335
103396
103456
103516
103577
103633
103692
103752
103813
103872
103932
103987
104049
104108
104157
104207
104266
104297
104312
104323
104337
104351
104374
104413
104471
104533
104612
104645
104677
104716
104770
104831
104888
104943
105005
105065
105122
105180
105240
105297
105356
105413
105472
105528
105587
105646
105701
105758
105817
105876
105936
105997
106053
106112
106172
106233
106293
106352
106408
106469
106529
106586
106634
106681
106719
106755
106787
106822
106854
106888
106920
106955
106984
106994
106998
106998
107019
107055
107103
107162
107221
107286
107344
107413
107464
107502
107536
107568
107601
107632
107667
107701
107732
107762
107794
107827
107859
107890
107921
107953
107984
108015
108045
108072
108104
108135
108167
108198
108230
108262
108292
108324
108356
108387
108418
108450
108482
108514
108545
108577
108608
108640
108672
108704
108736
108767
108799
108830
108862
108892
108910
108920
108925
108927
108928
108940
108961
108994
109050
109109
109165
109228
109314
109404
109475
109563
109674
109783
109863
109924
110011
110071
110135
110195
110250
110311
110372
110432
110491
110550
110607
110667
110727
110779
110823
110878
110914
110958
111045
111108
111169
111218
111257
111285
111308
111323
111329
111333
111335
111337
111339
111340
111340
111340
111340
111340
111340
111342
111350
111364
111424
111475
111507
111528
111544
111554
111560
111560
111560
111560
111560
111560
111560
111560
111572
111590
111603
111617
111621
111621
111621
111621
111621
111621
111621
111621
111621
111621
111621
111621
111621
111621
111621
111621
111623
111623
111623
111623
111623
111623
111623
111623
111623
111624
111624
111624
111624
111624
111624
111624
111624
111624
111624
111624
111624
111624
111624
111624
111624
111624
111624
111624
111624
111624
111624
111624
111624
111624
111624
111624
111624
111624
111624
111624
111624
111624
111624
111624
111624
111624
111624
111624
111624
111624
111624
111624
111624
111624
111624
111624
111624
111624
111624
111624
111624
111624
111626
111635
111653
111675
111706
111741
111777
111805
111827
111847
111866
111884
111902
111918
111933
111949
111965
111981
111995
112009
112024
112038
112053
112067
112081
112096
112110
112125
112139
112154
112167
112181
112196
112210
112225
112237
112251
112266
112280
112295
112309
112322
112337
112351
112366
112380
112395
112407
112421
112436
112450
112465
112479
112492
112507
112520
112535
112549
112564
112577
112591
112606
112620
112635
112647
112661
112676
112690
112705
112719
112732
112747
112761
112776
112790
112805
112817
112831
112846
112860
112875
112889
112902
112917
112931
112946
112960
112974
112987
113001
113016
113028
113033
113033
113033
113033
113033
113033
113033
113033
113033
113033
113033
113033
113033
113033
113033
113033
113033
113033
113033
113033
113033
113033
113033
113033
113033
113033
113033
113033
113033
113033
113033
113033
113033
113033
113033
113033
113033
113033
113033
113033
113033
113033
113033
113033
113033
113033
113033
113045
113068
113108
113149
113187
113227
113263
113300
113335
113368
113404
113436
113466
113497
113530
113562
113595
113626
113657
113689
113718
113749
113776
113808
113839
113871
113902
113934
113966
113997
114028
114060
114091
114123
114154
114186
114218
114249
114281
114313
114344
114376
114408
114439
114471
114502
114534
114566
114598
114630
114662
114693
114725
114757
114789
114821
114853
114885
114917
114949
114981
115011
115043
115075
115107
115139
115172
115204
115229
115247
115260
115270
115279
115287
115293
115298
115302
115304
115305
115305
115305
115305
115305
115305
115305
115330
115365
115402
115439
115473
115502
115532
115567
115606
115629
115662
115727
115782
115818
115850
115887
115916
115952
115982
116013
116039
116061
116093
116096
116097
116101
116110
116115
116120
116121
116121
116121
116121
116121
116121
116121
116121
116121
116121
116121
116121
116121
116121
116121
116121
116121
116121
116123
116129
116129
116129
116129
116129
116129
116129
116133
116149
116180
116210
116244
116274
116303
116331
116364
116399
116433
116464
116497
116531
116567
116603
116644
116682
116730
116773
116818
116862
116908
116949
116992
117039
117082
117127
117167
117210
117256
117300
117345
117388
117431
117474
117518
117554
117585
117610
117627
117644
117656
117665
117669
117670
117670
117670
117670
117670
117671
117675
117682
117696
117720
117763
117822
117884
117957
117989
118017
118046
118074
118101
118128
118155
118182
118210
118235
118260
118287
118315
118342
118370
118398
118424
118452
118480
118508
118535
118562
118590
118618
118645
118673
118701
118725
118744
118757
118766
118770
118771
118779
118790
118805
118826
118856
118901
118961
119030
119101
119172
119249
119348
119454
119519
119610
119671
119730
119783
119818
119857
119878
119887
119887
119887
119887
119887
119887
119896
119918
119949
119966
119973
119978
119980
119981
119983
119983
119983
119983
119983
119983
119983
119983
119983
119983
119983
119983
119983
119983
119983
119983
119983
119983
119983
119983
119983
119983
119983
119983
119983
119983
119983
119983
119983
119984
119984
119984
119984
119984
119984
119984
119984
119984
119984
119984
119984
119984
119984
119984
119984
119984
119984
119984
119984
119984
119984
119984
119984
119984
119984
119984
119984
119984
119984
119984
119984
119984
119984
119984
119984
119984
119984
119984
119984
119984
119984
119984
119984
119984
119984
119984
119984
119984
119984
119984
119984
119984
119984
119984
119984
119984
119984
119984
119984
119984
119984
119984
119984
119984
119984
119984
119984
119984
119984
119984
119984
119984
119984
119984
119984
119984
119984
119984
119984
119984
119984
119984
119984
119984
119984
119984
119984
119984
119984
119984
119984
119984
119984
119984
119984
119984
119984
119984
119984
119984
119984
119984
119984
119984
119984
119984
119984
119984
119984
119984
119984
119984
119984
119984
119984
119984
119984
119984
119984
119984
119984
119984
119984
119984
119984
119984
119984
119984
119984
119984
119984
119984
119984
119984
119984
119984
119984
119984
119984
119984
119984
119984
119984
119984
119984
119984
119984
119984
119984
119984
119984
119984
119984
119984
119984
119984
119984
119984
119984
119984
119985
119992
119998
