Time needed: 347.80 s
Distance travelled: 679.44 m
Total rotation: 11192.6°
Objects found after: 187.53 s, 207.30 s, 251.13 s

+++ following progress ticks +++
463
504
579
636
695
753
799
867
943
1023
1090
1149
1206
1258
1316
1371
1442
1492
1547
1616
1677
1720
1812
1861
1909
1968
2056
2114
2180
2237
2311
2364
2424
2476
2530
2605
2656
2708
2777
2833
2901
2961
3014
3075
3144
3205
3254
3324
3389
3435
3510
3555
3632
3690
3733
3810
3869
3919
3973
4057
4112
4160
4219
4275
4339
4393
4471
4515
4593
4645
4698
4754
4825
4862
4911
4973
5030
5061
5093
5124
5156
5189
5220
5250
5286
5317
5349
5380
5412
5445
5476
5512
5548
5588
5626
5666
5705
5745
5787
5829
5871
5914
5956
6005
6051
6099
6144
6193
6237
6287
6338
6390
6443
6495
6549
6609
6663
6717
6775
6829
6887
6944
7004
7064
7125
7181
7240
7300
7361
7420
7480
7537
7597
7657
7717
7776
7837
7891
7953
8013
8074
8133
8191
8248
8310
8370
8429
8490
8547
8605
8667
8726
8786
8847
8903
8962
9023
9083
9143
9203
9260
9298
9360
9419
9479
9540
9596
9655
9716
9776
9836
9896
9953
10012
10072
10133
10192
10252
10307
10369
10428
10489
10548
10607
10663
10725
10785
10845
10905
10962
11020
11082
11142
11201
11262
11318
11377
11439
11498
11558
11619
11675
11734
11794
11855
11914
11974
12030
12091
12151
12211
12271
12331
12385
12447
12507
12568
12627
12685
12742
12804
12864
12924
12984
13041
13099
13161
13220
13280
13341
13397
13456
13517
13577
13637
13698
13754
13813
13873
13934
13993
14053
14108
14170
14229
14290
14349
14409
14464
14526
14586
14646
14706
14764
14821
14883
14943
15002
15063
15119
15178
15240
15299
15359
15420
15476
15535
15595
15656
15716
15775
15832
15892
15947
15995
16038
16074
16103
16137
16170
16206
16241
16274
16306
16336
16369
16402
16434
16465
16495
16526
16553
16585
16617
16649
16680
16719
16778
16840
16898
16960
17021
17078
17129
17193
17212
17249
17303
17354
17417
17477
17528
17575
17620
17659
17692
17724
17756
17788
17822
17854
17887
17917
17945
17977
18009
18041
18072
18104
18136
18167
18198
18230
18260
18293
18324
18355
18386
18418
18449
18480
18513
18545
18575
18606
18638
18670
18702
18734
18764
18796
18827
18859
18891
18923
18955
18987
19019
19051
19083
19114
19146
19177
19208
19240
19272
19303
19335
19367
19399
19431
19463
19495
19527
19559
19591
19623
19655
19687
19719
19751
19783
19815
19847
19879
19911
19943
19975
20007
20039
20071
20103
20135
20167
20199
20231
20263
20295
20327
20359
20399
20431
20463
20495
20527
20559
20591
20623
20655
20687
20719
20751
20783
20815
20847
20879
20911
20943
20975
21007
21039
21071
21103
21135
21167
21199
21231
21263
21295
21327
21359
21391
21423
21455
21487
21519
21551
21583
21615
21647
21681
21726
21786
21861
21936
21996
22056
22112
22174
22230
22290
22348
22405
22467
22520
22569
22618
22666
22705
22742
22773
22805
22839
22870
22901
22930
22962
22995
23027
23058
23090
23121
23152
23183
23215
23245
23276
23307
23338
23370
23400
23432
23463
23493
23525
23556
23586
23618
23649
23680
23712
23744
23776
23808
23840
23871
23903
23934
23966
23998
24029
24061
24093
24125
24157
24189
24221
24253
24285
24317
24349
24381
24413
24445
24477
24509
24541
24573
24605
24637
24669
24700
24732
24764
24796
24828
24860
24892
24924
24956
24988
25020
25052
25083
25115
25147
25179
25211
25243
25275
25307
25339
25371
25403
25435
25467
25499
25531
25563
25595
25627
25659
25691
25723
25755
25787
25819
25851
25883
25915
25947
25979
26011
26043
26075
26107
26139
26171
26203
26235
26267
26299
26331
26363
26395
26427
26459
26491
26523
26555
26587
26619
26651
26683
26715
26747
26779
26801
26817
26828
26834
26835
26836
26844
26856
26872
26897
26931
26983
27044
27113
27178
27254
27345
27447
27535
27611
27669
27728
27788
27848
27909
27970
28025
28086
28145
28206
28266
28323
28381
28442
28502
28562
28622
28679
28737
28798
28858
28918
28979
29034
29094
29156
29215
29274
29335
29392
29451
29511
29572
29632
29691
29747
29808
29868
29928
29987
30047
30102
30164
30224
30285
30344
30402
30459
30521
30581
30640
30701
30758
30816
30878
30937
30997
31058
31114
31173
31234
31294
31354
31414
31471
31530
31590
31651
31710
31770
31825
31887
31946
32007
32066
32125
32181
32243
32303
32363
32423
32480
32538
32600
32660
32719
32780
32836
32895
32957
33016
33076
33137
33193
33252
33312
33373
33432
33492
33548
33609
33669
33729
33789
33849
33903
33965
34025
34086
34145
34203
34260
34322
34382
34442
34502
34559
34617
34679
34738
34798
34859
34915
34974
35035
35095
35155
35215
35272
35331
35391
35452
35511
35571
35626
35688
35747
35808
35867
35927
35982
36044
36104
36164
36224
36282
36339
36401
36461
36520
36581
36637
36696
36758
36817
36877
36938
36994
37053
37113
37174
37234
37281
37306
37331
37350
37369
37384
37397
37407
37409
37411
37416
37422
37427
37433
37438
37445
37451
37459
37471
37487
37513
37531
37536
37542
37547
37553
37559
37565
37571
37576
37582
37587
37593
37599
37605
37611
37616
37621
37627
37633
37639
37645
37651
37655
37661
37667
37673
37679
37685
37689
37695
37701
37707
37713
37719
37723
37729
37735
37741
37747
37752
37757
37763
37769
37775
37781
37786
37791
37797
37803
37809
37815
37819
37825
37831
37837
37843
37849
37853
37859
37865
37871
37877
37883
37887
37893
37899
37905
37911
37917
37921
37927
37933
37939
37945
37950
37955
37961
37967
37973
37979
37983
37989
37995
38001
38007
38013
38017
38023
38029
38035
38041
38047
38051
38057
38063
38069
38075
38081
38085
38091
38097
38103
38109
38115
38119
38125
38131
38137
38143
38147
38153
38159
38165
38171
38177
38181
38187
38193
38199
38205
38211
38215
38221
38227
38233
38239
38245
38249
38255
38261
38267
38273
38279
38283
38289
38295
38301
38307
38312
38317
38321
38322
38322
38322
38322
38322
38323
38332
38353
38370
38399
38440
38490
38546
38612
38682
38746
38806
38841
38871
38908
38936
38969
39002
39035
39065
39095
39123
39155
39187
39219
39251
39282
39314
39345
39377
39409
39440
39471
39503
39533
39565
39597
39628
39659
39691
39723
39755
39785
39816
39848
39880
39912
39944
39976
40007
40038
40070
40102
40134
40165
40197
40229
40261
40293
40325
40357
40389
40421
40453
40485
40517
40548
40580
40612
40644
40676
40708
40740
40772
40803
40835
40867
40899
40931
40963
40995
41027
41059
41091
41123
41155
41186
41218
41250
41282
41314
41346
41378
41410
41442
41474
41505
41535
41569
41599
41635
41665
41695
41725
41759
41793
41826
41862
41893
41934
41976
42024
42076
42134
42196
42254
42313
42380
42439
42495
42542
42583
42620
42653
42685
42722
42754
42791
42823
42852
42886
42918
42951
42981
43012
43039
43071
43103
43135
43167
43198
43230
43262
43293
43325
43356
43387
43419
43449
43481
43513
43545
43575
43607
43639
43671
43701
43733
43764
43796
43828
43860
43892
43923
43955
43986
44018
44050
44082
44114
44145
44177
44209
44241
44273
44305
44337
44369
44401
44433
44465
44497
44529
44561
44593
44625
44657
44691
44725
44759
44793
44827
44861
44895
44929
44963
44997
45031
45065
45099
45133
45167
45201
45235
45269
45303
45337
45371
45405
45439
45473
45507
45539
45564
45582
45591
45596
45598
45600
45607
45618
45634
45656
45691
45745
45810
45872
45945
46028
46113
46197
46245
46299
46349
46413
46472
46530
46589
46647
46703
46762
46819
46879
46938
46996
47050
47109
47170
47227
47285
47343
47398
47458
47515
47575
47633
47692
47747
47806
47864
47922
47981
48037
48093
48154
48212
48270
48329
48385
48442
48502
48560
48618
48678
48733
48790
48851
48908
48967
49025
49081
49139
49197
49257
49314
49373
49428
49487
49545
49604
49662
49719
49774
49835
49893
49952
50010
50067
50123
50183
50242
50299
50359
50414
50471
50532
50589
50648
50707
50762
50820
50878
50938
50996
51054
51110
51168
51227
51286
51344
51402
51456
51517
51574
51634
51691
51748
51804
51864
51923
51981
52040
52095
52152
52213
52270
52329
52388
52443
52501
52560
52619
52677
52737
52792
52849
52908
52963
53008
53049
53084
53115
53139
53157
53172
53184
53191
53195
53195
53195
53195
53195
53195
53195
53195
53196
53199
53208
53225
53266
53323
53383
53463
53496
53525
53552
53579
53606
53633
53662
53689
53716
53743
53770
53797
53825
53852
53879
53907
53934
53960
53988
54015
54043
54071
54099
54125
54152
54180
54208
54236
54264
54292
54319
54347
54373
54401
54429
54457
54485
54512
54540
54568
54596
54624
54652
54680
54708
54736
54764
54792
54820
54848
54876
54904
54932
54959
54990
55020
55049
55079
55111
55141
55172
55208
55238
55265
55296
55327
55359
55391
55424
55467
55501
55530
55571
55604
55639
55674
55709
55738
55771
55808
55841
55877
55908
55939
55972
56005
56037
56066
56097
56125
56157
56189
56221
56252
56284
56315
56348
56379
56411
56441
56473
56505
56535
56567
56599
56629
56661
56693
56725
56757
56787
56818
56850
56882
56914
56946
56978
57009
57041
57072
57104
57136
57168
57199
57231
57263
57295
57327
57359
57391
57423
57455
57487
57518
57542
57560
57577
57593
57608
57619
57629
57636
57642
57646
57647
57647
57647
57647
57647
57650
57657
57671
57695
57745
57806
57871
57951
58040
58114
58177
58226
58277
58329
58379
58433
58484
58531
58585
58634
58687
58737
58787
58837
58889
58941
58991
59044
59092
59142
59195
59245
59298
59349
59396
59449
59501
59553
59602
59655
59704
59754
59806
59857
59909
59959
60007
60061
60110
60164
60213
60265
60313
60365
60417
60468
60520
60569
60618
60672
60722
60774
60825
60873
60925
60977
61029
61079
61132
61180
61230
61282
61333
61386
61435
61484
61537
61587
61641
61690
61740
61780
61818
61849
61875
61895
61914
61929
61942
61952
61959
61965
61967
61967
61967
61967
61967
61967
61967
61967
61967
61971
61981
62004
62057
62116
62190
62262
62289
62317
62346
62375
62405
62434
62464
62494
62523
62552
62582
62611
62641
62670
62700
62729
62759
62789
62818
62848
62878
62907
62936
62966
62996
63026
63055
63083
63115
63145
63176
63206
63242
63280
63345
63421
63483
63540
63605
63655
63732
63822
63898
63981
64088
64195
64255
64318
64375
64443
64515
64576
64589
64613
64632
64646
64657
64664
64669
64672
64673
64673
64673
64673
64673
64673
64673
64673
64674
64679
64694
64738
64801
64866
64949
65008
65095
65191
65249
65309
65368
65425
65481
65534
65584
65637
65685
65735
65782
65830
65882
65931
65982
66031
66077
66118
66153
66185
66210
66230
66247
66260
66271
66282
66290
66297
66302
66307
66309
66310
66310
66310
66310
66310
66310
66310
66310
66310
66310
66310
66310
66310
66310
66310
66310
66310
66310
66310
66310
66310
66310
66310
66310
66310
66310
66310
66310
66310
66310
66310
66310
66310
66310
66310
66310
66310
66310
66310
66310
66310
66310
66310
66310
66310
66310
66310
66310
66310
66310
66310
66310
66310
66310
66310
66310
66310
66310
66310
66310
66310
66310
66313
66315
66315
66315
66315
66315
66315
66315
66315
66315
66315
66315
66315
66315
66315
66315
66315
66315
66315
66315
66315
66315
66315
66332
66356
66385
66414
66446
66480
66514
66542
66572
66605
66637
66670
66702
66733
66764
66795
66826
66856
66886
66917
66945
66977
67008
67040
67072
67103
67134
67166
67198
67229
67260
67292
67324
67356
67387
67419
67450
67482
67514
67546
67577
67609
67641
67673
67705
67737
67768
67800
67832
67864
67896
67928
67959
67991
68023
68055
68087
68119
68151
68183
68215
68247
68279
68311
68343
68375
68407
68439
68471
68503
68534
68566
68598
68630
68662
68694
68726
68758
68790
68822
68854
68886
68918
68950
68982
69014
69046
69078
69110
69142
69174
69206
69238
69270
69302
69334
69366
69398
69430
69462
69494
69526
69558
69590
69622
69654
69686
69718
69750
69782
69814
69846
69878
69910
69942
69974
70006
70038
70070
70102
70134
70166
70198
70230
70262
70294
70326
70358
70390
70422
70454
70486
70518
70550
70582
70614
70646
70678
70710
70742
70774
70806
70838
70870
70902
70934
70966
70998
71030
71062
71094
71126
71158
71190
71222
71254
71286
71318
71350
71382
71414
71446
71478
71510
71542
71574
71609
71658
71724
71800
71866
71926
71980
72040
72116
72200
72280
72366
72472
72580
72669
72745
72803
72862
72922
72982
73043
73104
73159
73219
73279
73340
73400
73457
73515
73576
73636
73696
73756
73813
73871
73932
73992
74052
74113
74168
74228
74290
74349
74408
74469
74526
74585
74645
74706
74766
74825
74881
74942
75002
75062
75121
75181
75236
75298
75358
75419
75478
75536
75593
75655
75714
75774
75835
75891
75950
76012
76071
76131
76192
76248
76307
76367
76428
76488
76547
76604
76664
76724
76785
76844
76904
76959
77021
77080
77141
77200
77259
77315
77377
77437
77497
77557
77614
77672
77734
77793
77853
77914
77970
78029
78069
78123
78195
78279
78346
78405
78470
78524
78571
78608
78657
78721
78792
78864
78892
78920
78947
78974
79003
79033
79063
79095
79128
79182
79241
79301
79360
79417
79474
79532
79590
79648
79705
79764
79822
79880
79939
79998
80055
80113
80171
80229
80287
80345
80403
80461
80520
80578
80635
80693
80751
80809
80867
80925
80983
81040
81098
81156
81214
81272
81329
81387
81445
81503
81561
81619
81677
81735
81793
81851
81909
81967
82025
82083
82141
82194
82239
82301
82376
82446
82505
82563
82622
82684
82741
82798
82855
82914
82973
83033
83086
83136
83185
83232
83275
83313
83343
83377
83409
83442
83473
83499
83533
83565
83597
83628
83659
83691
83722
83754
83785
83816
83847
83879
83909
83941
83972
84004
84036
84067
84097
84129
84161
84192
84224
84256
84287
84317
84337
84350
84355
84358
84358
84367
84382
84409
84457
84516
84569
84630
84706
84792
84869
84955
85062
85169
85258
85345
85404
85466
85526
85585
85646
85702
85761
85821
85882
85942
86001
86057
86118
86178
86239
86298
86358
86413
86475
86534
86595
86654
86712
86769
86831
86891
86951
87011
87068
87126
87188
87247
87307
87368
87420
87470
87513
87552
87585
87619
87650
87685
87717
87751
87785
87818
87850
87881
87907
87941
87973
88002
88027
88048
88066
88079
88090
88098
88105
88110
88112
88113
88113
88113
88113
88114
88118
88125
88137
88158
88190
88244
88305
88370
88451
88510
88545
88578
88612
88641
88675
88709
88742
88774
88806
88837
88870
88903
88935
88968
89002
89032
89065
89098
89132
89165
89194
89226
89261
89294
89326
89358
89389
89422
89455
89487
89516
89543
89564
89585
89603
89617
89632
89643
89652
89658
89658
89658
89658
89658
89658
89658
89658
89658
89658
89674
89700
89728
89771
89818
89877
89938
89987
90032
90066
90097
90132
90166
90199
90231
90260
90288
90322
90354
90386
90417
90448
90480
90512
90543
90574
90605
90636
90667
90698
90731
90762
90793
90825
90857
90886
90918
90950
90981
91013
91045
91078
91108
91140
91172
91203
91235
91267
91299
91331
91363
91395
91425
91457
91489
91521
91552
91584
91615
91647
91679
91711
91743
91775
91807
91839
91871
91903
91935
91967
91999
92031
92063
92095
92127
92159
92191
92223
92255
92287
92319
92351
92383
92415
92447
92479
92511
92543
92575
92607
92639
92671
92703
92735
92767
92799
92831
92863
92895
92927
92959
92991
93023
93055
93087
93119
93151
93183
93215
93247
93279
93311
93343
93375
93407
93439
93471
93503
93535
93567
93599
93629
93652
93669
93682
93690
93693
93693
93693
93698
93705
93717
93734
93759
93808
93868
93932
94005
94076
94170
94269
94319
94373
94425
94489
94547
94606
94664
94722
94777
94836
94895
94954
95012
95069
95124
95185
95242
95302
95360
95416
95473
95533
95592
95649
95709
95764
95821
95881
95939
95998
96057
96110
96170
96228
96288
96345
96404
96458
96518
96576
96635
96693
96751
96805
96866
96924
96983
97041
97097
97154
97214
97273
97330
97390
97445
97502
97563
97620
97679
97738
97793
97851
97909
97969
98012
98066
98135
98218
98291
98351
98411
98471
98533
98597
98665
98724
98782
98841
98903
98962
99022
99083
99139
99198
99258
99319
99378
99438
99494
99555
99615
99675
99734
99795
99849
99911
99971
100032
100091
100149
100206
100268
100328
100387
100448
100505
100563
100625
100684
100744
100805
100861
100920
100981
101041
101099
101150
101192
101230
101266
101298
101332
101363
101400
101431
101467
101495
101527
101555
101578
101597
101613
101625
101633
101636
101636
101638
101645
101656
101672
101694
101722
101756
101802
101856
101895
101949
101978
101999
102020
102040
102059
102079
102100
102119
102139
102159
102180
102199
102216
102237
102257
102278
102298
102319
102336
102356
102377
102397
102418
102437
102454
102475
102495
102516
102537
102556
102569
102578
102583
102585
102585
102585
102585
102585
102585
102585
102585
102585
102585
102585
102585
102585
102585
102585
102585
102585
102587
102595
102606
102606
102606
102606
102606
102606
102606
102606
102606
102606
102606
102612
102628
102656
102684
102712
102748
102770
102793
102809
102823
102839
102853
102861
102871
102881
102891
102902
102911
102919
102924
102926
102931
102932
102933
102933
102933
102933
102933
102940
102953
102976
103003
103033
103067
103104
103140
103176
103218
103256
103296
103341
103389
103432
103476
103520
103565
103607
103647
103686
103726
103764
103805
103846
103885
103923
103963
104008
104051
104095
104138
104182
104230
104279
104332
104382
104434
104485
104538
104592
104646
104701
104753
104807
104868
104927
104986
105045
105101
105159
105220
105280
105340
105401
105457
105516
105577
105637
105696
105756
105814
105873
105933
105994
106053
106113
106168
106220
106265
106302
106325
106337
106343
106344
106353
106365
106380
106401
106432
106476
106532
106591
106652
106708
106740
106770
106801
106830
106861
106886
106916
106946
106976
107005
107034
107064
107093
107123
107152
107180
107210
107238
107268
107297
107326
107355
107385
107412
107442
107471
107501
107529
107559
107587
107617
107647
107677
107707
107737
107767
107796
107825
107855
107885
107915
107944
107974
108004
108018
108025
108058
108110
108173
108236
108296
108355
108410
108474
108555
108652
108721
108819
108930
109037
109111
109197
109258
109317
109377
109438
109495
109554
109613
109674
109735
109795
109849
109910
109950
110004
110074
110158
110226
110273
110303
110321
110332
110339
110344
110348
110351
110353
110355
110355
110355
110355
110356
110385
110428
110481
110510
110516
110521
110529
110534
110535
110535
110535
110535
110535
110535
110535
110539
110560
110585
110617
110653
110692
110735
110775
110808
110819
110821
110830
110833
110833
110833
110833
110833
110833
110833
110833
110833
110833
110833
110833
110833
110833
110835
110840
110848
110861
110882
110907
110940
110972
111005
111033
111067
111100
111133
111165
111195
111230
111263
111293
111325
111357
111389
111419
111451
111481
111513
111543
111575
111606
111638
111674
111708
111744
111788
111831
111875
111919
111960
111999
112020
112026
112032
112049
112069
112091
112122
112159
112220
112281
112346
112408
112455
112488
112520
112552
112584
112617
112649
112678
112706
112738
112771
112802
112834
112865
112892
112908
112915
112918
112919
112930
112948
112981
113029
113087
113146
113202
113261
113323
113374
113408
113434
113457
113468
113470
113470
113491
113527
113549
113566
113573
113573
113573
113573
113573
113573
113573
113573
113573
113573
113573
113573
113573
113573
113592
113622
113651
113685
113719
113750
113782
113808
113839
113868
113899
113931
113960
113987
114012
114032
114053
114071
114089
114106
114122
114138
114152
114168
114182
114192
114198
114204
114208
114211
114213
114214
114214
114214
114214
114214
114214
114214
114215
114220
114231
114238
114238
114238
114238
114238
114238
114238
114238
114238
114238
114238
114247
114283
114337
114392
114428
114448
114451
114452
114462
114470
114475
114476
114476
114476
114476
114476
114476
114476
114476
114476
114476
114476
114476
114476
114476
114476
114476
114476
114476
114476
114476
114476
114476
114476
114476
114476
114476
114476
114476
114476
114476
114476
114476
114476
114476
114476
114476
114476
114476
114476
114476
114476
114476
114476
114476
114476
114476
114476
114476
114476
114476
114476
114476
114476
114489
114516
114560
114609
114666
114724
114785
114844
114905
114962
115030
115090
115151
115211
115271
115326
115387
115447
115507
115567
115622
115668
115711
115750
115784
115816
115848
115883
115918
115950
115983
116016
116049
116079
116108
116139
116171
116203
116234
116267
116298
116329
116360
116392
116423
116455
116486
116517
116548
116579
116604
116625
116642
116657
116671
116684
116696
116706
116714
116720
116724
116726
116726
116726
116726
116726
116726
116726
116729
116737
116756
116791
116852
116916
116991
117077
117132
117170
117209
117256
117305
117350
117396
117440
117484
117530
117575
117622
117667
117713
117756
117800
117849
117894
117939
117983
118027
118067
118094
118108
118115
118116
118116
118122
118147
118167
118183
118199
118220
118244
118271
118297
118327
118359
118403
118454
118500
118536
118570
118591
118595
118596
118596
118596
118596
118596
118596
118596
118599
118620
118649
118682
118712
118743
118781
118813
118847
118878
118906
118938
118970
119003
119032
119057
119078
119095
119109
119118
119124
119127
119127
119127
119131
119138
119151
119167
119189
119218
119247
119259
119259
119259
119259
119259
119259
119259
119259
119259
119259
119259
119259
119259
119259
119259
119259
119259
119259
119259
119259
119259
119259
119259
119259
119259
119259
119259
119259
119259
119259
119259
119259
119259
119259
119259
119259
119259
119259
119259
119259
119259
119259
119259
119259
119259
119259
119259
119259
119259
119259
119259
119259
119259
119259
119266
119270
119270
119270
119270
119270
119270
119270
119270
119270
119270
119270
119270
119270
119270
119270
119270
119270
119270
119270
119270
119270
119270
119270
119270
119270
119270
119270
119270
119270
119270
119270
119270
119270
119270
119270
119270
119270
119270
119270
119270
119270
119270
119270
119270
119270
119270
119270
119270
119270
119270
119270
119270
119270
119270
119270
119270
119270
119270
119270
119270
119270
119270
119270
119270
119270
119270
119270
119270
119270
119270
119270
119270
119270
119270
119270
119270
119270
119270
119270
119270
119272
119274
119278
119285
119292
119301
119315
119335
119362
119394
119428
119460
119494
119525
119555
119589
119618
119640
119664
119699
119740
119789
119848
119906
119923
119931
119934
119935
119935
119935
119935
119935
119935
119935
119935
119935
119935
119935
119935
119935
119935
119935
119935
119935
119935
119935
119939
119946
119960
119974
119983
119985
119985
119985
119985
119985
119985
119985
119985
119985
119985
119985
119988
120000
