Time needed: 338.70 s
Distance travelled: 660.91 m
Total rotation: 11762.0°
Objects found after: 0.00 s, 32.77 s, 199.53 s

+++ following progress ticks +++
463
517
593
652
717
781
812
871
948
996
1063
1121
1185
1254
1308
1355
1424
1486
1548
1592
1662
1730
1780
1844
1904
1958
2039
2108
2153
2223
2286
2337
2405
2460
2509
2583
2645
2714
2768
2816
2882
2927
2999
3048
3114
3183
3235
3287
3369
3408
3476
3542
3594
3674
3735
3767
3830
3905
3966
4025
4075
4131
4197
4255
4313
4384
4437
4487
4559
4619
4682
4735
4786
4870
4923
4973
5043
5087
5160
5211
5265
5335
5390
5441
5462
5533
5601
5667
5732
5795
5861
5922
5996
6080
6189
6266
6325
6387
6452
6526
6586
6625
6667
6727
6785
6844
6904
6970
7025
7088
7152
7212
7272
7330
7387
7447
7502
7549
7593
7630
7659
7692
7727
7761
7796
7827
7858
7891
7924
7957
7989
8019
8049
8077
8109
8141
8172
8204
8236
8267
8299
8330
8362
8393
8424
8456
8487
8518
8550
8582
8613
8644
8676
8708
8740
8771
8803
8833
8865
8897
8929
8948
8980
9012
9044
9075
9107
9139
9171
9203
9235
9267
9298
9330
9362
9394
9426
9458
9490
9522
9554
9586
9618
9650
9682
9714
9746
9777
9809
9841
9873
9905
9937
9969
10001
10033
10065
10097
10129
10161
10193
10225
10257
10289
10321
10353
10385
10417
10449
10481
10513
10545
10577
10609
10641
10673
10705
10737
10769
10801
10833
10865
10897
10929
10961
10993
11025
11057
11089
11121
11153
11185
11217
11249
11281
11313
11345
11377
11409
11441
11473
11505
11537
11569
11601
11635
11685
11751
11827
11894
11954
12009
12068
12144
12229
12308
12392
12500
12607
12697
12773
12831
12890
12950
13010
13071
13132
13187
13247
13307
13368
13428
13485
13543
13604
13664
13724
13784
13841
13899
13960
14020
14080
14141
14196
14256
14318
14377
14436
14497
14554
14613
14673
14734
14794
14853
14909
14970
15030
15090
15149
15209
15264
15326
15386
15447
15506
15564
15621
15683
15743
15802
15863
15919
15978
16040
16099
16159
16220
16276
16335
16395
16456
16516
16575
16633
16692
16752
16813
16872
16932
16987
17049
17108
17169
17228
17287
17343
17405
17465
17525
17585
17642
17700
17762
17821
17881
17942
17998
18057
18119
18178
18238
18299
18355
18414
18474
18535
18594
18654
18710
18771
18831
18891
18950
19011
19065
19127
19172
19205
19249
19303
19336
19421
19499
19562
19621
19686
19749
19806
19878
19971
20026
20087
20145
20205
20269
20327
20392
20453
20513
20573
20629
20688
20749
20809
20869
20929
20987
21044
21127
21186
21245
21304
21362
21422
21481
21542
21601
21662
21717
21778
21838
21898
21958
22016
22073
22135
22195
22254
22315
22371
22430
22492
22551
22611
22672
22728
22787
22848
22908
22968
23027
23085
23144
23204
23265
23324
23384
23439
23501
23560
23621
23680
23739
23795
23857
23917
23977
24037
24094
24152
24214
24273
24333
24394
24450
24509
24571
24630
24690
24751
24807
24866
24926
24987
25046
25106
25162
25223
25283
25343
25402
25463
25517
25579
25639
25700
25759
25817
25874
25936
25996
26055
26116
26173
26231
26293
26352
26412
26473
26529
26583
26630
26673
26709
26742
26774
26806
26843
26874
26910
26942
26970
27003
27036
27068
27101
27132
27162
27194
27224
27255
27282
27314
27345
27381
27441
27505
27560
27621
27679
27738
27796
27854
27929
28018
28092
28177
28235
28297
28357
28415
28475
28536
28590
28652
28714
28772
28830
28888
28944
28997
29048
29098
29146
29195
29244
29291
29339
29387
29435
29484
29533
29578
29625
29676
29724
29773
29821
29866
29915
29963
30013
30061
30110
30155
30203
30252
30301
30350
30397
30443
30493
30540
30590
30637
30686
30731
30780
30829
30878
30927
30973
31019
31070
31118
31166
31215
31260
31309
31358
31407
31455
31505
31550
31597
31646
31695
31744
31791
31837
31887
31935
31985
32032
32081
32126
32175
32223
32272
32321
32367
32413
32464
32512
32561
32609
32655
32703
32752
32801
32849
32899
32944
32991
33041
33089
33139
33190
33239
33295
33342
33376
33390
33400
33407
33414
33415
33429
33474
33538
33600
33664
33721
33787
33846
33910
33997
34055
34116
34174
34232
34299
34358
34418
34478
34537
34593
34655
34715
34775
34835
34892
34950
35012
35071
35131
35192
35248
35307
35369
35428
35488
35549
35605
35664
35724
35785
35844
35904
35960
36021
36081
36141
36201
36261
36315
36377
36437
36498
36557
36615
36672
36734
36794
36853
36914
36971
37029
37091
37150
37210
37271
37327
37386
37447
37507
37567
37627
37684
37743
37803
37864
37923
37983
38038
38100
38156
38208
38250
38289
38322
38354
38388
38423
38455
38489
38523
38558
38584
38616
38649
38681
38713
38746
38777
38808
38838
38869
38899
38930
38961
38989
39021
39056
39114
39176
39235
39297
39356
39414
39472
39531
39590
39638
39698
39757
39816
39876
39938
39999
40049
40099
40148
40189
40225
40259
40290
40321
40352
40385
40418
40451
40482
40513
40542
40571
40603
40635
40666
40698
40730
40761
40793
40824
40855
40887
40918
40950
40981
41012
41044
41076
41107
41138
41170
41202
41233
41265
41297
41327
41359
41391
41423
41455
41487
41519
41550
41582
41614
41646
41678
41710
41742
41774
41806
41838
41868
41900
41932
41964
41996
42028
42060
42092
42124
42156
42188
42220
42252
42284
42316
42348
42380
42412
42444
42476
42508
42540
42572
42604
42636
42668
42700
42732
42764
42796
42828
42860
42892
42924
42956
42988
43020
43052
43084
43116
43148
43180
43212
43244
43276
43308
43340
43372
43404
43436
43468
43500
43532
43564
43596
43628
43653
43662
43665
43669
43684
43707
43730
43759
43794
43838
43897
43965
44035
44113
44187
44288
44393
44471
44558
44617
44677
44738
44797
44857
44913
44974
45033
45094
45153
45212
45268
45330
45390
45450
45510
45568
45625
45687
45747
45806
45867
45923
45982
46044
46103
46163
46224
46280
46339
46399
46460
46520
46579
46636
46696
46756
46817
46876
46936
46991
47053
47112
47173
47232
47290
47347
47409
47469
47529
47589
47646
47704
47766
47825
47885
47946
48002
48061
48122
48182
48242
48303
48359
48418
48478
48539
48598
48658
48714
48775
48834
48895
48954
48992
49028
49081
49153
49232
49298
49358
49422
49481
49555
49615
49662
49718
49781
49842
49902
49962
50020
50078
50137
50197
50257
50318
50379
50434
50495
50554
50615
50674
50732
50790
50851
50911
50971
51031
51088
51146
51207
51267
51327
51388
51443
51503
51565
51624
51683
51744
51801
51860
51920
51981
52040
52100
52156
52217
52277
52337
52396
52447
52489
52524
52551
52580
52610
52640
52665
52689
52712
52720
52720
52728
52742
52762
52786
52812
52840
52871
52909
52956
53011
53069
53110
53131
53151
53172
53191
53212
53232
53251
53271
53292
53312
53332
53349
53369
53390
53410
53431
53451
53468
53489
53509
53530
53550
53570
53587
53608
53631
53647
53657
53666
53669
53670
53670
53670
53670
53670
53670
53670
53670
53670
53670
53670
53670
53670
53670
53670
53670
53670
53670
53675
53696
53732
53773
53819
53849
53864
53901
53940
53969
53991
54010
54029
54047
54068
54084
54103
54121
54138
54155
54172
54190
54207
54223
54241
54259
54275
54291
54308
54325
54343
54360
54378
54393
54410
54428
54445
54463
54480
54494
54512
54529
54547
54564
54581
54597
54614
54632
54649
54667
54683
54698
54716
54733
54751
54768
54785
54800
54817
54835
54852
54870
54886
54902
54920
54937
54955
54970
54981
54995
55007
55014
55018
55019
55019
55019
55019
55019
55019
55019
55020
55022
55022
55022
55022
55022
55022
55022
55022
55022
55022
55022
55022
55022
55030
55046
55068
55097
55134
55172
55223
55282
55338
55381
55467
55541
55575
55607
55639
55670
55707
55739
55768
55801
55833
55866
55898
55928
55959
55991
56022
56052
56079
56111
56142
56174
56205
56237
56269
56300
56331
56363
56394
56425
56457
56489
56521
56552
56584
56615
56647
56679
56711
56742
56774
56805
56837
56869
56901
56933
56965
56996
57028
57060
57092
57124
57156
57188
57220
57252
57284
57314
57346
57381
57415
57450
57484
57520
57556
57592
57628
57665
57701
57737
57773
57809
57845
57881
57917
57953
57991
58028
58064
58100
58136
58172
58208
58244
58280
58316
58352
58388
58424
58460
58496
58532
58568
58604
58640
58676
58712
58748
58784
58820
58856
58892
58928
58964
59000
59036
59072
59108
59144
59180
59216
59252
59288
59324
59360
59396
59432
59468
59504
59540
59576
59612
59648
59685
59721
59757
59793
59829
59865
59901
59937
59973
60009
60045
60081
60117
60146
60163
60173
60178
60180
60180
60182
60189
60207
60237
60296
60355
60409
60475
60560
60648
60737
60829
60935
61012
61106
61166
61227
61283
61342
61403
61463
61523
61583
61640
61699
61759
61820
61879
61939
61995
62056
62115
62176
62235
62294
62350
62412
62472
62532
62592
62649
62707
62769
62829
62888
62949
63005
63064
63126
63185
63245
63306
63362
63421
63481
63542
63601
63661
63717
63778
63838
63899
63958
64018
64072
64135
64194
64255
64314
64372
64429
64491
64551
64611
64671
64728
64786
64848
64907
64967
65028
65084
65143
65204
65264
65324
65385
65441
65500
65560
65621
65680
65740
65779
65814
65865
65936
66018
66085
66147
66210
66269
66344
66403
66462
66538
66598
66658
66715
66781
66841
66902
66962
67022
67077
67138
67199
67259
67318
67377
67435
67495
67554
67615
67674
67734
67789
67851
67911
67971
68031
68089
68146
68208
68268
68327
68388
68444
68503
68565
68624
68684
68745
68801
68860
68920
68981
69040
69100
69158
69217
69277
69338
69397
69457
69512
69574
69633
69694
69753
69811
69868
69930
69981
70027
70067
70101
70133
70166
70201
70235
70270
70301
70333
70377
70400
70419
70432
70441
70447
70450
70453
70463
70478
70500
70527
70560
70598
70642
70703
70764
70821
70856
70880
70902
70926
70948
70972
70994
71015
71038
71061
71082
71105
71128
71151
71174
71194
71218
71241
71264
71287
71309
71330
71353
71376
71399
71422
71444
71466
71489
71512
71535
71558
71579
71602
71625
71648
71671
71694
71714
71737
71761
71784
71810
71837
71863
71882
71894
71902
71906
71907
71907
71907
71907
71907
71907
71907
71907
71907
71907
71907
71907
71907
71907
71907
71907
71907
71907
71908
71920
71945
71981
72023
72066
72108
72159
72198
72251
72301
72350
72388
72418
72447
72477
72504
72532
72559
72585
72612
72639
72667
72691
72719
72746
72770
72798
72825
72851
72878
72902
72930
72957
72985
73012
73038
73065
73092
73119
73146
73174
73198
73225
73253
73280
73308
73335
73359
73387
73414
73442
73469
73497
73521
73548
73576
73603
73631
73657
73682
73710
73736
73764
73791
73818
73844
73871
73898
73925
73953
73978
74004
74032
74059
74087
74114
74135
74155
74172
74186
74198
74207
74214
74221
74224
74224
74224
74224
74224
74224
74224
74224
74224
74238
74263
74288
74327
74376
74436
74501
74575
74640
74673
74707
74741
74777
74806
74839
74872
74904
74935
74964
74993
75025
75057
75088
75121
75152
75183
75215
75247
75279
75309
75341
75372
75403
75435
75467
75497
75529
75561
75593
75623
75655
75686
75718
75750
75782
75814
75845
75876
75908
75940
75972
76004
76035
76067
76099
76131
76163
76195
76227
76259
76291
76322
76354
76386
76418
76450
76482
76514
76546
76578
76609
76641
76673
76705
76737
76769
76801
76833
76865
76897
76928
76960
76992
77024
77056
77088
77120
77152
77184
77213
77243
77277
77311
77340
77372
77406
77435
77470
77506
77545
77584
77628
77665
77703
77747
77792
77867
77923
77986
78052
78115
78180
78242
78305
78374
78463
78527
78587
78646
78706
78766
78824
78883
78942
79003
79064
79124
79178
79239
79301
79360
79419
79479
79536
79596
79656
79716
79776
79836
79892
79953
80013
80072
80132
80191
80247
80309
80369
80430
80489
80546
80604
80666
80725
80785
80846
80902
80961
81023
81082
81142
81203
81259
81318
81378
81420
81470
81537
81619
81693
81754
81814
81872
81941
81998
82077
82140
82198
82262
82323
82383
82440
82498
82558
82618
82678
82739
82798
82855
82915
82974
83035
83095
83152
83208
83245
83296
83335
83375
83413
83427
83450
83474
83501
83526
83551
83578
83612
83655
83697
83739
83749
83749
83749
83749
83749
83749
83749
83749
83749
83750
83750
83750
83750
83750
83750
83750
83750
83750
83750
83750
83750
83750
83750
83750
83750
83750
83750
83750
83750
83750
83750
83750
83750
83750
83750
83750
83756
83765
83779
83798
83821
83846
83875
83903
83938
83977
84021
84072
84123
84174
84227
84279
84331
84382
84438
84492
84549
84605
84657
84710
84764
84816
84868
84919
84969
85013
85058
85100
85144
85186
85229
85269
85312
85355
85398
85442
85484
85523
85569
85610
85654
85696
85739
85779
85821
85865
85907
85952
85992
86032
86078
86119
86163
86205
86239
86269
86294
86314
86329
86340
86347
86351
86351
86351
86351
86351
86352
86355
86362
86376
86395
86430
86488
86550
86613
86679
86710
86739
86766
86791
86821
86852
86879
86908
86935
86967
86994
87021
87049
87076
87104
87131
87158
87186
87214
87241
87269
87296
87324
87351
87379
87407
87435
87462
87489
87517
87545
87573
87601
87629
87656
87684
87712
87740
87768
87796
87824
87852
87880
87908
87936
87964
87992
88020
88048
88075
88103
88131
88159
88187
88215
88242
88266
88284
88297
88303
88309
88314
88318
88320
88322
88322
88322
88322
88323
88327
88335
88350
88376
88421
88482
88545
88622
88697
88791
88834
88879
88924
88981
89029
89083
89134
89186
89234
89285
89339
89389
89440
89490
89539
89591
89641
89694
89744
89796
89846
89896
89948
89999
90051
90098
90121
90132
90141
90145
90146
90146
90146
90150
90166
90197
90255
90318
90377
90442
90504
90561
90633
90730
90790
90845
90906
90964
91025
91078
91123
91171
91212
91245
91277
91307
91341
91373
91403
91429
91449
91467
91481
91494
91503
91508
91511
91511
91511
91513
91520
91530
91539
91549
91559
91571
91590
91602
91606
91606
91606
91606
91606
91610
91626
91651
91698
91752
91817
91869
91894
91908
91915
91919
91926
91940
91954
91966
91976
91985
91991
91995
91997
91998
91998
91998
91998
91998
91998
91998
91998
91998
91998
91998
91998
91998
91998
91998
91998
91998
91998
91998
91998
91998
91998
91998
91998
91998
91998
91998
91998
91998
91998
91998
91998
91998
91998
91998
91998
91998
91998
91998
91998
91998
91998
91998
92002
92021
92051
92084
92131
92163
92210
92252
92288
92323
92358
92389
92427
92460
92492
92522
92552
92584
92616
92649
92680
92711
92742
92773
92804
92836
92867
92898
92929
92959
92990
93020
93050
93082
93112
93144
93176
93208
93240
93270
93302
93334
93366
93398
93430
93461
93492
93524
93556
93588
93619
93651
93683
93715
93747
93779
93811
93843
93875
93907
93939
93971
94003
94034
94066
94092
94113
94128
94139
94147
94154
94160
94165
94169
94172
94174
94174
94174
94174
94174
94174
94174
94186
94218
94260
94309
94358
94412
94463
94520
94579
94640
94701
94760
94815
94876
94938
94997
95056
95115
95172
95232
95290
95323
95360
95414
95463
95518
95548
95577
95632
95694
95758
95817
95890
95950
96013
96093
96156
96216
96276
96332
96396
96458
96518
96579
96627
96659
96699
96758
96825
96896
96966
97018
97044
97062
97070
97074
97075
97075
97075
97075
97082
97094
97098
97098
97098
97098
97098
97098
97098
97099
97127
97171
97221
97279
97341
97398
97456
97515
97576
97637
97697
97751
97812
97874
97934
97993
98051
98099
98145
98184
98220
98251
98285
98317
98355
98385
98419
98450
98483
98516
98548
98579
98610
98641
98671
98699
98731
98763
98795
98826
98857
98889
98921
98952
98983
99015
99046
99078
99109
99140
99172
99204
99235
99267
99298
99330
99361
99393
99425
99457
99488
99520
99551
99583
99615
99647
99679
99710
99742
99774
99806
99838
99870
99902
99934
99966
99998
100030
100062
100094
100126
100158
100190
100221
100253
100285
100317
100349
100381
100413
100445
100477
100508
100536
100558
100575
100586
100593
100596
100596
100596
100600
100606
100618
100634
100662
100703
100762
100827
100892
100967
101055
101137
101207
101298
101357
101417
101472
101534
101593
101654
101713
101773
101828
101890
101950
102010
102070
102128
102185
102247
102307
102366
102427
102483
102542
102604
102663
102723
102784
102840
102899
102959
103020
103079
103139
103196
103256
103316
103377
103430
103467
103486
103504
103504
103513
103542
103591
103654
103727
103791
103851
103910
103971
104038
104095
104160
104217
104274
104333
104395
104454
104514
104575
104631
104690
104750
104811
104870
104930
104986
105047
105107
105167
105226
105279
105321
105366
105402
105435
105456
105491
105540
105613
105678
105749
105795
105834
105877
105909
105940
105974
106017
106053
106098
106131
106134
106134
106134
106134
106134
106137
106159
106194
106240
106297
106338
106388
106474
106533
106608
106667
106736
106797
106845
106899
106942
106981
107014
107046
107078
107113
107144
107170
107193
107211
107227
107239
107246
107252
107258
107262
107265
107267
107268
107268
107268
107268
107269
107272
107280
107290
107307
107324
107328
107328
107328
107328
107328
107328
107328
107334
107352
107378
107425
107471
107494
107501
107502
107502
107502
107502
107502
107502
107502
107502
107502
107502
107502
107502
107502
107502
107502
107502
107502
107502
107502
107502
107502
107502
107502
107502
107502
107502
107505
107514
107527
107545
107566
107589
107615
107645
107673
107702
107731
107760
107790
107818
107848
107877
107905
107935
107961
107985
108006
108025
108043
108057
108066
108074
108081
108085
108087
108087
108087
108087
108088
108092
108098
108105
108119
108132
108144
108152
108157
108158
108158
108158
108158
108158
108158
108162
108180
108190
108199
108201
108203
108203
108203
108203
108203
108203
108203
108203
108203
108203
108203
108203
108203
108203
108203
108203
108203
108203
108203
108203
108203
108203
108203
108203
108203
108204
108217
108251
108295
108338
108350
108352
108352
108358
108369
108381
108402
108436
108454
108458
108458
108458
108458
108458
108458
108458
108458
108458
108463
108481
108509
108552
108600
108641
108681
108720
108760
108794
108827
108863
108896
108927
108957
108989
109021
109054
109085
109116
109148
109179
109209
109239
109267
109299
109330
109362
109393
109425
109456
109487
109519
109550
109582
109613
109645
109677
109708
109740
109772
109803
109835
109867
109898
109930
109962
109993
110025
110051
110072
110087
110098
110103
110104
110104
110108
110115
110126
110143
110169
110205
110263
110325
110394
110460
110545
110645
110747
110815
110885
110945
111005
111066
111126
111181
111241
111303
111363
111421
111473
111522
111583
111661
111736
111770
111786
111796
111804
111808
111812
111816
111818
111819
111819
111828
111855
111892
111919
111933
111940
111944
111946
111946
111946
111946
111946
111946
111946
111946
111946
111946
111946
111946
111946
111946
111946
111946
111946
111946
111946
111946
111946
111946
111946
111946
111946
111946
111946
111946
111946
111946
111946
111946
111946
111950
111959
111973
111993
112018
112049
112084
112125
112171
112220
112242
112249
112249
112249
112249
112249
112249
112249
112249
112249
112249
112249
112249
112249
112249
112249
112249
112249
112249
112250
112276
112308
112341
112371
112407
112438
112460
112471
112496
112514
112516
112516
112516
112516
112516
112516
112516
112516
112516
112516
112516
112516
112516
112516
112516
112516
112516
112516
112516
112516
112516
112516
112516
112516
112516
112516
112516
112516
112516
112516
112516
112516
112516
112516
112516
112516
112516
112516
112516
112516
112516
112516
112516
112516
112516
112516
112516
112516
112516
112516
112516
112516
112516
112516
112516
112516
112516
112516
112516
112516
112516
112516
112516
112516
112516
112516
112516
112516
112532
112539
112544
112553
112573
112573
112573
112573
112573
112573
112573
112573
112573
112573
112573
112573
112573
112573
112573
112573
112573
112573
112573
112573
112573
112573
112573
112573
112573
112573
112573
112573
112573
112573
112573
112573
112573
112573
112573
112573
112573
112573
112573
112573
112573
112573
112573
112573
112573
112573
112573
112573
112573
112573
112573
112573
112573
112573
112573
112573
112573
112573
112573
112573
112573
112573
112573
112573
112573
112573
112573
112573
112573
112573
112573
112573
112573
112573
112573
112573
112573
112573
112573
112573
112573
112573
112573
112573
112573
112573
112573
112573
112573
112573
112573
112574
112579
112590
112605
112623
112647
112674
112703
112738
112776
112821
112871
112925
112980
113037
113095
113153
113212
113271
113329
113387
113445
113503
113561
113619
113677
113735
113793
113851
113909
113967
114024
114082
114140
114198
114256
114314
114372
114430
114488
114545
114603
114661
114719
114777
114835
114883
114935
115008
115086
115144
115204
115264
115324
115349
115403
115464
115523
115579
115629
115675
115712
115753
115787
115819
115848
115881
115914
115947
115977
116007
116035
116067
116099
116130
116163
116194
116224
116250
116272
116289
116302
116310
116316
116320
116324
116326
116328
116328
116328
116328
116328
116331
116337
116349
116367
116401
116455
116518
116582
116660
116737
116775
116813
116848
116884
116927
116971
117019
117072
117121
117173
117228
117279
117333
117386
117434
117478
117518
117551
117579
117602
117622
117638
117650
117661
117666
117669
117669
117669
117669
117669
117669
117669
117669
117678
117705
117740
117779
117812
117847
117881
117918
117955
117984
118014
118047
118076
118107
118138
118169
118199
118230
118262
118291
118326
118358
118400
118434
118478
118524
118566
118610
118651
118691
118735
118777
118820
118863
118907
118943
118975
119002
119026
119027
119027
119027
119027
119027
119027
119027
119027
119027
119027
119027
119027
119027
119027
119038
119046
119052
119054
119054
119054
119054
119054
119054
119054
119054
119054
119054
119054
119054
119054
119083
119145
119215
119265
119291
119319
119347
119375
119403
119431
119458
119476
119480
119489
119524
119577
119640
119705
119764
119807
119826
119832
119835
119836
119836
119840
119863
119884
119904
119920
119932
119940
119944
119945
119945
119945
119945
119945
119945
119945
119945
119957
119976
119989
119995
119996
119996
119996
119996
119996
119998
120000
