Time needed: 340.40 s
Distance travelled: 666.02 m
Total rotation: 10884.8°
Objects found after: 39.37 s, 68.63 s, 256.00 s

+++ following progress ticks +++
463
513
599
648
731
775
803
880
939
995
1056
1112
1178
1232
1285
1349
1408
1477
1523
1589
1658
1717
1765
1825
1895
1949
2029
2092
2153
2217
2264
2338
2392
2476
2519
2567
2650
2704
2755
2813
2868
2946
3013
3064
3123
3176
3251
3298
3353
3438
3493
3541
3602
3655
3721
3770
3843
3901
3978
4024
4076
4141
4203
4259
4325
4371
4445
4506
4553
4621
4674
4744
4800
4851
4918
4980
5041
5090
5160
5216
5285
5341
5391
5458
5520
5579
5631
5700
5756
5826
5880
5934
6000
6054
6121
6171
6242
6307
6353
6421
6483
6533
6608
6652
6731
6788
6838
6891
6975
7029
7090
7139
7209
7268
7318
7375
7454
7503
7571
7629
7691
7755
7806
7862
7942
7997
8056
8107
8162
8229
8283
8339
8393
8451
8515
8565
8593
8624
8655
8685
8719
8756
8787
8818
8850
8882
8914
8944
8979
9011
9049
9086
9124
9160
9198
9237
9277
9321
9362
9403
9449
9481
9527
9573
9619
9665
9717
9766
9817
9868
9922
9974
10028
10085
10141
10198
10254
10306
10366
10424
10485
10543
10603
10658
10720
10780
10840
10900
10957
11015
11077
11137
11196
11257
11313
11372
11434
11493
11553
11614
11670
11729
11789
11850
11909
11969
12026
12086
12146
12206
12266
12326
12381
12443
12502
12563
12622
12680
12737
12799
12859
12919
12979
13036
13094
13156
13215
13275
13336
13392
13451
13512
13572
13632
13693
13749
13808
13868
13929
13988
14048
14103
14165
14224
14285
14344
14405
14459
14521
14581
14641
14701
14759
14816
14878
14938
14997
15058
15114
15173
15235
15294
15354
15415
15471
15530
15590
15651
15711
15770
15827
15887
15947
16008
16067
16127
16182
16244
16303
16364
16423
16481
16538
16600
16660
16720
16780
16837
16895
16957
17016
17076
17137
17193
17252
17313
17373
17433
17494
17550
17609
17669
17730
17789
17849
17905
17966
18026
18086
18145
18206
18260
18322
18382
18443
18502
18560
18617
18679
18739
18798
18859
18916
18974
19036
19095
19155
19216
19272
19331
19392
19449
19500
19544
19580
19616
19648
19681
19716
19749
19778
19788
19805
19839
19874
19922
19979
20041
20104
20171
20231
20307
20352
20394
20428
20459
20493
20523
20559
20588
20621
20654
20686
20717
20748
20779
20809
20837
20869
20901
20932
20964
20995
21027
21058
21090
21121
21152
21184
21216
21247
21278
21310
21342
21373
21405
21436
21468
21499
21531
21563
21595
21626
21658
21689
21721
21753
21785
21817
21848
21893
21925
21957
21989
22020
22052
22084
22115
22147
22178
22210
22242
22273
22305
22337
22369
22401
22433
22465
22497
22529
22561
22593
22625
22657
22689
22721
22753
22785
22817
22849
22881
22913
22945
22977
23009
23041
23073
23105
23137
23169
23201
23233
23265
23297
23329
23361
23393
23425
23457
23489
23521
23553
23585
23617
23649
23681
23713
23745
23777
23809
23841
23873
23905
23937
23969
24001
24033
24065
24097
24129
24161
24193
24225
24257
24289
24321
24353
24385
24417
24447
24491
24554
24626
24698
24758
24817
24874
24936
24992
25052
25110
25168
25229
25282
25331
25381
25428
25469
25505
25536
25568
25602
25634
25664
25693
25725
25758
25790
25821
25853
25884
25915
25947
25978
26008
26040
26070
26101
26133
26164
26195
26227
26257
26289
26321
26352
26383
26414
26444
26475
26507
26539
26571
26603
26635
26666
26697
26729
26761
26793
26824
26856
26888
26920
26952
26984
27016
27048
27080
27112
27144
27176
27208
27240
27272
27304
27336
27368
27400
27432
27464
27496
27528
27560
27592
27624
27655
27687
27719
27751
27783
27815
27847
27879
27911
27943
27975
28007
28039
28071
28103
28135
28167
28198
28230
28262
28294
28326
28358
28390
28422
28454
28486
28518
28550
28582
28614
28646
28678
28710
28742
28774
28806
28838
28870
28902
28934
28966
28998
29030
29062
29094
29125
29148
29160
29168
29174
29178
29180
29182
29183
29183
29184
29187
29194
29205
29219
29253
29301
29362
29429
29499
29584
29681
29762
29852
29909
29969
30028
30085
30145
30200
30257
30316
30375
30434
30491
30546
30606
30664
30724
30781
30840
30894
30954
31012
31071
31129
31186
31241
31302
31360
31419
31477
31533
31590
31650
31708
31766
31826
31881
31938
31998
32056
32115
32174
32229
32287
32345
32405
32462
32521
32576
32635
32694
32752
32810
32869
32922
32983
33041
33101
33158
33215
33271
33331
33390
33447
33507
33562
33619
33680
33737
33796
33855
33910
33968
34027
34086
34144
34203
34259
34316
34375
34434
34492
34550
34604
34665
34722
34782
34839
34897
34952
35012
35071
35129
35188
35243
35300
35361
35419
35477
35536
35591
35649
35709
35767
35825
35885
35940
35997
36056
36115
36173
36231
36286
36346
36404
36464
36521
36580
36633
36693
36752
36811
36869
36925
36981
37042
37100
37159
37217
37273
37330
37390
37448
37506
37566
37621
37678
37738
37796
37855
37914
37969
38027
38085
38145
38202
38261
38315
38375
38433
38492
38550
38608
38662
38723
38776
38823
38848
38869
38886
38898
38906
38910
38911
38911
38911
38911
38911
38911
38911
38911
38914
38925
38944
38969
38999
39036
39073
39124
39193
39266
39296
39371
39430
39488
39528
39562
39595
39628
39661
39691
39724
39757
39789
39819
39848
39878
39910
39942
39973
40005
40037
40068
40099
40131
40163
40194
40226
40256
40288
40320
40351
40382
40414
40446
40477
40508
40539
40571
40603
40635
40667
40698
40729
40761
40793
40825
40857
40888
40920
40952
40984
41016
41048
41080
41111
41143
41175
41207
41239
41271
41303
41335
41367
41398
41430
41462
41494
41526
41558
41590
41622
41654
41685
41717
41749
41781
41813
41845
41877
41909
41941
41972
42004
42036
42068
42100
42132
42164
42196
42228
42260
42292
42324
42356
42388
42420
42452
42484
42516
42548
42580
42612
42644
42676
42708
42740
42772
42804
42836
42868
42900
42932
42964
42996
43028
43060
43092
43124
43156
43188
43220
43252
43284
43316
43348
43380
43412
43444
43476
43508
43540
43572
43604
43636
43668
43700
43732
43764
43796
43828
43860
43892
43924
43956
43988
44020
44052
44084
44116
44148
44180
44212
44244
44276
44308
44340
44372
44404
44436
44468
44500
44532
44564
44596
44628
44660
44692
44724
44761
44815
44887
44970
45029
45088
45145
45208
45287
45384
45455
45544
45651
45758
45838
45910
45967
46026
46088
46147
46207
46262
46323
46384
46444
46503
46564
46620
46679
46739
46800
46860
46921
46975
47036
47098
47157
47216
47276
47333
47393
47452
47513
47572
47633
47689
47750
47809
47869
47929
47987
48044
48106
48166
48225
48286
48343
48401
48463
48522
48582
48643
48699
48758
48819
48879
48939
48999
49056
49115
49175
49236
49295
49355
49410
49472
49531
49592
49651
49710
49766
49828
49888
49948
50008
50066
50123
50185
50245
50304
50365
50419
50456
50496
50544
50598
50655
50706
50734
50762
50793
50821
50853
50887
50917
50946
50978
51007
51038
51069
51098
51133
51166
51200
51234
51265
51301
51338
51376
51414
51457
51505
51552
51600
51660
51712
51769
51824
51880
51938
51997
52057
52116
52176
52233
52291
52352
52412
52472
52533
52588
52648
52710
52769
52828
52889
52945
53005
53065
53126
53185
53245
53301
53362
53421
53482
53541
53600
53656
53718
53778
53838
53898
53955
54013
54075
54134
54194
54255
54311
54370
54432
54491
54551
54612
54668
54727
54787
54848
54907
54967
55023
55084
55144
55204
55264
55324
55378
55440
55495
55543
55586
55621
55652
55685
55714
55731
55740
55760
55785
55811
55849
55894
55954
56018
56084
56141
56220
56274
56315
56349
56380
56414
56447
56479
56505
56538
56571
56603
56635
56666
56697
56728
56760
56791
56821
56852
56882
56912
56942
56973
57005
57037
57067
57099
57131
57163
57194
57225
57257
57289
57321
57353
57384
57416
57447
57479
57511
57542
57574
57606
57638
57670
57702
57734
57766
57798
57829
57861
57893
57925
57957
57989
58021
58052
58084
58116
58148
58180
58212
58244
58276
58308
58340
58372
58404
58436
58468
58500
58532
58564
58596
58628
58660
58692
58724
58756
58788
58820
58852
58884
58916
58947
58979
59011
59043
59075
59107
59139
59171
59203
59235
59267
59299
59331
59363
59395
59427
59459
59491
59523
59555
59587
59619
59651
59683
59715
59747
59779
59804
59816
59823
59826
59829
59844
59868
59909
59968
60026
60081
60149
60229
60304
60404
60489
60599
60675
60768
60845
60905
60965
61021
61082
61141
61201
61261
61319
61376
61438
61498
61558
61618
61675
61733
61795
61854
61914
61975
62031
62090
62152
62211
62271
62331
62388
62447
62507
62568
62627
62687
62743
62804
62863
62924
62983
63044
63098
63160
63220
63281
63340
63398
63455
63517
63577
63636
63697
63753
63812
63874
63933
63993
64054
64110
64169
64229
64290
64350
64409
64467
64526
64586
64647
64685
64736
64800
64881
64953
65017
65078
65136
65204
65259
65336
65397
65458
65524
65585
65645
65698
65760
65820
65879
65939
65999
66056
66115
66175
66236
66296
66356
66411
66472
66534
66593
66652
66711
66769
66829
66888
66949
67008
67069
67125
67186
67245
67305
67365
67423
67480
67542
67602
67661
67722
67779
67837
67899
67949
67996
68036
68069
68102
68135
68172
68192
68207
68219
68229
68234
68236
68238
68245
68254
68263
68273
68280
68291
68303
68317
68337
68365
68403
68416
68424
68433
68442
68451
68459
68468
68476
68484
68493
68502
68511
68518
68527
68536
68544
68553
68562
68569
68578
68587
68596
68607
68618
68623
68626
68626
68626
68626
68626
68626
68626
68626
68626
68626
68626
68626
68626
68626
68626
68626
68626
68626
68626
68626
68626
68629
68643
68670
68700
68732
68763
68795
68828
68859
68891
68941
69004
69044
69086
69125
69163
69193
69229
69258
69311
69342
69376
69408
69438
69470
69504
69534
69567
69599
69632
69664
69695
69728
69762
69795
69827
69858
69889
69923
69956
69988
70022
70052
70085
70118
70151
70185
70217
70247
70280
70314
70347
70379
70412
70442
70476
70509
70542
70575
70607
70638
70671
70704
70736
70762
70783
70801
70821
70837
70852
70863
70871
70877
70878
70878
70878
70878
70878
70878
70878
70878
70888
70914
70940
70978
71025
71084
71150
71219
71276
71309
71339
71369
71406
71439
71467
71500
71532
71564
71597
71628
71659
71691
71721
71752
71781
71810
71841
71873
71904
71936
71968
71999
72030
72062
72093
72125
72156
72188
72220
72251
72283
72315
72346
72378
72410
72441
72473
72505
72536
72568
72600
72632
72664
72696
72727
72759
72791
72823
72855
72887
72919
72951
72983
73015
73046
73078
73110
73141
73173
73205
73237
73269
73301
73333
73365
73397
73429
73461
73493
73525
73557
73589
73621
73653
73685
73717
73749
73781
73813
73845
73877
73909
73941
73973
74005
74037
74069
74101
74133
74165
74197
74229
74261
74293
74325
74357
74389
74421
74453
74485
74517
74549
74581
74613
74645
74677
74709
74741
74773
74805
74837
74869
74901
74933
74965
74997
75029
75059
75097
75129
75158
75188
75217
75239
75254
75262
75265
75265
75269
75279
75293
75313
75347
75406
75469
75537
75596
75677
75758
75858
75949
76010
76096
76156
76218
76278
76338
76391
76453
76513
76572
76632
76691
76749
76808
76868
76929
76989
77050
77104
77165
77227
77286
77345
77404
77462
77522
77581
77642
77701
77762
77818
77879
77938
77998
78058
78113
78168
78225
78282
78333
78387
78437
78489
78541
78586
78635
78680
78721
78765
78807
78850
78889
78929
78966
79004
79044
79080
79118
79153
79181
79216
79247
79279
79309
79341
79372
79403
79433
79466
79497
79528
79560
79588
79618
79646
79674
79701
79728
79755
79780
79804
79826
79848
79872
79893
79912
79932
79950
79967
79979
79994
80008
80021
80033
80044
80055
80064
80073
80080
80086
80093
80097
80101
80105
80108
80110
80112
80112
80112
80112
80112
80112
80112
80112
80112
80112
80112
80112
80112
80112
80112
80112
80112
80112
80112
80112
80113
80117
80119
80123
80127
80132
80138
80146
80157
80168
80177
80187
80199
80211
80227
80241
80258
80271
80290
80309
80328
80350
80370
80391
80417
80441
80465
80490
80516
80539
80567
80597
80623
80653
80685
80719
80760
80801
80845
80886
80929
80969
81011
81055
81098
81142
81182
81222
81258
81286
81310
81328
81341
81352
81358
81361
81361
81361
81361
81361
81361
81365
81371
81381
81402
81425
81442
81454
81461
81462
81462
81462
81462
81462
81462
81462
81462
81462
81462
81462
81462
81462
81462
81462
81462
81462
81462
81462
81462
81462
81462
81462
81462
81462
81462
81462
81462
81462
81462
81462
81462
81462
81462
81463
81465
81469
81473
81478
81484
81495
81509
81526
81546
81569
81595
81624
81656
81686
81716
81746
81776
81806
81836
81866
81896
81926
81956
81986
82016
82046
82077
82110
82143
82176
82208
82241
82274
82306
82338
82370
82402
82434
82466
82498
82530
82562
82594
82626
82658
82690
82722
82754
82787
82818
82850
82882
82914
82946
82978
83010
83042
83074
83106
83138
83170
83202
83234
83266
83298
83330
83362
83394
83426
83458
83490
83522
83554
83586
83618
83651
83683
83715
83747
83779
83811
83843
83875
83907
83939
83971
84003
84035
84067
84099
84131
84163
84195
84226
84261
84292
84319
84355
84385
84417
84448
84483
84514
84548
84583
84617
84658
84704
84750
84807
84866
84929
84985
85047
85112
85172
85222
85271
85308
85343
85376
85410
85445
85476
85512
85544
85577
85610
85641
85668
85700
85733
85765
85797
85828
85860
85891
85922
85953
85985
86016
86047
86078
86110
86141
86172
86203
86235
86265
86296
86328
86360
86393
86424
86454
86486
86518
86550
86581
86613
86645
86677
86708
86739
86771
86803
86835
86866
86898
86929
86961
86993
87025
87057
87089
87121
87153
87185
87217
87249
87281
87313
87345
87377
87409
87441
87473
87505
87537
87569
87601
87633
87666
87701
87734
87768
87802
87836
87869
87895
87915
87930
87941
87947
87949
87949
87949
87952
87959
87968
87985
88011
88056
88116
88181
88243
88327
88419
88521
88590
88675
88736
88795
88855
88914
88972
89032
89091
89152
89213
89273
89327
89388
89450
89509
89568
89628
89685
89745
89804
89865
89925
89985
90041
90102
90161
90221
90281
90339
90396
90458
90518
90577
90638
90695
90753
90815
90874
90934
90995
91051
91110
91172
91231
91291
91352
91408
91467
91527
91588
91647
91707
91763
91824
91883
91944
92003
92064
92118
92180
92240
92301
92360
92418
92475
92537
92597
92656
92717
92773
92832
92894
92953
93013
93074
93130
93189
93249
93310
93370
93429
93486
93546
93606
93667
93726
93786
93841
93903
93962
94023
94082
94141
94197
94259
94319
94379
94439
94496
94554
94616
94666
94713
94753
94788
94824
94856
94884
94912
94932
94951
94964
94976
94984
94988
94989
94990
94991
94993
94994
94995
94997
94998
95000
95002
95005
95009
95016
95020
95022
95023
95025
95026
95027
95029
95030
95032
95033
95035
95036
95037
95039
95040
95042
95043
95044
95046
95047
95049
95050
95051
95053
95054
95056
95057
95059
95060
95061
95063
95064
95066
95067
95068
95070
95071
95073
95074
95076
95077
95078
95080
95081
95083
95084
95085
95087
95088
95090
95091
95092
95094
95095
95097
95098
95100
95101
95102
95104
95105
95107
95108
95109
95111
95112
95114
95115
95117
95118
95119
95121
95122
95124
95125
95126
95128
95129
95131
95132
95133
95135
95137
95138
95138
95138
95138
95139
95143
95149
95159
95183
95207
95251
95306
95366
95434
95500
95565
95625
95660
95690
95721
95758
95792
95824
95855
95883
95915
95947
95980
96011
96042
96074
96106
96137
96168
96198
96230
96260
96291
96323
96353
96385
96416
96447
96477
96507
96539
96571
96603
96633
96665
96697
96729
96761
96793
96825
96856
96891
96925
96953
96985
97017
97053
97090
97126
97162
97201
97238
97279
97311
97349
97385
97424
97461
97501
97542
97582
97618
97662
97694
97726
97763
97796
97832
97864
97894
97927
97960
97992
98025
98055
98085
98112
98145
98177
98208
98240
98272
98303
98335
98366
98398
98429
98460
98492
98523
98554
98586
98618
98649
98680
98712
98744
98775
98807
98839
98869
98901
98933
98965
98997
99029
99060
99091
99115
99134
99147
99156
99161
99162
99162
99165
99171
99180
99194
99217
99251
99307
99367
99434
99507
99585
99682
99762
99848
99904
99965
100026
100086
100146
100203
100261
100321
100381
100441
100502
100561
100618
100677
100737
100798
100858
100914
100973
101035
101095
101154
101215
101271
101330
101390
101451
101511
101572
101626
101687
101747
101808
101867
101927
101983
102044
102103
102164
102223
102284
102321
102380
102440
102501
102560
102620
102676
102732
102778
102821
102857
102887
102909
102927
102942
102953
102959
102962
102962
102962
102962
102962
102962
102962
102962
102963
102968
102979
102998
103045
103102
103172
103248
103296
103326
103355
103386
103417
103449
103480
103512
103544
103573
103602
103638
103668
103697
103728
103761
103792
103824
103855
103883
103913
103950
103988
104022
104090
104149
104214
104278
104342
104402
104456
104502
104544
104584
104610
104628
104637
104637
104637
104637
104637
104647
104682
104732
104791
104855
104901
104949
105011
105055
105095
105119
105137
105154
105166
105175
105183
105190
105196
105200
105203
105204
105204
105204
105204
105204
105204
105204
105204
105204
105204
105206
105215
105240
105253
105258
105259
105259
105259
105259
105259
105259
105259
105259
105259
105259
105259
105259
105259
105259
105259
105259
105259
105259
105259
105259
105259
105259
105259
105259
105259
105262
105276
105298
105308
105308
105308
105308
105309
105317
105323
105323
105323
105323
105323
105323
105323
105323
105323
105323
105323
105323
105323
105323
105323
105323
105323
105323
105323
105323
105323
105323
105323
105323
105323
105323
105323
105323
105323
105323
105323
105323
105323
105323
105323
105323
105323
105323
105323
105323
105323
105323
105323
105323
105323
105323
105323
105323
105323
105323
105323
105323
105323
105323
105323
105323
105323
105323
105323
105323
105323
105323
105323
105323
105323
105323
105323
105323
105323
105323
105323
105323
105323
105323
105323
105323
105323
105323
105323
105323
105323
105323
105329
105343
105360
105375
105387
105398
105408
105418
105426
105434
105442
105451
105459
105466
105474
105481
105490
105496
105504
105511
105518
105526
105533
105540
105547
105554
105562
105569
105576
105583
105590
105597
105604
105612
105619
105626
105632
105639
105647
105654
105662
105669
105674
105682
105689
105697
105704
105711
105717
105724
105732
105739
105747
105754
105759
105767
105774
105782
105791
105797
105799
105800
105800
105800
105800
105800
105805
105810
105824
105853
105896
105952
106012
106086
106162
106249
106289
106319
106350
106384
106416
106447
106480
106513
106546
106578
106608
106639
106669
106698
106730
106761
106794
106825
106856
106888
106919
106951
106982
107013
107045
107076
107107
107139
107171
107202
107234
107265
107297
107329
107360
107392
107424
107454
107486
107518
107550
107582
107614
107645
107677
107709
107741
107773
107805
107837
107869
107901
107933
107965
107995
108027
108059
108091
108123
108155
108187
108219
108251
108283
108315
108347
108379
108411
108443
108475
108507
108539
108571
108603
108635
108667
108699
108731
108763
108795
108827
108859
108891
108923
108950
108970
108985
108993
108996
108996
108998
109005
109015
109031
109054
109087
109140
109202
109270
109337
109421
109501
109604
109654
109709
109763
109828
109886
109947
110008
110068
110123
110184
110245
110305
110364
110423
110480
110540
110600
110660
110720
110780
110836
110897
110956
111017
111077
111134
111192
111254
111314
111373
111434
111490
111549
111610
111670
111730
111775
111795
111802
111807
111809
111809
111809
111811
111819
111835
111862
111907
111968
112027
112085
112149
112212
112298
112358
112411
112454
112496
112543
112585
112626
112663
112701
112742
112779
112815
112849
112887
112920
112950
112982
113014
113040
113059
113076
113094
113113
113132
113154
113178
113206
113235
113269
113301
113331
113360
113392
113423
113452
113481
113503
113520
113533
113541
113544
113544
113554
113570
113589
113597
113603
113610
113612
113613
113613
113613
113613
113613
113613
113613
113613
113613
113613
113613
113613
113613
113613
113613
113613
113613
113613
113613
113618
113631
113664
113699
113738
113786
113824
113854
113921
113986
114044
114104
114164
114230
114297
114330
114365
114402
114440
114477
114516
114549
114584
114613
114637
114660
114677
114694
114708
114723
114736
114747
114756
114764
114769
114772
114774
114774
114774
114774
114774
114774
114774
114777
114784
114801
114821
114829
114831
114831
114831
114831
114831
114837
114858
114890
114930
114942
114948
114951
114951
114951
114951
114951
114951
114951
114951
114951
114951
114951
114951
114951
114951
114951
114951
114951
114951
114951
114951
114951
114951
114951
114951
114951
114951
114951
114951
114951
114951
114951
114951
114951
114951
114951
114951
114951
114951
114951
114951
114951
114951
114951
114951
114951
114951
114951
114951
114951
114951
114951
114959
114983
115015
115047
115079
115112
115142
115175
115207
115240
115273
115305
115336
115368
115400
115431
115461
115492
115524
115555
115587
115619
115648
115680
115712
115744
115775
115806
115836
115867
115899
115930
115963
115993
116022
116055
116086
116118
116149
116178
116210
116241
116273
116304
116337
116362
116383
116398
116408
116413
116414
116414
116417
116425
116435
116449
116470
116508
116559
116618
116678
116745
116774
116800
116828
116856
116884
116911
116936
116961
116990
117019
117047
117075
117102
117129
117157
117184
117212
117238
117266
117294
117320
117348
117376
117402
117430
117458
117486
117512
117540
117567
117595
117623
117651
117679
117705
117733
117761
117789
117817
117844
117868
117886
117899
117905
117911
117915
117919
117921
117923
117923
117923
117923
117924
117928
117936
117951
117975
118019
118079
118140
118215
118293
118367
118436
118521
118575
118628
118681
118735
118789
118844
118898
118949
119002
119059
119112
119166
119215
119258
119309
119369
119449
119538
119600
119643
119675
119696
119713
119723
119731
119738
119744
119747
119750
119750
119750
119750
119750
119750
119762
119809
119870
119926
119947
119952
119953
119966
119980
119990
119995
119996
119996
119996
119996
119996
119996
120000
