Time needed: 367.67 s
Distance travelled: 717.49 m
Total rotation: 11835.3°
Objects found after: 224.97 s, 268.50 s, 299.70 s

+++ following progress ticks +++
465
508
587
655
719
781
799
896
941
984
1071
1123
1173
1242
1287
1357
1421
1471
1539
1594
1645
1718
1776
1849
1904
1954
2044
2103
2159
2219
2281
2351
2402
2451
2522
2567
2632
2684
2745
2815
2868
2941
2990
3047
3112
3179
3240
3288
3360
3418
3469
3525
3597
3660
3708
3767
3836
3886
3961
4011
4094
4138
4193
4257
4318
4367
4428
4490
4554
4614
4675
4744
4786
4854
4924
4969
5047
5105
5153
5207
5290
5345
5406
5456
5525
5584
5632
5690
5767
5816
5887
5943
6008
6065
6125
6180
6248
6307
6353
6418
6483
6537
6604
6654
6726
6791
6836
6906
6965
7018
7088
7141
7220
7272
7314
7376
7444
7505
7573
7618
7688
7742
7797
7884
7924
8004
8049
8106
8158
8228
8281
8337
8392
8462
8516
8588
8618
8677
8734
8767
8799
8828
8861
8893
8926
8958
8989
9021
9053
9085
9116
9145
9183
9217
9252
9287
9325
9362
9401
9441
9483
9511
9553
9592
9636
9684
9730
9776
9821
9867
9921
9969
10023
10073
10126
10178
10234
10290
10345
10404
10460
10517
10579
10639
10697
10758
10814
10873
10935
10994
11054
11115
11171
11230
11290
11351
11411
11470
11527
11587
11647
11708
11767
11827
11882
11944
12003
12064
12123
12181
12238
12300
12360
12420
12480
12537
12595
12657
12716
12776
12837
12893
12952
13013
13073
13133
13194
13250
13309
13369
13430
13489
13549
13605
13666
13725
13786
13845
13906
13960
14022
14082
14143
14202
14260
14317
14379
14439
14498
14559
14616
14674
14736
14795
14855
14916
14972
15031
15092
15152
15212
15271
15329
15388
15448
15509
15568
15628
15683
15745
15804
15865
15924
15983
16039
16101
16161
16221
16281
16338
16396
16458
16517
16577
16638
16694
16753
16815
16874
16934
16995
17051
17110
17170
17231
17290
17350
17406
17467
17527
17587
17646
17707
17761
17823
17883
17944
18003
18061
18118
18180
18240
18299
18360
18417
18475
18537
18596
18656
18717
18773
18832
18893
18953
19013
19073
19130
19189
19249
19310
19369
19429
19484
19546
19605
19663
19714
19757
19793
19831
19863
19896
19929
19963
19999
20031
20059
20068
20103
20146
20201
20261
20320
20380
20441
20516
20592
20638
20680
20714
20746
20782
20815
20851
20884
20913
20946
20979
21011
21044
21074
21103
21131
21164
21196
21227
21258
21291
21322
21354
21385
21417
21448
21479
21511
21541
21573
21605
21637
21668
21699
21731
21763
21794
21826
21856
21888
21920
21952
21984
22027
22059
22091
22123
22154
22185
22217
22249
22281
22312
22343
22375
22407
22439
22471
22503
22535
22567
22599
22631
22663
22695
22727
22759
22791
22823
22855
22887
22919
22951
22983
23015
23047
23079
23111
23143
23175
23207
23239
23271
23303
23335
23367
23399
23431
23463
23495
23527
23559
23591
23623
23655
23687
23719
23751
23783
23815
23847
23879
23911
23943
23975
24007
24039
24071
24103
24135
24167
24199
24231
24263
24295
24327
24359
24391
24423
24455
24487
24519
24551
24583
24615
24647
24679
24711
24743
24775
24814
24869
24940
25015
25075
25133
25192
25248
25331
25420
25500
25590
25694
25786
25864
25955
26014
26074
26131
26191
26251
26311
26370
26431
26486
26548
26607
26667
26727
26785
26842
26904
26964
27023
27084
27141
27199
27261
27320
27380
27441
27497
27556
27617
27677
27737
27797
27854
27913
27973
28034
28093
28153
28208
28270
28329
28390
28449
28508
28564
28626
28686
28746
28806
28863
28921
28983
29043
29102
29163
29219
29278
29340
29399
29459
29520
29576
29635
29695
29756
29815
29875
29932
29992
30052
30113
30172
30232
30287
30349
30395
30439
30501
30577
30658
30724
30784
30842
30910
30968
31036
31107
31166
31229
31291
31352
31412
31466
31528
31589
31648
31708
31767
31824
31884
31944
32005
32065
32125
32180
32241
32301
32361
32421
32480
32535
32597
32657
32718
32777
32835
32892
32954
33013
33074
33134
33191
33249
33311
33370
33430
33491
33547
33606
33667
33727
33787
33847
33904
33963
34023
34084
34143
34203
34258
34320
34379
34440
34499
34558
34614
34676
34736
34796
34856
34913
34971
35033
35093
35152
35213
35269
35328
35390
35449
35509
35570
35626
35685
35736
35783
35822
35859
35889
35921
35957
35988
36025
36057
36089
36119
36146
36166
36179
36187
36194
36197
36198
36200
36208
36222
36239
36260
36289
36321
36358
36411
36467
36524
36555
36576
36595
36616
36636
36656
36676
36697
36715
36734
36755
36775
36796
36813
36833
36854
36874
36895
36915
36931
36952
36972
36993
37013
37033
37051
37071
37092
37112
37132
37150
37169
37190
37210
37231
37251
37268
37289
37309
37330
37350
37370
37387
37407
37428
37448
37469
37489
37506
37527
37547
37568
37588
37607
37625
37645
37666
37686
37706
37726
37743
37764
37784
37806
37829
37846
37857
37863
37866
37866
37866
37866
37866
37866
37866
37866
37866
37866
37866
37866
37866
37866
37866
37866
37866
37866
37867
37870
37881
37907
37942
37979
38014
38044
38083
38118
38155
38189
38227
38260
38294
38331
38367
38404
38438
38469
38508
38543
38580
38614
38650
38683
38718
38755
38791
38828
38861
38894
38933
38967
39004
39039
39072
39108
39143
39180
39215
39253
39285
39319
39357
39392
39429
39463
39496
39533
39568
39605
39639
39676
39709
39744
39780
39816
39853
39887
39919
39958
39993
40029
40064
40097
40133
40168
40205
40240
40278
40305
40325
40340
40346
40347
40355
40379
40403
40431
40466
40511
40570
40631
40693
40753
40815
40850
40883
40912
40946
40981
41015
41047
41074
41107
41139
41171
41203
41235
41266
41296
41327
41358
41388
41419
41447
41479
41510
41542
41574
41605
41636
41668
41700
41731
41762
41794
41826
41858
41889
41921
41953
41984
42016
42048
42079
42111
42143
42175
42207
42239
42270
42302
42334
42366
42398
42430
42461
42493
42525
42557
42589
42621
42653
42685
42717
42749
42781
42813
42845
42877
42909
42941
42973
43004
43036
43068
43100
43132
43164
43196
43228
43260
43288
43309
43324
43335
43341
43347
43351
43355
43357
43359
43359
43359
43359
43359
43362
43369
43383
43410
43455
43517
43582
43652
43740
43798
43882
43953
44006
44058
44107
44162
44214
44268
44320
44370
44422
44476
44529
44581
44635
44684
44736
44790
44842
44896
44949
44998
45051
45103
45158
45209
45262
45312
45365
45418
45470
45523
45576
45624
45679
45731
45786
45837
45888
45939
45993
46046
46093
46103
46116
46147
46202
46270
46339
46401
46463
46522
46588
46646
46716
46779
46828
46892
46950
47014
47076
47135
47195
47254
47312
47371
47431
47492
47552
47612
47667
47728
47790
47848
47908
47967
48018
48064
48107
48144
48177
48210
48242
48276
48310
48339
48364
48388
48404
48417
48426
48430
48434
48448
48465
48484
48503
48523
48545
48570
48602
48643
48697
48742
48762
48780
48803
48819
48832
48837
48840
48840
48840
48840
48840
48840
48840
48840
48852
48880
48913
48951
48987
49018
49052
49083
49120
49151
49179
49207
49249
49276
49310
49341
49375
49408
49444
49480
49509
49531
49553
49570
49583
49590
49597
49602
49606
49609
49611
49611
49611
49611
49611
49611
49611
49611
49613
49622
49639
49670
49724
49783
49836
49914
49947
49979
50010
50042
50073
50104
50133
50157
50176
50191
50202
50209
50214
50215
50215
50217
50224
50234
50247
50263
50286
50306
50324
50336
50345
50353
50357
50357
50357
50357
50357
50357
50357
50357
50357
50357
50357
50357
50357
50357
50357
50357
50357
50357
50357
50357
50357
50357
50357
50357
50357
50357
50357
50357
50357
50362
50388
50427
50475
50517
50555
50587
50621
50653
50687
50733
50782
50828
50876
50921
50966
51014
51060
51109
51155
51202
51247
51293
51341
51388
51436
51481
51524
51574
51620
51669
51714
51760
51806
51853
51901
51948
51996
52039
52085
52135
52180
52228
52275
52319
52367
52414
52462
52508
52556
52600
52646
52694
52741
52789
52834
52878
52928
52973
53022
53067
53114
53159
53206
53254
53301
53349
53392
53438
53488
53534
53581
53628
53672
53720
53767
53812
53849
53881
53904
53927
53945
53958
53969
53975
53978
53978
53978
53978
53978
53978
53978
53981
53987
53998
54020
54062
54121
54182
54256
54305
54335
54363
54392
54421
54446
54475
54505
54534
54564
54593
54623
54653
54682
54711
54740
54770
54800
54829
54859
54888
54918
54948
54977
55007
55037
55065
55095
55125
55155
55185
55215
55244
55274
55304
55334
55364
55393
55423
55453
55482
55512
55542
55572
55602
55632
55662
55692
55722
55752
55782
55812
55842
55872
55902
55932
55962
55992
56022
56052
56081
56111
56141
56171
56201
56231
56261
56291
56321
56351
56381
56411
56441
56471
56500
56519
56528
56533
56534
56538
56556
56581
56625
56682
56744
56797
56864
56948
57040
57129
57219
57328
57399
57495
57554
57615
57671
57730
57791
57851
57911
57971
58028
58087
58147
58208
58267
58327
58383
58444
58503
58564
58623
58682
58738
58800
58860
58920
58980
59038
59095
59157
59217
59276
59337
59393
59452
59514
59569
59613
59671
59734
59785
59814
59837
59853
59863
59872
59892
59923
59962
60010
60067
60126
60194
60269
60334
60383
60418
60452
60481
60536
60568
60598
60630
60664
60698
60727
60761
60793
60823
60855
60885
60908
60930
60948
60966
60982
60994
61006
61013
61015
61015
61015
61015
61015
61021
61033
61051
61079
61116
61162
61205
61233
61265
61292
61321
61349
61378
61404
61428
61456
61485
61514
61541
61568
61596
61624
61651
61679
61705
61731
61757
61782
61810
61837
61865
61892
61919
61947
61975
62003
62030
62057
62085
62113
62141
62168
62196
62223
62251
62279
62307
62334
62360
62380
62395
62406
62413
62418
62419
62419
62421
62427
62436
62450
62473
62505
62560
62621
62689
62755
62838
62937
63038
63105
63175
63235
63295
63356
63416
63471
63531
63593
63653
63707
63731
63740
63745
63746
63748
63749
63751
63752
63753
63753
63753
63753
63753
63753
63753
63753
63753
63753
63753
63753
63753
63753
63753
63753
63753
63753
63753
63753
63753
63753
63753
63753
63753
63753
63753
63753
63753
63753
63753
63753
63753
63753
63753
63753
63753
63753
63753
63753
63753
63768
63805
63852
63903
63963
64022
64085
64141
64203
64267
64306
64345
64391
64436
64470
64509
64539
64586
64658
64721
64778
64804
64854
64903
64953
64994
65034
65076
65115
65156
65194
65231
65272
65311
65352
65391
65431
65470
65509
65549
65589
65630
65667
65705
65748
65787
65828
65866
65903
65944
65984
66025
66064
66106
66142
66181
66223
66262
66303
66341
66379
66420
66460
66500
66539
66580
66617
66657
66697
66737
66778
66815
66853
66896
66935
66975
67014
67052
67092
67132
67173
67212
67254
67290
67329
67371
67410
67451
67490
67527
67568
67608
67649
67687
67728
67766
67805
67845
67885
67926
67965
68001
68044
68083
68124
68158
68185
68208
68227
68241
68250
68255
68257
68257
68257
68257
68258
68261
68269
68282
68301
68333
68386
68447
68509
68587
68639
68670
68701
68730
68759
68791
68822
68854
68886
68918
68949
68981
69012
69043
69074
69106
69138
69168
69200
69232
69264
69295
69326
69358
69390
69421
69453
69484
69515
69547
69579
69611
69643
69675
69706
69738
69770
69802
69834
69866
69898
69930
69961
69992
70024
70056
70088
70120
70152
70184
70216
70248
70280
70312
70344
70376
70408
70440
70472
70504
70536
70568
70600
70632
70664
70696
70728
70760
70792
70824
70856
70888
70920
70952
70984
71016
71048
71080
71112
71144
71176
71208
71240
71272
71304
71336
71368
71400
71432
71464
71496
71528
71560
71592
71624
71656
71688
71720
71752
71784
71816
71848
71880
71912
71944
71976
72008
72040
72072
72104
72136
72168
72200
72232
72264
72296
72328
72360
72392
72424
72456
72488
72520
72552
72584
72616
72648
72680
72712
72744
72776
72808
72840
72872
72904
72936
72968
73000
73032
73064
73096
73128
73160
73192
73224
73256
73288
73320
73352
73384
73416
73451
73500
73566
73647
73714
73771
73833
73886
73924
73973
74035
74091
74143
74195
74244
74287
74326
74360
74392
74425
74457
74486
74519
74551
74584
74615
74646
74677
74708
74738
74768
74797
74829
74860
74892
74923
74955
74986
75017
75049
75080
75112
75143
75175
75207
75238
75270
75302
75333
75365
75397
75428
75460
75491
75523
75555
75587
75619
75651
75682
75714
75746
75778
75810
75842
75874
75906
75938
75968
76000
76032
76064
76096
76128
76160
76192
76224
76256
76288
76320
76352
76384
76416
76448
76480
76512
76544
76576
76608
76640
76672
76704
76736
76768
76800
76832
76864
76896
76928
76960
76992
77024
77056
77088
77120
77152
77184
77216
77248
77280
77312
77344
77376
77408
77440
77472
77504
77536
77568
77600
77632
77664
77696
77728
77760
77792
77824
77856
77888
77920
77952
77984
78016
78048
78080
78112
78144
78176
78208
78240
78272
78304
78336
78371
78419
78485
78563
78632
78689
78746
78805
78883
78970
79048
79133
79239
79348
79436
79512
79570
79629
79689
79749
79810
79871
79926
79986
80046
80107
80167
80224
80282
80343
80403
80463
80523
80580
80638
80699
80759
80819
80880
80935
80995
81057
81116
81175
81236
81293
81352
81412
81473
81533
81592
81648
81709
81769
81829
81888
81948
82003
82065
82125
82186
82245
82303
82360
82422
82482
82541
82602
82659
82717
82779
82838
82898
82959
83015
83074
83135
83195
83255
83314
83372
83431
83491
83552
83611
83671
83726
83788
83847
83908
83967
84025
84081
84143
84197
84255
84310
84363
84418
84470
84518
84565
84614
84656
84701
84748
84790
84835
84879
84916
84960
85000
85042
85078
85117
85151
85185
85221
85256
85290
85323
85352
85385
85416
85444
85475
85505
85538
85569
85603
85634
85666
85697
85729
85761
85791
85823
85855
85886
85922
85953
85987
86016
86052
86083
86112
86145
86176
86207
86238
86270
86302
86333
86368
86408
86453
86502
86562
86624
86683
86742
86802
86859
86919
86978
87039
87099
87159
87215
87276
87330
87378
87421
87456
87487
87520
87554
87590
87625
87658
87690
87720
87753
87786
87818
87849
87878
87910
87937
87969
88001
88033
88064
88096
88127
88159
88190
88220
88245
88265
88282
88295
88305
88312
88315
88315
88315
88317
88322
88330
88344
88363
88395
88445
88508
88572
88639
88725
88822
88906
88957
89011
89065
89129
89188
89247
89305
89360
89417
89478
89535
89594
89653
89694
89731
89770
89805
89841
89878
89909
89943
89977
90007
90037
90067
90096
90125
90153
90181
90208
90231
90255
90278
90300
90322
90339
90358
90375
90393
90405
90415
90422
90427
90430
90430
90430
90430
90430
90430
90430
90430
90430
90430
90430
90430
90430
90430
90430
90430
90430
90430
90430
90430
90430
90430
90430
90454
90485
90519
90550
90581
90614
90642
90671
90695
90722
90748
90773
90796
90817
90836
90854
90875
90895
90912
90930
90946
90963
90975
90988
90999
91012
91018
91025
91032
91040
91045
91051
91055
91058
91060
91060
91061
91062
91062
91062
91062
91075
91112
91140
91173
91213
91253
91290
91326
91361
91394
91423
91453
91482
91519
91547
91578
91605
91639
91676
91706
91739
91769
91802
91838
91873
91909
91947
91994
92042
92086
92131
92174
92217
92261
92304
92349
92394
92439
92479
92522
92569
92613
92657
92700
92742
92787
92831
92876
92920
92964
93006
93049
93093
93134
93173
93205
93233
93267
93301
93332
93365
93395
93429
93460
93490
93523
93552
93584
93614
93636
93646
93651
93651
93657
93674
93694
93720
93762
93822
93883
93942
93988
94037
94084
94146
94205
94232
94250
94267
94285
94299
94314
94323
94331
94340
94351
94358
94365
94372
94378
94382
94386
94388
94391
94394
94400
94408
94418
94427
94433
94439
94444
94453
94458
94461
94465
94469
94472
94472
94472
94472
94472
94472
94472
94472
94472
94472
94472
94472
94472
94472
94472
94472
94478
94494
94514
94530
94545
94559
94572
94582
94595
94603
94611
94619
94625
94630
94636
94642
94647
94651
94653
94653
94653
94654
94654
94654
94654
94654
94659
94671
94691
94717
94747
94780
94818
94859
94904
94953
95004
95057
95113
95171
95229
95287
95345
95403
95461
95521
95579
95639
95696
95754
95811
95869
95928
95986
96044
96102
96159
96217
96275
96333
96393
96452
96510
96568
96626
96682
96740
96798
96856
96914
96972
97030
97088
97146
97204
97262
97320
97378
97436
97494
97552
97610
97668
97726
97784
97843
97900
97947
98006
98080
98155
98212
98273
98331
98352
98392
98446
98498
98544
98587
98628
98661
98691
98724
98758
98791
98818
98850
98883
98915
98946
98978
99009
99040
99071
99102
99123
99155
99186
99217
99249
99280
99311
99343
99374
99402
99425
99445
99458
99467
99472
99473
99473
99474
99479
99487
99501
99518
99540
99565
99616
99679
99743
99812
99903
100001
100077
100150
100211
100262
100316
100375
100432
100491
100550
100611
100672
100731
100786
100847
100909
100968
101027
101087
101143
101194
101239
101280
101316
101346
101379
101413
101448
101485
101513
101546
101578
101606
101626
101643
101658
101669
101676
101679
101680
101680
101684
101692
101704
101720
101743
101772
101801
101841
101884
101928
101945
101952
101958
101963
101968
101973
101974
101974
101974
101974
101974
101974
101974
101977
101977
101977
101981
101990
102010
102041
102064
102085
102096
102105
102106
102106
102106
102106
102106
102106
102106
102111
102145
102187
102239
102293
102353
102413
102470
102533
102588
102649
102709
102768
102825
102880
102930
102970
103006
103037
103071
103102
103138
103170
103202
103235
103268
103298
103325
103357
103389
103422
103453
103484
103516
103547
103579
103611
103641
103673
103704
103735
103768
103799
103831
103862
103893
103925
103942
103981
104036
104104
104174
104233
104290
104354
104406
104483
104573
104652
104737
104842
104951
105039
105103
105156
105210
105262
105315
105369
105422
105472
105524
105580
105636
105692
105745
105802
105862
105920
105979
106040
106092
106142
106185
106224
106257
106290
106322
106358
106390
106423
106457
106490
106523
106553
106581
106613
106645
106678
106710
106741
106772
106804
106835
106866
106898
106928
106959
106990
107021
107052
107083
107114
107143
107174
107205
107241
107278
107313
107342
107379
107409
107441
107468
107501
107540
107569
107603
107634
107667
107701
107735
107773
107810
107847
107898
107942
107987
108030
108075
108117
108160
108205
108250
108295
108335
108378
108425
108469
108513
108557
108598
108643
108687
108732
108776
108822
108862
108905
108950
108995
109040
109082
109124
109170
109213
109258
109301
109347
109387
109431
109476
109521
109564
109596
109625
109649
109669
109684
109696
109707
109716
109723
109729
109733
109736
109737
109737
109737
109737
109737
109737
109737
109737
109737
109737
109740
109749
109776
109833
109898
109970
110015
110041
110066
110093
110121
110148
110175
110203
110231
110258
110285
110313
110340
110368
110395
110423
110450
110478
110506
110533
110561
110589
110616
110643
110671
110699
110727
110755
110783
110810
110838
110866
110894
110922
110950
110977
111005
111032
111060
111088
111116
111144
111172
111200
111228
111256
111284
111312
111340
111368
111396
111424
111452
111480
111508
111536
111564
111592
111620
111647
111675
111703
111731
111759
111787
111815
111843
111871
111904
111935
111971
112003
112031
112042
112047
112091
112150
112209
112269
112324
112389
112469
112565
112634
112737
112849
112954
113028
113096
113157
113217
113277
113338
113398
113453
113514
113574
113634
113694
113753
113808
113870
113930
113990
114050
114108
114165
114227
114286
114346
114407
114463
114522
114584
114643
114703
114764
114820
114879
114939
114996
115041
115077
115130
115200
115269
115336
115398
115456
115517
115582
115641
115724
115804
115864
115921
115983
116048
116103
116166
116229
116289
116349
116401
116444
116487
116523
116556
116588
116622
116656
116689
116721
116748
116769
116787
116803
116815
116826
116834
116839
116843
116844
116844
116844
116844
116846
116852
116860
116875
116894
116916
116948
116992
117035
117052
117054
117054
117054
117054
117054
117054
117054
117054
117054
117054
117054
117054
117054
117054
117054
117054
117054
117054
117054
117054
117069
117097
117127
117160
117192
117223
117261
117289
117321
117351
117381
117411
117439
117467
117493
117523
117554
117583
117629
117669
117707
117768
117832
117893
117951
117977
117988
117993
117994
117994
118003
118029
118061
118094
118129
118170
118204
118248
118293
118330
118366
118397
118429
118461
118494
118524
118552
118570
118583
118590
118595
118596
118598
118607
118619
118634
118649
118662
118679
118702
118730
118765
118774
118775
118775
118775
118775
118775
118775
118775
118775
118775
118775
118775
118775
118776
118776
118776
118776
118776
118776
118776
118776
118776
118776
118776
118779
118789
118807
118823
118831
118832
118832
118832
118832
118832
118832
118832
118836
118849
118849
118849
118849
118849
118849
118849
118849
118849
118849
118849
118849
118849
118849
118849
118849
118849
118849
118849
118849
118849
118849
118849
118849
118849
118849
118849
118849
118849
118849
118849
118849
118849
118849
118853
118853
118853
118853
118853
118853
118853
118853
118853
118853
118853
118853
118853
118853
118853
118853
118853
118854
118856
118860
118864
118870
118876
118884
118894
118907
118924
118943
118966
118991
119019
119047
119075
119103
119131
119159
119187
119215
119241
119262
119278
119291
119302
119311
119318
119321
119321
119321
119322
119330
119359
119396
119418
119431
119437
119440
119441
119441
119441
119441
119441
119441
119441
119441
119441
119441
119441
119441
119441
119441
119441
119441
119441
119441
119441
119441
119441
119441
119441
119441
119441
119441
119441
119441
119441
119441
119441
119441
119441
119441
119441
119441
119441
119441
119441
119441
119441
119441
119441
119441
119441
119441
119441
119441
119441
119441
119441
119441
119441
119441
119441
119441
119441
119441
119441
119441
119441
119441
119441
119441
119441
119441
119441
119441
119442
119442
119443
119443
119443
119443
119443
119443
119443
119443
119443
119443
119443
119443
119443
119443
119443
119443
119443
119443
119443
119443
119443
119443
119443
119443
119443
119443
119443
119443
119443
119443
119443
119443
119443
119443
119443
119443
119443
119443
119443
119443
119443
119443
119443
119443
119443
119443
119443
119443
119443
119443
119443
119443
119443
119443
119443
119443
119444
119445
119450
119467
119497
119533
119567
119601
119637
119671
119707
119739
119763
119778
119792
119802
119805
119805
119805
119809
119817
119825
119841
119866
119878
119879
119879
119879
119879
119879
119879
119879
119879
119879
119879
119879
119879
119879
119879
119879
119879
119879
119879
119879
119879
119879
119879
119879
119879
119879
119879
119879
119879
119879
119879
119879
119879
119879
119879
119879
119879
119879
119879
119879
119879
119879
119879
119879
119879
119879
119879
119879
119879
119879
119879
119879
119879
119879
119879
119879
119879
119879
119879
119879
119879
119879
119879
119879
119879
119879
119879
119879
119879
119879
119879
119879
119879
119879
119879
119879
119879
119879
119879
119879
119879
119879
119879
119879
119879
119879
119879
119879
119879
119879
119879
119879
119879
119886
119889
119889
119889
119889
119889
119889
119889
119889
119889
119889
119889
119889
119889
119889
119889
119889
119889
119889
119889
119889
119889
119889
119889
119889
119889
119889
119889
119889
119889
119889
119889
119889
119889
119889
119889
119889
119889
119889
119889
119889
119889
119889
119889
119889
119889
119889
119889
119889
119889
119889
119889
119889
119889
119889
119889
119889
119889
119889
119889
119889
119889
119889
119889
119889
119889
119889
119889
119889
119889
119889
119889
119889
119889
119889
119889
119889
119889
119889
119889
119889
119889
119889
119889
119889
119889
119889
119889
119889
119889
119889
119889
119889
119889
119889
119889
119889
119889
119889
119889
119889
119889
119889
119889
119889
119889
119889
119889
119889
119889
119889
119889
119889
119889
119889
119889
119889
119889
119889
119889
119889
119889
119889
119889
119889
119889
119892
119895
119897
119901
119903
119906
119909
119912
119915
119918
119920
119925
119932
119942
119955
119969
119980
119987
119995
119999
