463.7
513.1
596.6
657.3
723.3
785.4
819.9
883.4
946.7
1000.5
1069.0
1123.7
1186.1
1246.6
1304.9
1362.8
1427.0
1485.4
1542.7
1602.9
1665.9
1729.0
1784.9
1848.2
1905.8
1960.5
2043.6
2105.8
2166.7
2228.3
2285.7
2349.9
2405.3
2467.7
2524.3
2584.4
2648.0
2706.6
2765.3
2824.3
2883.3
2947.5
3006.9
3061.5
3127.0
3187.5
3244.4
3303.7
3369.2
3426.7
3488.9
3546.2
3607.4
3666.0
3728.0
3783.3
3846.4
3904.2
3970.7
4024.8
4085.6
4146.2
4200.2
4256.6
4314.3
4369.1
4427.2
4478.7
4537.5
4592.3
4644.2
4696.4
4747.2
4799.2
4851.9
4900.6
4955.4
4999.8
5052.1
5094.8
5146.4
5199.9
5246.2
5296.3
5345.5
5393.0
5443.8
5496.4
5552.2
5611.2
5666.8
5722.8
5777.5
5830.5
5889.4
5946.0
6004.3
6060.7
6109.1
6164.8
6218.8
6267.3
6320.3
6368.3
6423.5
6477.0
6522.4
6579.2
6632.4
6683.0
6737.9
6790.1
6846.3
6898.8
6947.8
7003.8
7057.0
7107.6
7161.9
7209.3
7258.3
7306.0
7354.4
7404.9
7453.7
7503.7
7550.6
7597.3
7645.2
7694.7
7742.4
7789.6
7837.0
7885.9
7935.2
7983.7
8026.7
8072.6
8119.1
8162.6
8206.7
8250.5
8294.7
8338.3
8382.7
8427.0
8471.2
8515.0
8559.5
8604.5
8649.6
8694.7
8740.3
8786.1
8832.0
8878.3
8924.9
8972.2
9018.6
9066.0
9113.8
9145.8
9194.1
9242.1
9290.1
9338.9
9387.5
9436.6
9485.2
9534.9
9584.3
9634.0
9683.6
9733.8
9783.7
9834.8
9884.4
9935.0
9985.0
10036.7
10087.5
10138.6
10189.7
10240.5
10291.5
10343.2
10394.5
10445.9
10496.7
10547.3
10597.4
10647.6
10696.6
10745.1
10793.9
10842.9
10892.2
10941.6
10990.7
11039.6
11087.8
11136.7
11185.7
11234.9
11283.7
11331.9
11380.8
11429.1
11478.5
11527.2
11575.9
11624.1
11672.7
11721.1
11770.6
11819.5
11868.2
11916.6
11965.1
12013.9
12063.5
12112.2
12160.9
12209.3
12258.0
12307.0
12356.6
12405.2
12453.7
12502.3
12550.9
12600.1
12649.2
12698.1
12746.1
12793.3
12840.1
12886.6
12933.0
12978.4
13024.7
13073.1
13122.4
13172.7
13221.4
13270.1
13321.3
13375.8
13430.0
13486.5
13539.8
13593.4
13646.3
13700.9
13758.1
13815.6
13872.9
13931.2
13991.9
14050.6
14104.9
14157.5
14208.8
14260.0
14310.8
14361.6
14411.7
14460.3
14509.8
14558.4
14606.8
14655.1
14703.7
14751.1
14799.0
14846.1
14892.0
14937.2
14981.6
15025.6
15070.0
15113.6
15156.7
15201.8
15247.7
15295.3
15342.5
15387.8
15432.4
15479.0
15525.2
15568.3
15613.8
15658.5
15703.9
15749.7
15794.8
15842.6
15890.4
15937.0
15983.1
16029.4
16074.5
16119.4
16167.3
16212.7
16260.0
16309.4
16359.2
16412.4
16467.2
16522.3
16579.0
16632.4
16685.5
16742.5
16802.0
16860.9
16919.3
16974.5
17033.0
17092.3
17147.5
17198.7
17249.8
17298.8
17348.3
17398.8
17448.4
17498.1
17547.5
17596.0
17645.3
17693.7
17740.7
17786.6
17831.0
17874.6
17919.5
17963.9
18007.7
18049.2
18090.7
18134.6
18180.2
18225.9
18272.1
18317.2
18363.5
18412.2
18462.1
18513.8
18562.1
18610.3
18656.6
18705.2
18754.6
18800.4
18846.1
18890.3
18933.2
18978.8
19023.3
19068.2
19112.2
19155.8
19199.0
19243.8
19286.7
19328.8
19371.1
19414.3
19454.7
19502.5
19548.7
19593.6
19637.4
19681.5
19725.8
19770.4
19816.1
19863.5
19907.3
19950.9
19995.0
20039.3
20083.9
20127.6
20171.7
20214.4
20258.4
20302.4
20345.2
20388.1
20431.2
20473.5
20517.1
20560.3
20603.2
20645.2
20701.4
20743.9
20786.9
20829.4
20871.3
20913.6
20954.5
20996.4
21038.4
21080.3
21121.3
21162.9
21203.4
21245.3
21287.0
21328.6
21369.4
21410.6
21450.8
21492.2
21533.3
21573.9
21614.7
21655.2
21694.6
21736.3
21779.0
21823.4
21868.8
21910.8
21952.9
21994.8
22037.3
22082.7
22130.7
22174.7
22221.2
22270.4
22319.6
22367.1
22416.8
22466.3
22517.1
22572.5
22628.7
22683.2
22735.0
22784.3
22836.3
22887.1
22938.0
22988.9
23039.1
23090.1
23140.9
23191.3
23241.1
23291.6
23339.6
23387.7
23436.7
23485.3
23533.5
23581.7
23629.1
23676.9
23725.5
23774.5
23822.3
23871.0
23918.4
23966.8
24013.3
24061.5
24110.7
24161.2
24208.5
24257.3
24305.6
24354.6
24405.6
24458.6
24509.3
24564.5
24620.5
24674.7
24725.9
24777.3
24829.7
24885.8
24942.0
24995.8
25049.3
25102.5
25156.2
25213.8
25270.4
25325.2
25380.6
25436.0
25490.0
25541.4
25594.9
25644.4
25693.7
25740.3
25787.9
25835.7
25881.6
25925.8
25969.8
26011.5
26054.9
26098.2
26141.2
26184.3
26227.2
26271.4
26318.2
26363.1
26409.2
26454.6
26498.6
26541.5
26585.2
26630.3
26676.1
26720.0
26764.6
26806.7
26851.2
26895.7
26940.4
26985.8
27031.3
27078.5
27126.9
27176.5
27224.9
27271.9
27316.0
27360.8
27406.0
27450.3
27494.3
27539.9
27585.0
27630.3
27673.7
27717.2
27760.7
27803.4
27846.8
27892.6
27939.2
27986.4
28034.6
28081.9
28128.4
28173.8
28218.1
28260.8
28303.5
28345.9
28387.6
28430.5
28472.0
28514.4
28556.7
28597.8
28640.0
28682.4
28724.1
28765.7
28805.9
28845.2
28884.5
28922.7
28959.0
28997.9
29037.4
29078.1
29118.0
29156.8
29194.7
29234.4
29272.4
29310.7
29349.2
29385.3
29421.9
29456.9
29491.9
29527.2
29561.5
29597.2
29632.6
29668.4
29706.0
29744.1
29781.5
29818.7
29857.1
29895.9
29937.8
29978.5
30018.4
30059.7
30102.6
30146.2
30191.3
30237.7
30280.2
30321.3
30361.6
30401.2
30440.9
30479.6
30517.9
30556.5
30595.0
30633.8
30672.3
30710.9
30749.0
30788.0
30827.3
30867.4
30909.9
30953.3
30997.4
31043.7
31088.7
31134.3
31179.2
31222.2
31265.6
31307.8
31351.2
31396.9
31444.1
31492.5
31540.7
31588.9
31633.7
31681.6
31729.9
31778.2
31828.4
31875.0
31921.9
31968.6
32014.3
32060.1
32105.2
32153.6
32203.8
32252.7
32303.2
32356.2
32407.3
32457.5
32507.4
32556.6
32606.4
32655.4
32704.5
32753.6
32802.9
32851.1
32899.3
32946.5
32992.2
33037.4
33082.0
33124.7
33167.5
33209.7
33251.6
33292.7
33334.1
33373.7
33414.6
33457.2
33501.6
33544.2
33587.4
33630.9
33674.6
33717.0
33761.0
33805.4
33849.7
33895.6
33941.5
33987.0
34029.6
34072.0
34113.7
34155.9
34196.6
34237.1
34278.1
34319.1
34359.3
34401.4
34444.5
34487.5
34531.0
34575.2
34619.6
34664.6
34708.6
34753.0
34797.5
34842.2
34886.9
34931.7
34975.5
35019.8
35062.0
35104.0
35146.3
35187.6
35229.3
35273.7
35317.0
35360.0
35403.9
35446.6
35488.9
35532.5
35576.0
35620.8
35665.1
35708.9
35752.2
35795.2
35836.9
35879.6
35921.1
35961.5
36002.9
36043.1
36084.2
36125.9
36169.4
36212.0
36255.3
36297.0
36339.0
36379.7
36419.8
36458.5
36498.1
36535.1
36573.2
36612.0
36649.6
36688.1
36727.2
36764.7
36801.1
36839.6
36877.8
36915.3
36953.3
36991.2
37030.3
37068.1
37103.5
37140.1
37177.4
37215.7
37256.1
37296.1
37337.4
37376.8
37415.1
37455.4
37497.3
37541.0
37585.7
37632.4
37680.7
37729.2
37776.1
37823.3
37867.2
37914.6
37957.5
37998.3
38036.4
38073.1
38110.1
38145.3
38180.5
38216.3
38251.3
38286.6
38321.6
38354.4
38389.2
38424.4
38459.7
38494.3
38529.3
38563.9
38600.4
38638.0
38676.1
38714.5
38752.4
38789.1
38827.2
38866.5
38902.7
38944.4
38982.1
39021.0
39059.5
39100.3
39140.9
39182.9
39224.0
39261.8
39300.6
39338.8
39376.7
39415.0
39452.1
39489.8
39528.4
39566.8
39605.5
39647.1
39686.8
39727.3
39768.4
39809.5
39850.1
39890.0
39925.2
39962.6
40000.2
40038.1
40075.8
40112.8
40149.3
40187.8
40226.1
40263.9
40302.4
40338.1
40372.5
40407.0
40439.8
40471.0
40503.9
40538.0
40574.4
40612.7
40653.4
40691.7
40731.8
40770.5
40808.1
40847.3
40889.8
40926.7
40962.9
40999.0
41034.9
41069.3
41102.7
41133.1
41163.3
41199.0
41234.6
41271.2
41308.2
41347.8
41387.9
41428.0
41464.0
41500.0
41536.1
41573.7
41611.1
41653.5
41697.2
41739.8
41784.9
41826.8
41867.8
41909.2
41948.5
41988.1
42029.1
42072.9
42116.6
42159.9
42201.7
42242.3
42282.6
42324.9
42368.2
42411.1
42458.6
42505.7
42553.0
42597.3
42639.4
42682.4
42727.2
42766.6
42805.0
42842.1
42881.5
42921.1
42960.9
42999.4
43039.2
43078.5
43118.4
43159.9
43201.9
43244.3
43287.6
43329.8
43372.9
43416.2
43459.2
43501.5
43544.3
43587.5
43630.4
43674.4
43720.7
43768.7
43818.3
43868.4
43919.1
43967.8
44016.3
44066.3
44115.5
44163.0
44207.9
44251.9
44293.6
44335.3
44379.7
44423.3
44466.0
44507.3
44547.5
44588.9
44631.4
44671.6
44713.5
44755.7
44797.2
44843.6
44891.5
44942.0
44993.0
45042.3
45093.3
45143.3
45198.4
45253.0
45305.3
45355.6
45406.9
45457.8
45509.3
45559.4
45606.5
45653.8
45702.3
45749.8
45797.3
45845.2
45893.7
45943.1
45994.5
46045.0
46093.6
46143.8
46193.0
46240.0
46288.0
46336.4
46383.5
46431.0
46479.5
46526.6
46571.4
46615.6
46658.1
46700.9
46742.7
46784.1
46826.3
46868.8
46913.9
46959.8
47008.2
47058.9
47110.0
47163.2
47214.9
47260.3
47305.5
47352.1
47401.6
47451.8
47502.3
47553.3
47603.0
47650.6
47697.0
47741.5
47787.3
47832.9
47874.6
47915.6
47957.3
47997.6
48038.8
48077.4
48114.9
48152.5
48189.7
48224.4
48259.7
48296.1
48331.9
48370.0
48405.2
48438.8
48475.5
48516.1
48555.9
48596.4
48636.4
48676.5
48716.1
48754.0
48792.0
48828.8
48865.2
48902.4
48939.2
48975.4
49009.4
49042.6
49073.3
49103.5
49131.6
49160.5
49189.1
49219.3
49250.0
49282.9
49316.5
49349.9
49383.4
49416.9
49450.6
49485.5
49522.5
49558.0
49591.4
49621.9
49649.8
49677.7
49705.0
49732.0
49759.0
49785.4
49810.8
49835.1
49860.5
49885.1
49910.6
49934.5
49959.4
49985.8
50013.4
50041.2
50069.1
50096.8
50125.2
50153.3
50181.0
50208.3
50236.6
50264.1
50294.1
50322.5
50349.2
50374.3
50402.6
50431.7
50460.8
50489.6
50520.1
50550.8
50584.2
50617.5
50649.5
50683.4
50712.0
50740.4
50767.9
50795.4
50822.9
50849.8
50876.9
50903.8
50930.3
50957.3
50983.9
51011.3
51038.9
51069.6
51102.2
51135.4
51169.8
51205.2
51240.5
51282.5
51319.3
51357.0
51393.4
51431.3
51469.6
51508.9
51548.8
51592.4
51638.6
51681.8
51724.8
51765.2
51803.9
51843.0
51883.2
51920.3
51958.4
51997.4
52036.7
52071.8
52106.0
52138.4
52171.2
52203.3
52236.5
52270.0
52305.5
52341.8
52377.4
52413.1
52449.8
52485.3
52520.5
52550.3
52581.1
52613.1
52648.5
52681.6
52714.4
52748.0
52781.7
52811.0
52845.4
52882.4
52921.8
52961.7
53001.2
53041.1
53082.2
53120.8
53157.9
53196.7
53235.7
53274.3
53314.8
53355.1
53396.1
53442.5
53487.4
53530.8
53574.5
53617.2
53661.0
53706.3
53751.3
53797.1
53843.1
53892.3
53941.0
53985.4
54028.3
54072.3
54117.0
54161.6
54205.8
54249.6
54293.0
54336.9
54381.7
54425.4
54469.9
54513.7
54557.1
54601.5
54645.8
54689.7
54734.3
54778.3
54822.4
54867.2
54912.0
54956.5
55001.7
55045.4
55089.5
55134.1
55177.1
55222.6
55269.1
55314.7
55359.5
55405.1
55450.1
55495.3
55540.2
55584.2
55627.9
55673.3
55717.6
55762.8
55807.5
55851.2
55896.2
55940.8
55985.9
56030.8
56075.4
56118.9
56163.9
56208.9
56253.1
56296.4
56338.6
56379.7
56422.1
56463.6
56505.4
56546.7
56587.5
56628.4
56671.0
56713.9
56756.2
56799.4
56842.8
56887.8
56933.3
56978.5
57025.5
57072.4
57115.7
57156.8
57199.0
57241.9
57283.7
57323.8
57362.9
57402.3
57440.2
57479.4
57517.6
57558.5
57597.4
57635.3
57672.1
57706.6
57738.0
57768.9
57799.4
57830.0
57860.3
57893.0
57927.1
57962.8
57998.7
58034.7
58068.0
58096.7
58125.2
58152.0
58178.0
58205.8
58234.7
58263.8
58295.2
58322.2
58354.1
58385.8
58418.0
58450.0
58483.4
58517.9
58552.5
58588.2
58624.6
58667.8
58708.6
58751.8
58792.6
58833.2
58876.6
58911.6
58947.3
58983.2
59019.8
59055.0
59090.0
59125.1
59159.9
59194.9
59230.0
59264.5
59299.9
59333.7
59367.2
59399.2
59431.3
59463.8
59497.9
59533.1
59568.5
59604.7
59642.4
59682.8
59723.0
59761.6
59803.2
59848.0
59894.6
59939.3
59983.4
60029.8
60072.6
60117.3
60159.3
60202.3
60242.4
60283.7
60325.0
60366.4
60406.6
60446.0
60484.1
60523.2
60561.3
60601.9
60643.6
60685.7
60728.3
60771.8
60815.5
60863.5
60911.8
60958.5
61006.1
61053.3
61102.1
61148.7
61196.4
61239.8
61284.5
61329.2
61376.0
61421.0
61468.0
61514.8
61564.5
61612.2
61659.7
61706.6
61754.3
61800.8
61847.4
61895.1
61942.2
61988.6
62036.8
62082.9
62128.8
62171.3
62214.9
62259.0
62304.6
62349.9
62393.4
62435.3
62478.3
62520.6
62562.8
62605.8
62648.8
62691.1
62735.5
62779.6
62823.4
62868.4
62915.3
62961.8
63006.2
63049.9
63093.4
63135.3
63179.1
63220.6
63262.8
63305.6
63348.7
63393.4
63436.8
63481.3
63525.4
63568.5
63608.4
63648.4
63689.5
63732.1
63780.1
63823.0
63864.7
63902.4
63937.8
63976.2
64015.5
64056.3
64097.4
64136.5
64175.5
64212.0
64245.9
64278.4
64310.3
64342.2
64374.1
64404.5
64435.9
64466.5
64497.3
64525.8
64556.4
64587.5
64619.9
64654.3
64687.8
64719.3
64750.4
64780.9
64813.5
64845.3
64875.9
64907.4
64938.3
64968.5
65002.3
65037.9
65074.4
65108.6
65141.8
65173.8
65208.4
65242.6
65276.3
65309.8
65342.1
65374.1
65407.4
65440.8
65474.0
65508.7
65544.8
65582.3
65618.9
65656.0
65692.7
65730.0
65762.6
65799.6
65835.3
65871.2
65909.6
65947.7
65984.1
66023.3
66059.7
66094.3
66126.6
66158.7
66190.4
66222.8
66256.6
66290.9
66325.9
66360.3
66393.4
66428.6
66461.1
66493.3
66523.7
66552.7
66583.5
66615.0
66644.1
66674.2
66705.6
66739.9
66775.7
66811.7
66845.6
66882.9
66919.7
66957.6
66991.2
67023.6
67055.3
67088.6
67124.2
67161.6
67200.6
67240.6
67278.2
67314.1
67350.0
67383.2
67414.8
67443.0
67469.3
67493.2
67516.1
67538.5
67560.8
67583.1
67604.5
67625.3
67645.8
67664.8
67685.2
67705.9
67729.0
67754.2
67783.3
67813.6
67846.3
67878.4
67904.5
67930.3
67956.8
67984.4
68012.9
68040.7
68067.4
68093.3
68119.8
68147.0
68172.7
68197.6
68223.5
68247.5
68271.2
68293.6
68314.8
68335.9
68356.3
68375.6
68395.1
68414.1
68431.8
68449.9
68466.6
68483.2
68500.2
68516.9
68537.1
68560.2
68584.8
68610.3
68638.3
68666.8
68699.0
68731.6
68762.0
68793.1
68824.5
68854.0
68886.2
68919.3
68951.9
68987.9
69026.7
69071.6
69116.7
69161.7
69205.2
69241.3
69277.4
69311.8
69342.4
69374.0
69406.1
69437.7
69467.3
69496.3
69524.9
69551.8
69581.0
69611.3
69642.9
69672.0
69701.6
69731.0
69760.3
69790.9
69819.4
69850.0
69879.3
69910.4
69943.7
69977.0
70011.4
70043.2
70077.8
70114.2
70145.9
70179.6
70213.7
70247.8
70282.0
70315.7
70349.7
70381.6
70410.0
70442.3
70473.4
70503.9
70533.2
70563.2
70593.4
70625.2
70656.0
70686.2
70712.9
70738.7
70763.3
70787.2
70810.3
70833.4
70855.7
70878.2
70900.6
70922.8
70945.5
70967.5
70990.0
71012.8
71035.6
71057.9
71080.6
71103.0
71124.8
71146.6
71167.9
71188.8
71210.0
71230.2
71250.8
71270.5
71289.9
71309.2
71328.3
71347.3
71367.5
71389.5
71414.1
71436.8
71461.2
71485.6
71511.5
71537.1
71563.0
71589.9
71616.7
71643.5
71668.4
71689.3
71709.8
71731.9
71753.7
71774.9
71796.7
71819.7
71844.0
71869.8
71896.5
71926.0
71958.0
71991.1
72023.0
72056.1
72086.7
72117.0
72147.1
72180.4
72216.8
72251.7
72283.2
72313.8
72343.5
72372.6
72403.0
72434.3
72466.4
72499.2
72531.3
72566.1
72606.7
72648.4
72690.0
72728.3
72766.1
72800.3
72839.7
72877.7
72912.4
72949.0
72983.3
73017.1
73051.0
73084.6
73116.7
73150.1
73182.6
73214.6
73246.7
73278.5
73310.3
73341.8
73373.0
73404.8
73437.9
73472.5
73506.4
73541.0
73575.9
73611.1
73645.7
73677.7
73709.0
73739.8
73770.0
73800.6
73830.2
73860.4
73890.2
73919.9
73949.7
73979.7
74009.3
74039.3
74070.1
74100.0
74131.6
74164.0
74197.1
74229.0
74262.2
74295.7
74328.9
74362.1
74395.2
74427.8
74457.8
74490.9
74525.5
74559.0
74592.8
74626.1
74658.3
74690.3
74722.1
74755.3
74791.0
74824.8
74860.1
74893.9
74927.2
74958.1
74987.9
75017.9
75049.4
75083.5
75117.0
75147.7
75178.4
75209.7
75240.1
75266.2
75296.3
75326.7
75357.1
75387.1
75416.0
75443.5
75471.3
75499.3
75526.5
75555.3
75584.2
75614.0
75645.4
75677.0
75710.3
75745.3
75778.2
75810.4
75842.0
75873.6
75904.5
75935.1
75967.0
75999.8
76031.6
76062.5
76092.0
76121.1
76149.7
76179.2
76208.9
76238.9
76268.7
76297.9
76327.1
76357.1
76388.1
76418.0
76448.9
76479.9
76511.8
76547.1
76582.6
76615.4
76650.0
76686.1
76724.5
76763.3
76800.4
76838.0
76875.4
76913.5
76950.7
76991.3
77031.4
77072.7
77115.9
77157.0
77197.9
77239.3
77280.1
77319.5
77359.9
77400.6
77442.2
77483.1
77524.3
77564.9
77605.0
77644.3
77684.4
77723.8
77763.0
77800.6
77838.6
77875.0
77912.4
77948.3
77981.5
78014.8
78048.6
78082.3
78116.8
78151.6
78185.5
78220.4
78256.5
78292.7
78329.6
78362.8
78394.7
78425.9
78455.5
78486.0
78518.0
78550.0
78580.8
78612.3
78643.3
78674.5
78705.4
78736.4
78767.1
78796.6
78824.6
78849.9
78872.1
78889.2
78905.4
78922.7
78942.2
78963.1
78983.5
79005.0
79027.3
79052.8
79082.2
79114.2
79147.3
79183.1
79216.5
79251.2
79283.1
79311.9
79338.6
79365.9
79394.1
79422.4
79451.1
79480.5
79509.2
79538.5
79568.7
79599.0
79629.5
79660.9
79692.7
79725.1
79758.1
79790.8
79824.0
79856.6
79891.4
79928.9
79967.3
80004.5
80041.4
80077.0
80113.0
80152.3
80190.7
80228.7
80269.8
80310.4
80352.4
80390.9
80430.3
80470.2
80510.3
80549.8
80588.3
80626.8
80664.9
80703.2
80745.7
80786.6
80828.2
80870.7
80912.1
80954.1
80995.5
81035.8
81076.7
81118.0
81159.0
81199.8
81240.7
81281.1
81323.4
81367.4
81410.9
81455.1
81498.7
81541.3
81584.4
81626.6
81667.8
81708.9
81748.9
81787.3
81820.5
81852.5
81885.7
81921.9
81957.9
81994.9
82032.4
82072.8
82115.9
82163.4
82205.4
82253.1
82301.8
82351.9
82406.7
82460.3
82509.7
82559.5
82609.6
82660.3
82709.7
82756.6
82799.4
82840.3
82884.1
82930.4
82978.2
83025.6
83070.7
83116.4
83162.1
83206.1
83249.2
83295.8
83340.2
83386.4
83431.5
83471.4
83511.6
83550.6
83588.7
83626.8
83664.0
83700.8
83739.1
83778.3
83822.0
83867.9
83912.9
83958.8
84001.9
84042.7
84080.6
84117.3
84153.4
84187.8
84221.7
84255.3
84290.0
84325.6
84361.7
84396.5
84430.1
84463.3
84496.1
84528.5
84560.6
84591.8
84622.3
84653.8
84685.4
84716.5
84747.3
84778.3
84809.0
84843.3
84881.6
84921.6
84962.8
85001.1
85035.4
85068.7
85100.4
85131.6
85161.8
85192.4
85223.9
85256.4
85290.8
85327.1
85364.3
85402.3
85438.2
85477.1
85510.4
85543.0
85575.4
85608.4
85639.7
85671.3
85703.4
85737.5
85770.2
85802.0
85834.0
85865.5
85897.4
85928.4
85959.3
85989.5
86019.3
86049.1
86077.9
86106.3
86133.4
86160.0
86187.9
86216.3
86246.1
86275.0
86302.3
86328.0
86354.4
86380.4
86404.7
86429.0
86453.8
86479.9
86507.6
86534.3
86562.2
86592.5
86626.1
86662.3
86701.7
86742.6
86787.7
86835.4
86880.5
86928.2
86974.8
87022.9
87066.2
87105.3
87143.3
87184.0
87228.1
87274.7
87322.5
87369.5
87414.5
87459.4
87504.5
87548.7
87589.7
87630.0
87671.6
87714.2
87757.7
87803.2
87848.9
87895.6
87942.1
87993.0
88045.2
88095.2
88145.1
88195.0
88243.7
88289.8
88334.7
88375.5
88414.8
88454.1
88492.7
88533.0
88571.5
88610.9
88652.3
88693.6
88738.3
88784.3
88832.7
88881.3
88927.1
88969.3
89011.9
89052.0
89092.0
89132.9
89173.6
89213.9
89255.4
89295.7
89335.5
89374.9
89413.2
89450.2
89487.3
89523.9
89560.1
89596.0
89631.0
89666.3
89701.4
89733.0
89765.3
89798.0
89829.9
89861.9
89893.2
89924.2
89954.6
89984.7
90014.9
90045.2
90079.7
90117.7
90158.6
90201.8
90242.2
90281.5
90320.7
90359.2
90399.7
90436.1
90469.8
90504.4
90538.6
90574.8
90611.1
90643.6
90676.8
90707.5
90738.9
90770.7
90804.3
90841.2
90876.3
90911.8
90947.9
90987.8
91030.8
91074.7
91121.1
91165.1
91210.1
91250.7
91287.9
91324.8
91361.4
91398.7
91436.0
91473.0
91509.6
91544.3
91577.1
91610.5
91644.0
91677.8
91711.8
91746.5
91780.9
91815.2
91850.2
91883.5
91915.8
91945.2
91976.8
92006.7
92033.5
92059.8
92085.6
92111.0
92136.9
92162.3
92187.8
92212.6
92237.2
92261.1
92287.1
92312.4
92338.3
92365.1
92392.4
92419.6
92447.6
92472.7
92495.5
92517.3
92539.9
92563.6
92590.9
92618.7
92648.8
92677.7
92706.3
92737.1
92771.6
92804.4
92835.5
92867.3
92899.1
92931.0
92964.2
92994.2
93025.3
93056.5
93089.9
93118.7
93146.7
93174.9
93203.0
93230.8
93255.6
93280.0
93302.9
93325.7
93348.4
93370.5
93391.0
93408.6
93426.5
93445.6
93461.7
93480.3
93501.2
93523.8
93547.8
93574.2
93601.7
93629.0
93658.5
93689.8
93723.7
93751.6
93784.6
93818.2
93848.6
93878.7
93907.3
93936.7
93965.3
93991.4
94023.2
94061.8
94101.9
94136.2
94166.1
94195.9
94228.9
94262.1
94293.3
94324.2
94352.9
94379.9
94405.2
94432.2
94460.4
94487.3
94514.4
94541.1
94569.7
94600.8
94632.4
94665.4
94697.9
94729.3
94763.3
94799.3
94838.2
94875.4
94910.1
94944.0
94977.4
95009.3
95039.8
95066.4
95091.2
95116.5
95140.5
95162.4
95181.6
95203.7
95225.5
95246.3
95266.3
95285.6
95303.4
95321.1
95340.1
95361.9
95388.3
95415.3
95441.9
95469.6
95497.2
95524.2
95551.1
95578.4
95605.9
95633.8
95661.5
95688.2
95715.3
95745.7
95776.2
95809.9
95845.4
95877.6
95911.6
95945.7
95980.2
96013.7
96043.6
96072.3
96103.3
96135.9
96168.4
96196.0
96218.7
96240.0
96260.9
96280.9
96300.9
96320.3
96340.2
96359.7
96380.9
96402.6
96427.0
96452.5
96477.5
96503.0
96528.3
96554.4
96580.5
96602.8
96627.2
96652.8
96679.8
96707.4
96731.5
96755.1
96778.3
96802.5
96828.6
96856.0
96883.7
96910.8
96937.8
96966.3
96994.9
97021.8
97047.0
97071.9
97098.4
97126.2
97155.7
97185.8
97217.1
97250.4
97285.7
97321.8
97357.4
97393.5
97430.2
97468.2
97504.5
97542.5
97576.7
97610.3
97641.9
97673.3
97704.9
97735.3
97764.9
97794.5
97823.6
97852.0
97879.6
97906.5
97934.4
97964.4
97995.7
98024.3
98049.6
98073.6
98095.4
98117.1
98138.2
98157.9
98178.5
98200.3
98221.5
98244.9
98269.1
98293.4
98322.4
98355.1
98389.3
98419.6
98450.1
98481.1
98511.5
98540.3
98570.2
98598.5
98626.8
98656.7
98691.2
98727.1
98761.8
98793.9
98826.8
98855.1
98883.5
98912.3
98941.1
98968.8
98996.1
99023.3
99050.3
99076.6
99102.2
99127.5
99153.2
99180.8
99208.7
99236.8
99265.7
99292.9
99320.6
99350.2
99381.2
99412.9
99444.9
99477.5
99514.5
99550.1
99587.2
99623.0
99658.1
99692.4
99724.6
99756.4
99786.3
99816.9
99849.7
99884.6
99920.7
99959.3
99995.3
100028.6
100061.7
100095.5
100129.0
100159.6
100192.5
100224.9
100253.3
100282.7
100314.2
100345.5
100375.9
100406.2
100435.5
100463.8
100494.3
100526.0
100557.6
100591.8
100624.7
100659.4
100695.5
100732.2
100767.2
100801.2
100834.9
100870.0
100906.5
100943.5
100968.5
101005.7
101044.0
101082.4
101117.1
101153.2
101186.5
101218.9
101246.8
101271.8
101294.8
101315.6
101334.1
101352.5
101372.0
101391.5
101407.0
101421.8
101439.1
101457.2
101475.2
101493.9
101515.1
101538.8
101565.6
101594.1
101618.8
101647.1
101682.4
101718.2
101754.6
101789.2
101823.0
101851.8
101875.8
101901.3
101927.1
101955.2
101981.1
102006.7
102031.7
102057.4
102082.5
102108.0
102134.8
102160.5
102186.4
102212.0
102237.6
102263.1
102288.2
102313.6
102339.0
102365.2
102394.1
102423.0
102451.1
102482.9
102513.0
102543.6
102574.2
102604.8
102634.9
102664.0
102690.7
102716.6
102742.0
102765.3
102788.3
102810.2
102834.9
102859.7
102889.2
102915.4
102945.8
102981.7
103016.3
103049.4
103085.3
103117.2
103146.7
103177.6
103208.1
103234.7
103257.6
103277.0
103294.9
103311.7
103328.9
103350.0
103371.4
103395.0
103416.8
103436.9
103456.7
103481.2
103507.8
103534.3
103562.1
103590.0
103615.9
103640.3
103663.6
103686.9
103709.5
103734.0
103761.6
103788.6
103811.5
103831.6
103851.8
103872.8
103896.2
103920.6
103945.5
103971.0
103997.4
104023.6
104049.1
104076.3
104104.9
104135.6
104164.6
104193.4
104221.6
104248.5
104276.8
104303.3
104327.8
104352.8
104378.3
104402.7
104427.5
104452.2
104476.5
104502.3
104528.5
104552.1
104575.0
104598.1
104622.3
104646.3
104669.5
104691.8
104714.3
104738.6
104763.4
104786.6
104808.5
104830.6
104854.2
104879.3
104907.5
104936.7
104963.6
104990.9
105018.4
105046.6
105073.5
105102.7
105133.0
105164.7
105195.5
105225.0
105252.7
105280.1
105304.5
105330.1
105358.1
105384.6
105411.4
105440.6
105470.9
105500.9
105530.4
105559.4
105589.4
105620.0
105648.8
105680.0
105711.5
105742.2
105773.4
105808.6
105846.0
105881.2
105914.0
105944.6
105978.2
106009.8
106042.4
106074.3
106106.4
106139.6
106170.6
106198.1
106225.7
106250.9
106276.4
106302.9
106329.2
106355.2
106381.9
106409.4
106440.2
106474.5
106511.8
106551.1
106591.4
106632.0
106670.8
106712.4
106749.4
106784.8
106819.5
106854.4
106888.9
106921.5
106952.7
106983.6
107013.2
107042.4
107069.1
107093.9
107120.2
107148.3
107177.7
107208.3
107239.0
107270.8
107302.8
107338.9
107376.2
107414.9
107447.9
107480.2
107516.0
107550.6
107582.3
107613.8
107642.5
107671.5
107700.8
107731.1
107761.1
107790.5
107822.3
107854.5
107887.9
107919.8
107952.0
107985.9
108020.1
108057.7
108094.3
108131.5
108169.0
108205.5
108243.7
108279.5
108316.0
108352.1
108391.3
108426.6
108456.7
108487.2
108522.3
108560.2
108600.5
108641.7
108685.4
108732.0
108779.3
108825.2
108866.9
108907.8
108950.3
108990.9
109033.7
109076.7
109118.1
109157.5
109195.0
109230.5
109262.9
109292.9
109324.0
109357.8
109391.4
109420.8
109447.9
109470.0
109488.3
109505.7
109523.3
109541.2
109561.3
109582.5
109603.3
109625.1
109651.2
109673.6
109697.8
109720.5
109743.0
109764.7
109786.2
109810.1
109835.4
109863.9
109896.1
109927.6
109960.8
109993.8
110026.4
110058.7
110092.9
110128.7
110164.8
110199.5
110233.4
110266.1
110296.9
110326.0
110354.7
110383.2
110411.3
110438.5
110464.2
110486.2
110506.9
110526.4
110545.2
110565.9
110587.5
110604.4
110620.6
110636.5
110654.0
110672.5
110692.2
110714.8
110742.2
110774.8
110810.4
110838.2
110862.6
110888.8
110915.8
110942.2
110966.5
110988.9
111012.4
111039.3
111065.5
111093.3
111120.5
111143.1
111169.0
111194.2
111220.3
111245.8
111270.0
111293.3
111315.7
111338.0
111361.4
111385.4
111408.9
111433.9
111457.5
111482.2
111506.7
111531.6
111555.4
111577.7
111597.7
111618.8
111638.0
111654.6
111669.6
111685.3
111700.2
111718.5
111737.4
111757.0
111773.9
111789.0
111807.3
111827.2
111845.3
111860.5
111876.5
111895.4
111920.0
111948.7
111974.4
112007.1
112044.6
112079.9
112110.9
112143.3
112172.3
112204.7
112233.3
112262.8
112287.9
112309.9
112331.7
112353.8
112375.9
112396.6
112416.8
112436.8
112456.1
112476.8
112498.4
112519.8
112541.8
112564.8
112588.7
112612.8
112637.8
112664.2
112691.3
112720.3
112750.4
112779.5
112806.7
112832.4
112855.7
112878.3
112900.1
112921.1
112940.8
112958.7
112978.0
112998.9
113019.7
113040.1
113058.9
113076.1
113092.7
113109.4
113125.3
113143.4
113161.2
113178.8
113195.1
113211.9
113230.0
113250.5
113271.0
113293.0
113316.4
113342.8
113369.6
113398.7
113427.2
113455.9
113484.7
113515.4
113544.2
113574.6
113607.1
113638.7
113666.8
113693.5
113724.8
113751.7
113777.8
113804.6
113830.8
113855.4
113878.4
113904.7
113931.4
113958.7
113983.2
114010.1
114038.6
114067.1
114096.1
114126.6
114156.1
114189.0
114224.3
114260.9
114295.5
114329.2
114361.5
114388.2
114413.7
114436.8
114457.2
114476.7
114495.0
114511.8
114528.2
114544.0
114559.1
114574.7
114590.0
114603.8
114617.5
114631.5
114644.5
114657.9
114674.5
114693.9
114713.6
114734.0
114755.3
114777.5
114799.2
114821.7
114843.8
114863.5
114882.8
114903.5
114924.9
114944.2
114963.1
114982.3
115000.8
115018.6
115035.2
115053.9
115075.2
115099.3
115127.8
115156.8
115190.9
115226.7
115264.0
115298.0
115328.4
115359.2
115389.3
115414.8
115440.1
115463.2
115486.0
115509.2
115533.5
115557.9
115584.6
115614.2
115646.2
115680.6
115714.9
115750.0
115783.7
115818.2
115851.3
115881.1
115910.8
115940.1
115967.3
115991.1
116013.5
116035.5
116056.8
116078.7
116099.5
116119.4
116139.2
116160.2
116181.8
116204.4
116228.7
116252.7
116279.4
116309.2
116339.4
116371.8
116403.2
116435.9
116466.4
116496.4
116526.3
116554.1
116577.9
116596.6
116614.3
116633.1
116650.6
116667.9
116684.3
116700.2
116718.3
116736.4
116751.9
116763.2
116772.3
116781.2
116789.6
116802.9
116817.2
116830.7
116843.6
116855.6
116868.8
116883.3
116899.6
116918.6
116938.7
116956.2
116976.2
116988.5
117002.4
117019.4
117037.0
117054.5
117069.8
117086.0
117103.9
117125.5
117145.7
117163.9
117179.8
117193.7
117206.3
117217.9
117228.3
117237.5
117245.9
117254.1
117261.8
117268.2
117273.3
117278.4
117283.8
117290.2
117298.6
117307.6
117315.3
117324.6
117336.3
117350.2
117365.2
117381.1
117399.3
117418.2
117434.2
117451.6
117470.3
117488.7
117506.9
117525.6
117543.4
117559.5
117574.6
117589.7
117605.2
117620.3
117636.1
117651.1
117664.6
117677.2
117690.5
117702.3
117717.1
117733.1
117750.4
117768.3
117786.5
117802.1
117816.1
117829.7
117842.3
117853.9
117866.0
117880.2
117893.7
117906.0
117918.4
117931.3
117945.2
117959.7
117974.2
117986.8
117998.4
118009.8
118019.8
118028.6
118035.7
118042.8
118050.8
118059.8
118068.1
118077.2
118089.7
118106.8
118120.6
118132.3
118142.3
118152.9
118159.6
118168.3
118177.3
118188.0
118198.9
118209.8
118221.5
118233.3
118246.3
118260.6
118274.3
118289.1
118303.3
118317.4
118331.9
118348.5
118363.9
118378.9
118391.0
118404.1
118416.0
118429.0
118442.3
118455.4
118465.9
118477.1
118488.0
118498.0
118507.9
118517.0
118525.6
118534.3
118543.6
118552.4
118560.4
118568.6
118575.5
118582.4
118589.4
118595.7
118601.8
118606.9
118611.9
118615.7
118619.9
118624.3
118631.2
118640.4
118651.9
118666.0
118681.5
118694.8
118703.9
118712.5
118721.4
118730.8
118740.2
118751.2
118764.2
118776.5
118788.0
118800.4
118814.6
118830.0
118848.0
118862.8
118877.1
118889.4
118900.2
118909.9
118920.7
118933.1
118947.9
118967.5
118989.9
119010.1
119031.6
119049.6
119064.4
119079.6
119095.3
119113.1
119131.1
119147.0
119161.0
119173.4
119184.3
119194.3
119201.6
119209.2
119216.4
119222.4
119226.6
119230.2
119233.6
119237.5
119241.6
119245.7
119249.2
119253.8
119261.7
119271.0
119279.8
119285.1
119288.8
119292.1
119296.4
119301.0
119305.2
119308.9
119312.2
119315.5
119318.7
119321.2
119323.0
119324.3
119325.7
119326.6
119327.4
119328.0
119328.5
119328.9
119329.1
119329.2
119329.2
119329.2
119329.3
119329.6
119330.3
119332.4
119338.6
119346.4
119354.4
119362.9
119371.9
119380.9
119390.7
119400.8
119410.3
119417.5
119425.3
119435.8
119445.0
119451.5
119456.9
119463.4
119470.6
119479.1
119488.6
119500.1
119509.7
119513.7
119517.7
119518.3
119518.5
119518.9
119519.8
119520.3
119520.8
119520.9
119520.9
119520.9
119520.9
119521.2
119521.9
119522.4
119522.5
119522.5
119522.5
119522.5
119522.5
119522.5
119522.5
119522.9
119523.6
119525.0
119526.4
119527.5
119528.3
119528.3
119528.3
119528.3
119528.3
119528.3
119528.3
119528.7
119530.3
119533.4
119536.4
119540.1
119544.3
119547.2
119550.6
119555.8
119561.7
119567.4
119572.9
119578.6
119584.4
119590.3
119596.6
119603.7
119610.8
119619.4
119627.7
119634.4
119639.8
119644.5
119649.0
119654.7
119659.4
119663.7
119668.2
119672.2
119676.5
119681.1
119686.6
119693.7
119699.1
119703.6
119707.9
119712.3
119715.9
119719.0
119721.5
119723.2
119724.9
119726.1
119727.0
119727.4
119727.5
119727.5
119727.5
119727.5
119727.5
119728.4
119731.5
119735.2
119737.9
119740.9
119745.2
119751.1
119757.3
119765.3
119768.8
119771.6
119774.5
119777.3
119780.0
119782.7
119785.4
119788.1
119790.9
119793.4
119795.9
119798.6
119801.4
119804.1
119806.9
119809.7
119812.3
119815.1
119817.9
119820.7
119823.4
119826.1
119828.9
119831.7
119834.4
119837.2
119840.0
119842.4
119844.3
119845.6
119846.5
119846.9
119847.0
119847.8
119848.9
119850.4
119852.5
119855.5
119860.0
119866.1
119873.5
119881.4
119889.2
119897.7
119908.3
119919.9
119927.2
119937.3
119944.2
119951.0
119957.0
119961.3
119966.0
119969.1
119971.6
119973.5
119974.4
119974.4
119974.4
119974.4
119975.3
119977.5
119980.6
119982.3
119983.0
119983.5
119983.7
119983.8
119984.0
119984.0
119984.0
119984.0
119984.0
119984.0
119984.0
119984.0
119984.0
119984.0
119984.0
119984.0
119984.0
119984.0
119984.0
119984.0
119984.0
119984.0
119984.0
119984.0
119984.0
119984.0
119984.0
119984.0
119984.0
119984.0
119984.0
119984.0
119984.0
119984.1
119984.1
119984.1
119984.1
119984.1
119984.1
119984.1
119984.1
119984.1
119984.1
119984.1
119984.1
119984.1
119984.1
119984.1
119984.1
119984.1
119984.1
119984.1
119984.1
119984.1
119984.1
119984.1
119984.1
119984.1
119984.1
119984.1
119984.1
119984.4
119984.7
119984.9
119985.3
119985.5
119985.8
119986.1
119986.4
119986.7
119987.0
119987.2
119987.7
119988.4
119989.4
119990.7
119992.1
119993.2
119993.9
119994.7
119995.1
119995.2
119995.2
119995.2
119995.8
119997.1
119998.0
119998.0
119998.0
119998.0
119998.0
119998.0
119998.0
119998.0
119998.0
119998.0
119998.0
119998.0
119998.0
119998.0
119998.0
119998.0
119998.0
119998.0
119998.0
119998.0
119998.0
119998.0
119998.0
119998.0
119998.0
119998.0
119998.0
119998.0
119998.4
119998.4
119998.4
119998.4
119998.4
119998.4
119998.4
119998.4
119998.4
119998.4
119998.4
119998.4
119998.4
119998.4
119998.4
119998.4
119998.4
119998.4
119998.4
119998.4
119998.4
119998.4
119998.4
119998.4
119998.4
119998.4
119998.4
119998.4
119998.4
119998.4
119998.4
119998.4
119998.4
119998.4
119998.4
119998.4
119998.4
119998.4
119998.4
119998.4
119998.4
119998.4
119998.4
119998.4
119998.4
119998.4
119998.4
119998.4
119998.4
119998.4
119998.4
119998.4
119998.4
119998.4
119998.4
119998.4
119998.4
119998.4
119998.4
119998.4
119998.4
119998.4
119998.4
119998.4
119998.4
119998.4
119998.4
119998.4
119998.4
119998.4
119998.4
119998.4
119998.4
119998.4
119998.4
119998.4
119998.4
119998.4
119998.4
119998.4
119998.5
119999.2
119999.8
