Time needed: 263.57 s
Distance travelled: 481.60 m
Total rotation: 1980.0°
Objects found after: 49.43 s, 134.33 s, 173.30 s

+++ following progress ticks +++
16
34
92
148
204
260
303
359
415
471
527
583
639
695
751
807
863
919
975
1031
1087
1143
1199
1255
1311
1367
1436
1492
1548
1604
1660
1716
1772
1828
1884
1940
1996
2052
2108
2164
2220
2276
2332
2388
2444
2500
2556
2612
2668
2724
2780
2836
2892
2948
3004
3060
3116
3172
3228
3284
3340
3396
3452
3508
3564
3620
3676
3732
3788
3844
3900
3956
4012
4068
4124
4180
4236
4292
4348
4404
4460
4516
4572
4628
4684
4740
4796
4852
4908
4964
5020
5076
5132
5188
5244
5300
5356
5412
5468
5524
5580
5636
5692
5748
5804
5860
5916
5972
6028
6084
6140
6196
6252
6308
6364
6420
6476
6532
6588
6644
6700
6756
6812
6868
6924
6980
7036
7092
7148
7204
7260
7316
7372
7428
7484
7540
7596
7652
7708
7764
7820
7876
7932
7988
8044
8100
8156
8212
8268
8324
8380
8436
8492
8548
8604
8660
8716
8772
8828
8884
8940
8983
9039
9095
9151
9207
9263
9319
9375
9431
9487
9543
9599
9655
9711
9767
9823
9879
9935
9991
10047
10103
10159
10215
10271
10327
10383
10439
10495
10551
10607
10663
10719
10775
10831
10887
10943
10999
11055
11111
11167
11195
11200
11200
11200
11200
11200
11200
11200
11200
11200
11204
11230
11278
11328
11375
11426
11476
11524
11581
11637
11693
11749
11805
11861
11917
11973
12029
12085
12141
12197
12253
12273
12303
12340
12385
12433
12484
12529
12582
12637
12684
12710
12760
12810
12860
12910
12960
13010
13060
13110
13160
13210
13260
13310
13360
13410
13460
13510
13560
13610
13660
13710
13760
13810
13860
13910
13960
14010
14060
14110
14160
14210
14260
14310
14360
14410
14460
14510
14560
14610
14660
14710
14760
14810
14860
14910
14960
15010
15060
15110
15160
15210
15260
15310
15360
15410
15460
15510
15560
15610
15660
15710
15760
15810
15860
15910
15960
16010
16060
16110
16160
16210
16260
16310
16360
16410
16460
16510
16560
16610
16660
16710
16760
16810
16860
16910
16960
17010
17060
17110
17160
17210
17260
17310
17360
17410
17460
17510
17560
17610
17660
17710
17760
17810
17860
17910
17960
18010
18060
18110
18160
18210
18260
18310
18360
18410
18460
18510
18560
18610
18660
18710
18760
18810
18860
18910
18960
19010
19060
19110
19160
19210
19260
19310
19360
19410
19460
19510
19560
19610
19660
19710
19760
19810
19860
19910
19960
20010
20060
20110
20160
20210
20260
20310
20360
20410
20460
20510
20560
20628
20678
20728
20778
20828
20878
20928
20978
21028
21078
21128
21178
21228
21278
21328
21378
21428
21478
21528
21578
21628
21652
21655
21655
21655
21655
21655
21655
21655
21655
21655
21659
21679
21725
21777
21827
21879
21930
21983
22017
22073
22129
22185
22241
22297
22353
22409
22465
22521
22577
22633
22689
22742
22757
22790
22829
22877
22925
22974
23022
23075
23130
23175
23227
23279
23331
23383
23435
23487
23539
23591
23643
23695
23747
23799
23851
23903
23955
24007
24059
24111
24163
24215
24267
24319
24371
24423
24475
24527
24579
24631
24683
24735
24787
24839
24891
24943
24995
25047
25099
25151
25203
25255
25307
25359
25411
25463
25515
25567
25619
25671
25723
25775
25827
25879
25931
25983
26035
26087
26139
26191
26243
26295
26347
26399
26451
26503
26555
26607
26659
26711
26763
26815
26867
26919
26971
27023
27075
27127
27179
27231
27283
27335
27387
27439
27491
27543
27595
27647
27699
27751
27803
27855
27907
27959
28011
28063
28115
28167
28219
28271
28323
28375
28427
28479
28531
28583
28635
28687
28739
28791
28843
28895
28947
28999
29051
29103
29155
29207
29259
29311
29363
29415
29467
29519
29571
29623
29675
29727
29779
29831
29883
29935
29987
30039
30091
30143
30195
30247
30299
30351
30403
30455
30507
30559
30611
30663
30715
30767
30819
30871
30923
30975
31027
31079
31131
31183
31235
31287
31339
31391
31443
31495
31544
31585
31622
31655
31685
31713
31739
31763
31786
31808
31830
31852
31874
31896
31918
31940
31963
31987
32013
32022
32023
32023
32023
32023
32023
32023
32023
32023
32023
32029
32059
32110
32161
32210
32264
32315
32367
32424
32480
32536
32592
32648
32704
32760
32816
32872
32928
32984
33040
33096
33116
33145
33184
33227
33276
33327
33371
33426
33481
33531
33562
33614
33666
33718
33770
33822
33874
33926
33978
34030
34082
34134
34186
34238
34290
34342
34394
34446
34498
34550
34602
34654
34706
34758
34810
34862
34914
34966
35018
35070
35122
35174
35226
35278
35330
35382
35434
35486
35538
35590
35642
35694
35746
35798
35850
35902
35954
36006
36058
36110
36162
36214
36266
36318
36370
36422
36474
36526
36578
36630
36682
36734
36786
36838
36890
36942
36994
37046
37098
37150
37202
37254
37306
37358
37410
37462
37514
37566
37618
37670
37722
37774
37826
37878
37930
37982
38034
38086
38138
38190
38242
38294
38346
38398
38450
38502
38554
38606
38658
38710
38762
38814
38866
38918
38970
39022
39074
39126
39178
39230
39282
39334
39386
39438
39490
39542
39594
39646
39698
39750
39802
39854
39906
39958
40010
40062
40114
40166
40218
40270
40322
40374
40426
40478
40530
40582
40634
40686
40738
40790
40842
40894
40946
40998
41050
41102
41154
41206
41258
41310
41362
41414
41466
41518
41570
41622
41674
41726
41778
41830
41882
41928
41968
42003
42034
42063
42090
42115
42139
42162
42184
42206
42228
42250
42272
42294
42317
42341
42366
42387
42393
42393
42393
42393
42393
42393
42393
42393
42393
42394
42408
42445
42497
42547
42595
42652
42703
42753
42791
42847
42903
42959
43015
43071
43127
43183
43239
43295
43351
43407
43463
43485
43514
43553
43596
43644
43695
43739
43794
43849
43899
43949
44001
44053
44105
44157
44209
44261
44313
44365
44417
44469
44521
44573
44625
44677
44729
44781
44833
44885
44937
44989
45041
45093
45145
45197
45249
45301
45353
45405
45457
45509
45561
45613
45665
45717
45769
45821
45873
45925
45977
46029
46081
46133
46185
46237
46289
46341
46393
46445
46497
46549
46601
46653
46705
46757
46809
46861
46913
46965
47017
47069
47121
47173
47225
47277
47329
47381
47433
47485
47537
47589
47641
47693
47745
47797
47849
47901
47953
48005
48057
48109
48161
48213
48265
48317
48369
48421
48473
48525
48577
48629
48681
48733
48785
48837
48889
48941
48993
49045
49097
49149
49201
49253
49305
49357
49409
49461
49513
49565
49617
49669
49721
49773
49825
49877
49929
49981
50033
50085
50137
50189
50241
50293
50345
50397
50449
50501
50553
50605
50657
50709
50761
50813
50865
50917
50969
51021
51073
51125
51177
51229
51281
51333
51385
51437
51489
51541
51593
51645
51697
51749
51801
51853
51905
51957
52009
52061
52113
52165
52217
52268
52311
52350
52383
52414
52442
52468
52492
52516
52538
52560
52582
52604
52626
52648
52670
52694
52718
52744
52759
52762
52762
52762
52762
52762
52762
52762
52762
52762
52764
52784
52830
52882
52932
52984
53036
53088
53140
53196
53252
53308
53364
53420
53476
53532
53588
53644
53700
53756
53812
53851
53871
53907
53950
53997
54048
54097
54146
54200
54255
54281
54332
54384
54436
54488
54540
54592
54644
54696
54748
54800
54852
54904
54956
55008
55060
55112
55164
55216
55268
55320
55372
55424
55476
55528
55580
55632
55684
55736
55788
55840
55892
55944
55996
56048
56100
56152
56204
56256
56308
56360
56412
56464
56516
56568
56620
56672
56724
56776
56828
56880
56932
56984
57036
57088
57140
57192
57244
57296
57348
57400
57452
57504
57556
57608
57660
57712
57764
57816
57868
57920
57972
58024
58076
58128
58180
58232
58284
58336
58388
58440
58492
58544
58596
58648
58700
58752
58804
58856
58908
58960
59012
59064
59116
59168
59220
59272
59324
59376
59428
59480
59532
59584
59636
59688
59740
59792
59844
59896
59948
60000
60052
60104
60156
60208
60260
60312
60364
60416
60468
60520
60572
60624
60676
60728
60780
60832
60884
60936
60988
61040
61092
61144
61196
61248
61300
61352
61404
61456
61508
61560
61612
61664
61716
61768
61820
61872
61924
61976
62028
62080
62132
62184
62236
62288
62340
62392
62444
62496
62548
62600
62650
62691
62728
62761
62792
62820
62846
62871
62895
62917
62939
62961
62983
63005
63027
63049
63073
63098
63124
63134
63135
63135
63135
63135
63135
63135
63135
63135
63135
63143
63171
63219
63272
63321
63375
63426
63477
63513
63569
63625
63681
63737
63793
63849
63905
63961
64017
64073
64129
64185
64224
64244
64280
64323
64370
64420
64469
64518
64573
64629
64674
64726
64778
64830
64882
64934
64986
65038
65090
65142
65194
65246
65298
65350
65402
65454
65506
65558
65610
65662
65714
65766
65818
65870
65922
65974
66026
66078
66130
66182
66234
66286
66338
66390
66442
66494
66546
66598
66650
66702
66754
66806
66858
66910
66962
67014
67066
67118
67170
67222
67274
67326
67378
67430
67482
67534
67586
67638
67690
67742
67794
67846
67898
67950
68002
68054
68106
68158
68210
68262
68314
68366
68418
68470
68522
68574
68626
68678
68730
68782
68834
68886
68938
68990
69042
69094
69146
69198
69250
69302
69354
69406
69458
69510
69562
69614
69666
69718
69770
69822
69874
69926
69978
70030
70082
70134
70186
70238
70290
70342
70394
70446
70498
70550
70602
70654
70706
70758
70810
70862
70914
70966
71018
71070
71122
71174
71226
71278
71330
71382
71434
71486
71538
71590
71642
71694
71746
71798
71850
71902
71954
72006
72058
72110
72162
72214
72266
72318
72370
72422
72474
72526
72578
72630
72682
72734
72786
72838
72890
72942
72994
73041
73080
73115
73147
73176
73203
73229
73253
73276
73298
73320
73342
73364
73386
73408
73431
73455
73481
73502
73508
73508
73508
73508
73508
73508
73508
73508
73508
73508
73520
73558
73609
73661
73709
73766
73817
73867
73923
73979
74035
74091
74147
74203
74259
74315
74371
74427
74483
74539
74595
74608
74642
74682
74728
74776
74827
74876
74927
74984
75027
75066
75118
75170
75222
75274
75326
75378
75430
75482
75534
75586
75638
75690
75742
75794
75846
75898
75950
76002
76054
76106
76158
76210
76262
76314
76366
76418
76470
76522
76574
76626
76678
76730
76782
76834
76886
76938
76990
77042
77094
77146
77198
77250
77302
77354
77406
77458
77510
77562
77614
77666
77718
77770
77822
77874
77926
77978
78030
78082
78134
78186
78238
78290
78342
78394
78446
78498
78550
78602
78654
78706
78758
78810
78862
78914
78966
79018
79070
79122
79174
79226
79278
79330
79382
79434
79486
79538
79590
79642
79694
79746
79798
79850
79902
79954
80006
80058
80110
80162
80214
80266
80318
80370
80422
80474
80526
80578
80630
80682
80734
80786
80838
80890
80942
80994
81046
81098
81150
81202
81254
81306
81358
81410
81462
81514
81566
81618
81670
81722
81774
81826
81878
81930
81982
82034
82086
82138
82190
82242
82294
82346
82398
82450
82502
82554
82606
82658
82710
82762
82814
82866
82918
82970
83022
83074
83126
83178
83230
83282
83334
83385
83429
83467
83500
83531
83559
83585
83610
83634
83656
83678
83700
83722
83744
83766
83788
83812
83837
83863
83878
83882
83882
83882
83882
83882
83882
83882
83882
83882
83885
83905
83950
84000
84052
84104
84156
84209
84241
84297
84353
84409
84465
84521
84577
84633
84689
84745
84801
84857
84913
84964
84978
85012
85054
85099
85148
85199
85249
85300
85357
85399
85451
85503
85555
85607
85659
85711
85763
85815
85867
85919
85971
86023
86075
86127
86179
86231
86283
86335
86387
86439
86491
86543
86595
86647
86699
86751
86803
86855
86907
86959
87011
87063
87115
87167
87219
87271
87323
87375
87427
87479
87531
87583
87635
87687
87739
87791
87843
87895
87947
87999
88051
88103
88155
88207
88259
88311
88363
88415
88467
88519
88571
88623
88675
88727
88779
88831
88883
88935
88987
89039
89091
89143
89195
89247
89299
89351
89403
89455
89507
89559
89611
89663
89715
89767
89819
89871
89923
89975
90027
90079
90131
90183
90235
90287
90339
90391
90443
90495
90547
90599
90651
90703
90755
90807
90859
90911
90963
91015
91067
91119
91171
91223
91275
91327
91379
91431
91483
91535
91587
91639
91691
91743
91795
91847
91899
91951
92003
92055
92107
92159
92211
92263
92315
92367
92419
92471
92523
92575
92627
92679
92731
92783
92835
92887
92939
92991
93043
93095
93147
93199
93251
93303
93355
93407
93459
93511
93563
93615
93667
93719
93769
93810
93847
93880
93911
93939
93965
93990
94014
94036
94058
94080
94102
94124
94146
94168
94192
94217
94243
94253
94254
94254
94254
94254
94254
94254
94254
94254
94254
94260
94288
94337
94390
94439
94493
94544
94594
94646
94702
94758
94814
94870
94926
94982
95038
95094
95150
95206
95262
95318
95343
95371
95410
95456
95504
95553
95601
95651
95706
95759
95788
95840
95892
95944
95996
96048
96100
96152
96204
96256
96308
96360
96412
96464
96516
96568
96620
96672
96724
96776
96828
96880
96932
96984
97036
97088
97140
97192
97244
97296
97348
97400
97452
97504
97556
97608
97660
97712
97764
97816
97868
97920
97972
98024
98076
98128
98180
98232
98284
98336
98388
98440
98492
98544
98596
98648
98700
98752
98804
98856
98908
98960
99012
99064
99116
99168
99220
99272
99324
99376
99428
99480
99532
99584
99636
99688
99740
99792
99844
99896
99948
100000
100052
100104
100156
100208
100260
100312
100364
100416
100468
100520
100572
100624
100676
100728
100780
100832
100884
100936
100988
101040
101092
101144
101196
101248
101300
101352
101404
101456
101508
101560
101612
101664
101716
101768
101820
101872
101924
101976
102028
102080
102132
102184
102236
102288
102340
102392
102444
102496
102548
102600
102652
102704
102756
102808
102860
102912
102964
103016
103068
103120
103172
103224
103276
103328
103380
103432
103484
103536
103588
103640
103692
103744
103796
103848
103900
103952
104004
104056
104108
104155
104194
104229
104261
104290
104317
104343
104367
104391
104413
104435
104457
104479
104501
104523
104547
104571
104597
104618
104625
104625
104625
104625
104625
104625
104625
104625
104625
104626
104639
104673
104725
104776
104824
104881
104931
104981
105018
105074
105130
105186
105242
105298
105354
105410
105466
105522
105578
105634
105674
105683
105710
105751
105796
105844
105893
105942
105992
106045
106098
106147
106199
106251
106303
106355
106407
106459
106511
106563
106615
106667
106719
106771
106823
106875
106927
106979
107031
107083
107135
107187
107239
107291
107343
107395
107447
107499
107551
107603
107655
107707
107759
107811
107863
107915
107967
108019
108071
108123
108175
108227
108279
108331
108383
108435
108487
108539
108591
108643
108695
108747
108799
108851
108903
108955
109007
109059
109111
109163
109215
109267
109319
109371
109423
109475
109527
109579
109631
109683
109735
109787
109839
109891
109943
109995
110047
110099
110151
110203
110255
110307
110359
110411
110463
110515
110567
110619
110671
110723
110775
110827
110879
110931
110983
111035
111087
111139
111191
111243
111295
111347
111399
111451
111503
111555
111607
111659
111711
111763
111815
111867
111919
111971
112023
112075
112127
112179
112231
112283
112335
112387
112439
112491
112543
112595
112647
112699
112751
112803
112855
112907
112959
113011
113063
113115
113167
113219
113271
113323
113375
113427
113479
113531
113583
113635
113687
113739
113791
113843
113895
113947
113999
114051
114103
114155
114207
114259
114311
114363
114415
114466
114510
114548
114581
114612
114641
114668
114693
114717
114740
114762
114784
114806
114828
114850
114873
114897
114922
114949
114964
114968
114968
114968
114968
114968
114968
114968
114968
114968
114969
114990
115035
115081
115123
115166
115211
115260
115296
115297
115297
115297
115297
115297
115297
115297
115297
115297
115297
115297
115297
115297
115297
115297
115297
115297
115297
115303
115350
115406
115460
115485
115511
115537
115563
115589
115615
115641
115667
115693
115719
115745
115771
115797
115823
115849
115875
115901
115927
115953
115979
116005
116031
116057
116083
116109
116135
116161
116187
116213
116239
116265
116291
116317
116343
116369
116395
116421
116447
116473
116499
116525
116551
116577
116603
116629
116655
116681
116707
116733
116759
116785
116811
116837
116863
116889
116915
116941
116967
116993
117019
117045
117071
117097
117123
117149
117175
117201
117227
117253
117279
117305
117331
117357
117383
117409
117435
117461
117487
117513
117539
117565
117591
117617
117643
117669
117695
117721
117747
117773
117799
117825
117851
117877
117903
117929
117955
117981
118007
118033
118059
118085
118111
118137
118163
118189
118215
118241
118267
118293
118319
118345
118371
118397
118423
118449
118475
118501
118527
118553
118579
118605
118631
118657
118683
118709
118735
118761
118787
118813
118839
118865
118891
118917
118943
118969
118995
119021
119047
119073
119099
119125
119151
119172
119198
119224
119250
119276
119302
119328
119354
119380
119406
119432
119458
119484
119510
119536
119562
119588
119614
119640
119665
119683
119695
119702
119707
119710
119711
119711
119711
119711
119711
119711
119711
119711
119711
119711
119711
119711
119712
119712
119712
119712
119712
119712
119712
119712
119712
