Time needed: 1106.93 s
Distance travelled: 1749.10 m
Total rotation: 36118.6°
Objects found after: 45.43 s, 219.97 s, 687.30 s

+++ following progress ticks +++
460
536
675
734
794
852
891
950
1007
1066
1113
1201
1291
1351
1407
1465
1510
1591
1678
1738
1795
1851
1910
1959
2019
2079
2157
2213
2267
2336
2407
2458
2519
2578
2618
2676
2735
2794
2845
2916
2990
3048
3106
3164
3224
3282
3340
3391
3460
3519
3578
3637
3695
3754
3795
3864
3922
3974
4045
4120
4197
4257
4317
4372
4431
4494
4559
4615
4674
4732
4791
4846
4933
5008
5069
5123
5181
5239
5281
5353
5421
5479
5539
5594
5653
5710
5758
5815
5873
5931
5991
6049
6100
6177
6249
6309
6368
6426
6485
6534
6615
6675
6735
6789
6849
6890
6949
7005
7065
7123
7171
7231
7283
7344
7404
7465
7514
7585
7643
7703
7754
7812
7872
7932
7992
8048
8107
8156
8230
8300
8357
8414
8471
8530
8588
8649
8700
8776
8837
8888
8948
9010
9068
9119
9185
9242
9300
9346
9425
9486
9542
9603
9662
9721
9771
9800
9818
9837
9845
9845
9845
9845
9845
9845
9845
9851
9876
9917
9966
10008
10053
10123
10200
10233
10264
10295
10325
10355
10384
10412
10477
10523
10568
10614
10662
10708
10757
10789
10821
10843
10864
10891
10929
10958
10987
11017
11046
11077
11138
11204
11249
11301
11347
11390
11449
11507
11557
11613
11672
11729
11790
11846
11906
11951
12027
12087
12147
12203
12304
12405
12465
12519
12577
12621
12694
12784
12842
12902
12960
13019
13080
13141
13197
13250
13311
13370
13423
13501
13596
13652
13757
13869
13965
14023
14086
14198
14301
14387
14434
14473
14545
14612
14671
14756
14810
14925
15033
15118
15175
15212
15288
15361
15400
15432
15483
15528
15571
15595
15604
15607
15608
15608
15608
15608
15608
15608
15608
15608
15608
15608
15608
15608
15608
15608
15608
15608
15608
15608
15647
15693
15742
15797
15886
15964
16020
16077
16135
16193
16250
16307
16377
16433
16486
16529
16569
16602
16636
16649
16652
16652
16652
16652
16652
16654
16672
16673
16673
16673
16687
16718
16755
16803
16829
16846
16866
16884
16894
16909
16924
16937
16940
16940
16940
16940
16940
16940
16940
16940
16940
16940
16940
16940
16940
16940
16940
16940
16941
16941
16941
16941
16941
16941
16941
16941
16941
16941
16941
16941
16941
16941
16941
16941
16941
16941
16941
16941
16941
16941
16941
16941
16941
16941
16941
16941
16941
16941
16941
16941
16941
16941
16941
16941
16941
16941
16941
16941
16941
16941
16941
16941
16941
16941
16941
16941
16941
16941
16941
16941
16941
16941
16941
16941
16941
16941
16941
16941
16941
16941
16941
16941
16941
16941
16941
16941
16941
16941
16941
16941
16941
16941
16941
16941
16941
16941
16942
16960
16980
17028
17066
17077
17088
17099
17111
17152
17217
17245
17271
17295
17314
17358
17402
17438
17473
17507
17536
17584
17626
17662
17697
17733
17773
17817
17869
17919
17971
18021
18069
18113
18175
18234
18290
18352
18410
18466
18526
18584
18636
18696
18757
18813
18871
18954
19032
19093
19144
19206
19264
19324
19379
19438
19497
19553
19612
19669
19727
19812
19907
19964
20025
20083
20140
20190
20273
20359
20409
20469
20526
20551
20562
20564
20564
20564
20564
20565
20570
20591
20624
20666
20678
20703
20770
20814
20879
20927
20962
21007
21104
21201
21270
21314
21360
21404
21447
21477
21509
21529
21538
21540
21559
21585
21639
21700
21767
21827
21855
21875
21894
21913
21930
21946
21964
21984
22000
22008
22016
22021
22025
22026
22026
22026
22027
22036
22036
22039
22041
22044
22048
22048
22048
22048
22048
22050
22055
22067
22080
22099
22114
22136
22152
22170
22182
22223
22274
22310
22348
22390
22435
22472
22518
22566
22617
22664
22713
22738
22748
22748
22748
22748
22748
22748
22748
22748
22748
22748
22748
22748
22748
22748
22748
22748
22748
22748
22748
22748
22748
22748
22748
22748
22748
22748
22748
22748
22748
22748
22748
22748
22748
22748
22748
22748
22748
22748
22748
22748
22748
22748
22748
22748
22748
22748
22748
22748
22748
22748
22748
22748
22748
22748
22748
22748
22748
22748
22748
22748
22748
22748
22748
22748
22748
22748
22748
22748
22748
22748
22748
22748
22748
22748
22748
22748
22748
22748
22748
22748
22748
22748
22748
22748
22748
22748
22748
22748
22748
22748
22748
22748
22748
22748
22748
22748
22748
22748
22748
22748
22748
22748
22748
22748
22748
22748
22748
22748
22748
22748
22748
22748
22748
22748
22748
22748
22748
22748
22748
22748
22748
22748
22748
22748
22748
22748
22748
22748
22748
22748
22748
22748
22748
22748
22748
22748
22748
22748
22748
22748
22748
22748
22748
22748
22748
22748
22748
22748
22748
22748
22748
22748
22748
22748
22748
22748
22748
22748
22748
22748
22748
22748
22748
22748
22748
22748
22748
22748
22748
22748
22748
22748
22748
22748
22748
22748
22748
22748
22748
22748
22748
22748
22748
22748
22748
22748
22748
22748
22748
22748
22748
22748
22748
22748
22748
22748
22748
22748
22748
22748
22748
22748
22748
22748
22748
22748
22748
22748
22748
22748
22748
22748
22752
22758
22758
22758
22758
22758
22758
22758
22758
22758
22758
22758
22758
22758
22758
22767
22785
22806
22838
22863
22883
22899
22913
22924
22963
23011
23036
23057
23076
23096
23113
23127
23141
23188
23230
23281
23384
23489
23564
23615
23663
23708
23741
23801
23848
23897
23945
23998
24041
24076
24098
24113
24122
24125
24127
24127
24127
24127
24127
24127
24127
24127
24127
24127
24127
24127
24127
24127
24127
24127
24127
24127
24127
24127
24127
24127
24127
24127
24127
24127
24127
24127
24127
24127
24127
24127
24127
24127
24127
24127
24127
24127
24127
24128
24128
24128
24128
24128
24128
24128
24128
24128
24128
24128
24128
24128
24128
24128
24128
24128
24133
24147
24175
24200
24208
24223
24240
24256
24275
24285
24285
24293
24296
24297
24297
24297
24297
24297
24297
24297
24297
24303
24325
24352
24386
24420
24428
24430
24430
24430
24430
24430
24430
24430
24430
24430
24430
24430
24430
24430
24430
24430
24430
24430
24430
24430
24430
24430
24430
24430
24430
24430
24430
24430
24430
24430
24430
24430
24430
24430
24430
24430
24430
24430
24430
24430
24430
24430
24430
24430
24430
24430
24430
24430
24430
24430
24430
24430
24430
24430
24430
24430
24430
24430
24430
24430
24430
24430
24430
24430
24430
24430
24430
24430
24430
24430
24430
24430
24430
24430
24430
24430
24430
24430
24430
24430
24430
24430
24430
24430
24430
24430
24430
24430
24430
24430
24430
24430
24430
24430
24430
24430
24430
24430
24430
24430
24430
24430
24430
24430
24430
24430
24430
24430
24430
24430
24430
24430
24430
24430
24430
24430
24430
24430
24430
24430
24430
24430
24430
24430
24430
24430
24430
24430
24430
24430
24430
24430
24430
24430
24430
24430
24430
24430
24430
24430
24430
24430
24430
24430
24430
24430
24430
24430
24430
24430
24430
24430
24430
24430
24430
24430
24430
24430
24430
24430
24430
24430
24430
24430
24430
24430
24430
24430
24430
24430
24430
24430
24430
24430
24430
24430
24430
24430
24430
24430
24430
24430
24430
24430
24430
24430
24430
24430
24430
24430
24430
24430
24430
24430
24430
24430
24430
24430
24430
24430
24430
24430
24430
24430
24430
24430
24430
24430
24430
24430
24430
24430
24430
24437
24450
24474
24505
24532
24569
24609
24619
24622
24641
24663
24682
24682
24682
24682
24682
24682
24682
24682
24682
24682
24682
24682
24682
24682
24682
24682
24682
24682
24682
24682
24682
24682
24685
24707
24736
24780
24815
24830
24899
24975
25047
25091
25134
25178
25222
25255
25299
25343
25387
25431
25475
25520
25596
25690
25761
25822
25881
25935
25983
26058
26128
26188
26245
26304
26385
26443
26503
26565
26617
26698
26782
26841
26898
26955
27012
27072
27131
27181
27264
27324
27381
27439
27499
27558
27603
27672
27728
27769
27828
27889
27946
28002
28062
28120
28167
28227
28284
28344
28400
28460
28516
28557
28618
28680
28737
28795
28852
28894
28963
29022
29080
29137
29190
29243
29289
29353
29411
29458
29516
29572
29635
29695
29750
29807
29858
29930
29987
30043
30101
30160
30218
30270
30356
30452
30530
30588
30645
30706
30763
30821
30867
30959
31052
31131
31191
31249
31308
31364
31422
31465
31524
31582
31640
31696
31754
31814
31871
31917
31996
32074
32127
32189
32248
32308
32361
32431
32489
32545
32601
32662
32713
32784
32842
32900
32958
33017
33074
33133
33190
33241
33328
33423
33494
33542
33608
33666
33726
33783
33840
33899
33966
34025
34063
34137
34219
34273
34318
34351
34382
34407
34425
34463
34511
34537
34550
34554
34554
34554
34554
34554
34554
34554
34554
34554
34554
34554
34554
34555
34568
34598
34647
34699
34745
34781
34817
34844
34870
34891
34909
34926
34976
35024
35055
35083
35109
35133
35159
35191
35225
35255
35272
35322
35371
35411
35451
35491
35531
35571
35607
35667
35758
35822
35878
35937
35994
36054
36111
36170
36233
36304
36358
36408
36459
36508
36553
36636
36713
36773
36820
36890
36965
37022
37080
37138
37181
37258
37318
37377
37435
37490
37582
37647
37707
37763
37811
37894
37980
38060
38118
38173
38259
38319
38375
38429
38483
38535
38588
38638
38685
38738
38792
38844
38885
38923
38954
38984
39010
39033
39057
39080
39102
39140
39170
39197
39223
39237
39284
39351
39393
39436
39478
39520
39562
39604
39658
39741
39799
39858
39917
39973
40034
40072
40139
40187
40226
40262
40306
40347
40389
40432
40471
40510
40549
40589
40661
40754
40849
40910
40966
41022
41073
41148
41239
41313
41372
41431
41487
41566
41651
41732
41791
41849
41907
41965
42008
42063
42124
42178
42229
42286
42328
42359
42386
42403
42418
42433
42469
42506
42525
42539
42556
42599
42684
42759
42799
42837
42875
42911
42947
42964
42991
43018
43042
43075
43119
43154
43188
43218
43253
43315
43389
43442
43495
43547
43609
43699
43760
43819
43874
43934
43993
44053
44099
44165
44224
44278
44339
44398
44455
44494
44551
44609
44668
44727
44785
44833
44901
44993
45065
45124
45182
45242
45298
45341
45404
45463
45521
45578
45636
45696
45755
45802
45884
45969
46028
46087
46147
46206
46260
46332
46390
46447
46535
46643
46741
46804
46858
46915
46962
47043
47109
47167
47224
47281
47339
47397
47447
47520
47585
47646
47703
47764
47819
47875
47937
47990
48043
48099
48158
48215
48273
48334
48376
48443
48534
48599
48668
48726
48784
48846
48901
48960
49002
49060
49118
49177
49233
49294
49350
49408
49465
49512
49568
49628
49688
49748
49786
49858
49947
50023
50082
50139
50197
50239
50304
50363
50422
50480
50536
50595
50642
50726
50791
50846
50906
50965
51021
51075
51156
51241
51299
51360
51419
51474
51526
51552
51578
51587
51592
51592
51595
51598
51598
51598
51598
51598
51608
51659
51705
51763
51796
51811
51820
51824
51825
51825
51825
51827
51859
51883
51894
51900
51940
52020
52105
52159
52197
52240
52278
52311
52340
52371
52401
52430
52456
52523
52578
52636
52695
52754
52813
52870
52923
52997
53062
53117
53177
53234
53291
53362
53419
53473
53510
53558
53598
53633
53665
53691
53714
53738
53772
53796
53828
53905
53987
54038
54084
54128
54171
54216
54254
54325
54380
54435
54489
54543
54597
54649
54725
54819
54886
54943
55002
55058
55119
55206
55308
55382
55439
55477
55557
55636
55693
55752
55814
55866
55925
55984
56027
56093
56153
56213
56267
56329
56387
56445
56502
56558
56613
56671
56730
56787
56848
56905
56956
57030
57114
57177
57209
57247
57269
57272
57272
57272
57272
57275
57307
57337
57371
57413
57478
57539
57586
57613
57631
57647
57685
57749
57781
57811
57840
57869
57896
57926
57983
58028
58051
58093
58147
58199
58225
58257
58284
58308
58328
58348
58364
58381
58396
58403
58404
58420
58452
58489
58509
58521
58526
58526
58526
58526
58526
58526
58526
58526
58526
58526
58526
58526
58526
58526
58526
58526
58526
58526
58526
58526
58526
58526
58526
58526
58526
58526
58526
58526
58526
58526
58526
58526
58526
58526
58526
58526
58526
58527
58529
58530
58536
58540
58547
58552
58556
58559
58559
58559
58559
58559
58559
58559
58559
58563
58596
58630
58675
58698
58698
58698
58698
58698
58698
58698
58698
58698
58706
58741
58789
58842
58888
58888
58888
58908
58933
58943
58944
58944
58944
58944
58944
58944
58944
58944
58944
58944
58944
58944
58944
58944
58944
58944
58944
58944
58944
58944
58944
58944
58944
58944
58944
58944
58944
58944
58944
58944
58944
58944
58944
58944
58944
58944
58944
58944
58944
58944
58944
58944
58944
58944
58944
58944
58944
58944
58944
58944
58944
58944
58944
58944
58944
58944
58944
58944
58944
58944
58944
58944
58944
58944
58944
58944
58944
58944
58944
58944
58944
58944
58944
58944
58944
58944
58944
58948
58961
58988
59021
59059
59091
59111
59125
59135
59139
59139
59139
59139
59139
59139
59139
59139
59139
59139
59139
59139
59139
59139
59139
59139
59139
59139
59139
59139
59139
59142
59157
59172
59183
59186
59187
59187
59187
59187
59187
59187
59187
59187
59187
59187
59187
59187
59187
59187
59210
59265
59323
59380
59438
59498
59541
59625
59719
59792
59847
59906
59964
60017
60102
60174
60231
60287
60348
60408
60453
60511
60571
60630
60690
60748
60806
60864
60913
60984
61064
61116
61179
61239
61294
61355
61401
61462
61523
61578
61624
61692
61750
61810
61856
61872
61874
61874
61874
61874
61874
61874
61874
61874
61874
61874
61874
61874
61874
61884
61925
61976
62034
62093
62153
62223
62301
62357
62414
62476
62533
62592
62637
62725
62817
62860
62919
62977
63036
63093
63150
63209
63256
63317
63378
63434
63496
63552
63610
63700
63790
63850
63907
63969
64028
64087
64127
64206
64263
64323
64380
64435
64509
64577
64635
64690
64733
64769
64798
64818
64830
64838
64838
64838
64838
64838
64838
64838
64838
64838
64838
64838
64838
64858
64906
64968
65009
65042
65066
65084
65124
65190
65239
65341
65444
65503
65563
65622
65676
65735
65795
65839
65913
66001
66099
66155
66257
66322
66392
66465
66502
66528
66574
66605
66648
66691
66735
66782
66835
66891
66951
67005
67067
67124
67182
67242
67302
67359
67416
67472
67530
67589
67651
67710
67763
67807
67879
67950
68004
68056
68109
68146
68190
68226
68256
68287
68315
68345
68374
68405
68427
68447
68461
68473
68486
68496
68504
68510
68525
68558
68594
68601
68605
68607
68619
68663
68720
68744
68769
68796
68829
68865
68901
68937
68972
69014
69060
69106
69145
69175
69196
69209
69219
69226
69231
69236
69266
69315
69354
69397
69473
69515
69525
69532
69533
69533
69533
69536
69563
69584
69589
69589
69589
69589
69589
69589
69589
69589
69589
69589
69591
69610
69658
69721
69770
69816
69895
69945
69992
70044
70098
70147
70186
70253
70307
70359
70415
70470
70528
70587
70635
70701
70759
70814
70859
70889
70906
70910
70912
70912
70912
70912
70912
70912
70912
70912
70912
70921
70968
71045
71100
71158
71233
71311
71371
71429
71486
71544
71603
71664
71719
71776
71837
71889
71973
72029
72086
72143
72205
72249
72312
72372
72429
72488
72544
72603
72653
72728
72787
72846
72902
72942
73023
73093
73147
73204
73262
73323
73381
73450
73540
73639
73700
73758
73814
73873
73946
74016
74075
74126
74185
74246
74298
74357
74416
74476
74535
74589
74644
74700
74754
74825
74908
74975
75033
75091
75149
75199
75272
75333
75389
75445
75502
75567
75649
75708
75766
75823
75892
75972
76033
76070
76090
76091
76091
76091
76091
76091
76091
76091
76091
76091
76091
76091
76091
76091
76091
76091
76091
76091
76093
76099
76141
76199
76240
76276
76306
76344
76383
76418
76456
76497
76528
76596
76663
76713
76739
76750
76756
76756
76756
76756
76756
76756
76756
76756
76756
76756
76756
76756
76756
76756
76756
76756
76756
76756
76759
76780
76820
76858
76889
76917
76931
76939
76945
76972
77009
77043
77065
77083
77097
77112
77127
77168
77223
77252
77253
77273
77316
77349
77381
77388
77392
77402
77415
77429
77437
77443
77444
77449
77454
77458
77460
77462
77462
77462
77462
77462
77462
77462
77462
77462
77462
77462
77462
77462
77462
77462
77462
77462
77462
77462
77462
77462
77462
77462
77462
77462
77462
77462
77462
77462
77462
77462
77462
77462
77462
77462
77462
77462
77462
77462
77462
77462
77462
77462
77462
77462
77462
77462
77462
77462
77462
77462
77462
77462
77462
77462
77462
77462
77462
77462
77462
77462
77462
77462
77462
77462
77462
77462
77462
77462
77462
77462
77462
77462
77462
77462
77462
77462
77462
77462
77462
77462
77462
77462
77462
77462
77462
77462
77462
77462
77462
77462
77462
77462
77462
77462
77462
77463
77465
77469
77469
77470
77471
77473
77474
77474
77474
77488
77537
77581
77620
77662
77702
77713
77713
77713
77742
77805
77867
77916
77959
78008
78058
78103
78152
78207
78260
78319
78378
78433
78481
78552
78644
78738
78797
78840
78941
79029
79086
79102
79118
79133
79144
79155
79159
79159
79159
79161
79167
79174
79176
79176
79177
79190
79208
79220
79230
79240
79241
79241
79241
79241
79255
79275
79284
79292
79295
79297
79308
79313
79317
79318
79321
79331
79344
79349
79351
79351
79351
79351
79351
79351
79361
79387
79426
79477
79531
79587
79638
79663
79693
79709
79720
79725
79725
79725
79725
79725
79725
79726
79728
79728
79728
79733
79735
79735
79735
79735
79735
79738
79745
79750
79751
79751
79751
79751
79751
79751
79751
79751
79751
79751
79751
79751
79751
79751
79751
79751
79751
79751
79751
79751
79751
79751
79751
79751
79751
79751
79751
79751
79751
79751
79751
79751
79751
79751
79751
79751
79751
79751
79751
79751
79751
79751
79751
79751
79751
79751
79757
79785
79832
79838
79880
79893
79942
80009
80035
80053
80071
80079
80079
80079
80079
80079
80079
80079
80079
80079
80079
80081
80081
80081
80081
80081
80081
80081
80081
80081
80081
80081
80081
80081
80081
80081
80081
80081
80081
80081
80081
80081
80081
80081
80081
80081
80081
80081
80081
80081
80081
80081
80081
80081
80081
80081
80081
80081
80081
80081
80081
80081
80081
80081
80081
80081
80081
80081
80081
80081
80081
80081
80081
80081
80081
80081
80081
80081
80081
80081
80081
80081
80081
80081
80081
80081
80081
80081
80081
80081
80081
80081
80081
80081
80081
80081
80081
80081
80081
80081
80081
80081
80081
80081
80081
80081
80081
80081
80081
80081
80081
80081
80081
80081
80081
80081
80081
80081
80081
80081
80081
80081
80081
80081
80081
80081
80081
80081
80081
80081
80081
80081
80081
80081
80081
80081
80081
80081
80081
80081
80081
80081
80081
80081
80081
80081
80081
80081
80081
80081
80081
80081
80081
80081
80081
80081
80081
80081
80081
80081
80081
80081
80081
80081
80081
80081
80081
80081
80081
80081
80081
80081
80081
80081
80081
80081
80081
80081
80081
80081
80081
80081
80081
80081
80081
80081
80081
80081
80081
80081
80081
80081
80081
80081
80081
80081
80081
80081
80081
80081
80081
80081
80081
80081
80081
80081
80081
80081
80081
80081
80081
80081
80081
80081
80081
80081
80081
80081
80081
80082
80082
80082
80082
80082
80082
80082
80082
80082
80082
80082
80082
80082
80082
80082
80082
80082
80082
80082
80082
80082
80082
80082
80082
80082
80082
80082
80082
80082
80082
80082
80082
80082
80082
80082
80082
80082
80082
80082
80082
80082
80082
80082
80082
80082
80082
80082
80082
80082
80082
80082
80082
80082
80082
80082
80082
80082
80082
80082
80082
80082
80082
80082
80082
80082
80082
80082
80082
80082
80082
80082
80082
80082
80082
80082
80082
80082
80082
80082
80082
80082
80082
80082
80082
80082
80082
80082
80082
80082
80082
80082
80082
80082
80082
80082
80082
80082
80082
80082
80082
80082
80082
80082
80082
80082
80082
80082
80082
80082
80082
80082
80082
80082
80082
80082
80082
80082
80082
80082
80084
80089
80104
80162
80223
80266
80295
80322
80345
80365
80382
80391
80398
80398
80398
80398
80398
80398
80416
80461
80475
80487
80494
80512
80560
80609
80691
80729
80773
80815
80857
80901
80946
80987
81038
81092
81145
81198
81256
81314
81366
81436
81525
81608
81666
81720
81799
81851
81913
81973
82029
82088
82145
82202
82238
82269
82282
82299
82340
82397
82439
82475
82516
82555
82595
82636
82685
82739
82797
82854
82908
82971
83015
83055
83095
83133
83171
83205
83259
83342
83416
83464
83522
83582
83639
83697
83746
83790
83829
83848
83856
83856
83856
83856
83856
83856
83856
83856
83859
83880
83941
84016
84066
84092
84109
84123
84125
84125
84125
84127
84127
84127
84127
84127
84127
84144
84173
84209
84238
84290
84342
84351
84357
84361
84365
84369
84386
84435
84496
84554
84607
84649
84759
84864
84941
84999
85040
85111
85193
85281
85346
85402
85460
85510
85548
85607
85657
85698
85742
85778
85813
85836
85853
85860
85861
85861
85861
85861
85861
85861
85861
85861
85861
85861
85865
85872
85891
85915
85930
85936
85951
85963
85981
86010
86028
86036
86036
86036
86036
86036
86036
86036
86036
86041
86059
86104
86177
86240
86285
86339
86365
86388
86408
86431
86451
86468
86494
86526
86545
86557
86567
86571
86573
86573
86573
86573
86580
86595
86602
86610
86615
86627
86634
86634
86648
86663
86681
86695
86698
86698
86698
86698
86698
86698
86698
86698
86698
86698
86698
86698
86698
86698
86698
86698
86698
86698
86698
86698
86698
86698
86698
86698
86698
86698
86698
86698
86698
86698
86698
86698
86698
86698
86698
86698
86698
86698
86698
86698
86698
86698
86698
86698
86698
86698
86698
86698
86698
86698
86698
86698
86698
86698
86698
86698
86698
86698
86699
86705
86715
86725
86725
86725
86725
86725
86727
86728
86734
86744
86749
86753
86759
86763
86767
86771
86786
86792
86792
86792
86792
86792
86792
86792
86792
86792
86792
86792
86792
86792
86792
86792
86792
86792
86792
86792
86792
86792
86792
86792
86792
86792
86792
86792
86792
86792
86792
86792
86792
86792
86792
86792
86792
86792
86792
86792
86792
86792
86792
86792
86792
86792
86792
86792
86792
86792
86792
86792
86792
86792
86792
86792
86792
86792
86792
86792
86792
86792
86794
86803
86817
86834
86846
86852
86852
86852
86852
86852
86852
86852
86852
86852
86852
86852
86857
86859
86859
86859
86859
86859
86859
86859
86859
86859
86859
86859
86859
86859
86859
86859
86859
86859
86859
86859
86859
86859
86859
86859
86859
86859
86859
86859
86859
86859
86859
86859
86859
86859
86859
86859
86859
86859
86859
86859
86859
86859
86859
86859
86859
86859
86859
86859
86859
86859
86859
86859
86859
86859
86859
86859
86859
86859
86859
86859
86859
86859
86859
86859
86859
86859
86859
86859
86859
86859
86859
86859
86859
86859
86859
86859
86859
86859
86859
86859
86859
86859
86859
86859
86859
86859
86859
86859
86859
86859
86859
86859
86859
86859
86859
86863
86882
86909
86945
86982
87020
87054
87085
87138
87217
87305
87380
87436
87476
87509
87518
87522
87523
87523
87523
87523
87523
87523
87523
87523
87523
87523
87523
87541
87578
87620
87677
87742
87764
87784
87795
87802
87803
87803
87803
87818
87826
87826
87826
87826
87826
87826
87830
87886
87939
87980
88046
88111
88177
88237
88277
88288
88292
88292
88292
88292
88292
88292
88292
88292
88292
88292
88302
88340
88391
88439
88481
88557
88640
88679
88710
88727
88731
88731
88731
88732
88734
88734
88734
88734
88735
88737
88738
88740
88741
88743
88745
88745
88745
88745
88745
88745
88745
88745
88745
88745
88745
88745
88745
88745
88745
88745
88745
88745
88745
88745
88745
88745
88745
88745
88745
88745
88745
88745
88745
88745
88745
88745
88745
88745
88745
88745
88745
88745
88745
88745
88745
88745
88745
88745
88745
88745
88745
88745
88745
88745
88745
88745
88745
88745
88745
88745
88745
88745
88745
88745
88745
88745
88745
88745
88745
88745
88745
88745
88745
88745
88745
88745
88745
88745
88745
88746
88749
88751
88753
88756
88776
88779
88779
88779
88779
88779
88779
88779
88779
88779
88779
88779
88779
88779
88779
88779
88779
88779
88779
88779
88779
88779
88779
88779
88779
88779
88779
88779
88779
88779
88779
88779
88779
88779
88779
88779
88779
88779
88779
88779
88779
88779
88779
88779
88779
88779
88779
88779
88779
88779
88779
88779
88779
88779
88779
88779
88779
88779
88779
88779
88779
88779
88779
88799
88832
88845
88850
88850
88850
88850
88853
88857
88861
88864
88868
88871
88873
88876
88879
88882
88889
88900
88911
88924
88933
88969
88998
89024
89051
89077
89101
89138
89199
89241
89274
89310
89338
89362
89380
89397
89411
89428
89445
89463
89518
89568
89605
89664
89709
89736
89754
89769
89782
89794
89804
89837
89892
89946
89983
90012
90055
90091
90111
90127
90137
90146
90150
90153
90156
90157
90158
90158
90158
90158
90158
90161
90166
90166
90166
90166
90166
90166
90166
90166
90166
90166
90166
90166
90166
90166
90166
90166
90166
90166
90166
90166
90166
90166
90166
90166
90166
90166
90166
90166
90166
90166
90166
90166
90166
90166
90166
90166
90166
90166
90166
90166
90166
90166
90166
90166
90166
90166
90166
90166
90166
90166
90167
90173
90178
90183
90184
90186
90188
90191
90199
90212
90223
90231
90231
90231
90231
90231
90231
90231
90231
90231
90231
90231
90232
90233
90235
90242
90247
90247
90247
90248
90258
90292
90328
90360
90390
90424
90453
90489
90511
90541
90576
90607
90636
90667
90691
90719
90745
90769
90787
90802
90816
90825
90857
90904
90930
90955
90981
91003
91026
91045
91060
91075
91106
91124
91144
91167
91190
91213
91231
91254
91269
91283
91291
91296
91302
91309
91317
91360
91430
91495
91536
91576
91616
91649
91707
91792
91857
91915
91967
92075
92184
92251
92312
92363
92396
92424
92444
92475
92494
92510
92521
92528
92532
92533
92533
92536
92555
92603
92661
92714
92737
92759
92780
92845
92937
92998
93071
93128
93186
93245
93303
93362
93418
93479
93521
93597
93676
93773
93872
93951
94006
94094
94204
94302
94359
94415
94485
94552
94580
94600
94615
94628
94639
94647
94648
94648
94648
94648
94648
94648
94649
94697
94745
94792
94865
94948
94998
95048
95097
95141
95184
95225
95259
95292
95323
95345
95370
95402
95459
95511
95553
95595
95639
95691
95744
95777
95816
95839
95855
95870
95879
95885
95907
95951
95964
95967
95967
95974
95989
95989
95989
95989
95989
95989
95989
95989
95989
95989
95989
95989
95989
95989
95989
95989
95992
96003
96021
96041
96058
96064
96064
96064
96064
96064
96064
96064
96064
96064
96064
96064
96064
96064
96064
96064
96064
96064
96064
96064
96064
96064
96064
96064
96064
96064
96064
96064
96064
96064
96064
96064
96064
96064
96064
96064
96064
96064
96064
96064
96064
96064
96064
96064
96064
96064
96064
96064
96064
96064
96064
96064
96064
96064
96064
96064
96064
96064
96064
96064
96064
96064
96064
96068
96077
96085
96094
96104
96114
96124
96133
96145
96158
96172
96180
96189
96200
96214
96232
96264
96306
96354
96400
96428
96443
96443
96443
96443
96443
96451
96455
96456
96463
96491
96528
96544
96549
96553
96556
96556
96564
96573
96574
96574
96576
96577
96577
96577
96577
96577
96577
96577
96577
96577
96577
96577
96577
96577
96577
96577
96577
96577
96577
96577
96577
96577
96577
96577
96577
96577
96577
96577
96577
96577
96577
96577
96577
96577
96577
96577
96577
96577
96577
96577
96577
96577
96577
96577
96577
96577
96577
96577
96577
96577
96577
96577
96577
96577
96577
96577
96577
96577
96577
96577
96577
96577
96577
96577
96577
96577
96577
96577
96577
96577
96577
96587
96615
96653
96700
96753
96809
96854
96914
96951
96980
97000
97018
97034
97048
97052
97052
97060
97069
97069
97069
97069
97069
97069
97069
97069
97069
97069
97069
97103
97155
97223
97294
97326
97355
97382
97406
97424
97437
97457
97491
97532
97547
97547
97547
97547
97547
97547
97547
97547
97547
97547
97559
97614
97669
97728
97751
97796
97844
97848
97848
97848
97848
97848
97848
97848
97848
97851
97875
97905
97913
97940
97964
97969
97969
97987
98004
98033
98081
98163
98248
98288
98333
98360
98401
98462
98484
98500
98503
98503
98503
98503
98503
98503
98503
98503
98503
98503
98503
98503
98503
98503
98503
98503
98504
98504
98504
98506
98515
98525
98542
98562
98566
98579
98580
98580
98585
98606
98633
98657
98700
98744
98768
98768
98768
98768
98768
98768
98768
98768
98768
98768
98768
98768
98768
98768
98768
98768
98768
98768
98768
98768
98768
98768
98768
98768
98768
98768
98768
98768
98768
98768
98768
98768
98768
98768
98768
98768
98768
98768
98768
98768
98768
98768
98768
98768
98768
98768
98768
98768
98768
98768
98768
98768
98768
98768
98768
98768
98768
98768
98768
98768
98768
98768
98768
98768
98768
98768
98768
98768
98768
98768
98768
98768
98768
98768
98768
98768
98768
98768
98768
98768
98768
98768
98768
98768
98768
98768
98768
98768
98768
98768
98768
98768
98768
98768
98768
98768
98768
98768
98768
98768
98768
98768
98768
98768
98768
98768
98768
98768
98768
98768
98768
98768
98768
98768
98768
98768
98768
98768
98768
98768
98768
98768
98768
98768
98768
98768
98768
98768
98768
98768
98768
98768
98768
98768
98768
98768
98768
98768
98768
98768
98768
98775
98810
98859
98899
98939
98977
99016
99058
99113
99198
99250
99313
99368
99421
99471
99524
99578
99620
99671
99710
99746
99779
99815
99853
99890
99927
99951
99976
99995
100001
100003
100010
100027
100027
100027
100027
100027
100027
100027
100027
100027
100027
100027
100027
100027
100027
100027
100030
100043
100087
100142
100183
100223
100231
100250
100289
100329
100379
100430
100487
100546
100595
100650
100697
100741
100780
100808
100847
100888
100932
100975
101014
101051
101086
101123
101164
101183
101191
101191
101191
101191
101191
101191
101191
101191
101191
101191
101191
101191
101191
101191
101191
101191
101191
101191
101191
101191
101191
101191
101191
101191
101191
101191
101191
101191
101191
101191
101191
101191
101191
101191
101191
101191
101192
101195
101195
101195
101195
101195
101210
101265
101324
101363
101434
101517
101580
101644
101739
101808
101850
101864
101866
101866
101866
101866
101866
101866
101866
101866
101866
101866
101866
101866
101866
101866
101866
101866
101866
101866
101866
101866
101866
101866
101866
101866
101866
101866
101866
101866
101866
101866
101866
101866
101866
101871
101877
101879
101879
101879
101879
101879
101879
101879
101879
101879
101882
101895
101905
101912
101919
101924
101925
101933
101952
101975
102006
102038
102071
102108
102145
102180
102219
102283
102349
102381
102407
102434
102455
102513
102558
102588
102610
102640
102667
102694
102718
102745
102770
102789
102808
102822
102848
102865
102882
102897
102908
102919
102929
102941
102957
102973
102984
102988
102989
102989
102989
102989
102990
102993
102995
102995
102998
103001
103006
103011
103016
103026
103038
103059
103083
103108
103130
103143
103159
103173
103186
103205
103232
103257
103267
103271
103271
103271
103271
103271
103271
103271
103271
103271
103271
103271
103271
103271
103271
103271
103271
103271
103271
103271
103271
103271
103271
103271
103271
103271
103271
103271
103271
103271
103271
103271
103271
103271
103271
103271
103271
103271
103271
103271
103271
103271
103271
103271
103271
103271
103271
103271
103271
103271
103271
103271
103271
103271
103271
103271
103271
103271
103271
103271
103271
103271
103271
103271
103271
103271
103271
103271
103271
103271
103271
103271
103271
103271
103271
103271
103271
103271
103271
103271
103271
103271
103271
103271
103271
103271
103271
103271
103271
103271
103271
103271
103271
103271
103271
103271
103271
103271
103271
103271
103271
103271
103271
103271
103271
103271
103276
103298
103339
103382
103418
103428
103428
103428
103428
103428
103428
103431
103460
103465
103465
103496
103544
103598
103666
103733
103763
103779
103798
103801
103801
103801
103801
103801
103801
103801
103801
103801
103801
103801
103801
103801
103801
103801
103801
103801
103801
103801
103801
103801
103801
103801
103801
103801
103801
103801
103801
103801
103806
103819
103820
103821
103829
103839
103846
103856
103860
103860
103860
103860
103860
103860
103860
103860
103860
103860
103860
103860
103860
103860
103860
103860
103860
103860
103860
103860
103860
103860
103860
103860
103860
103860
103860
103860
103860
103860
103860
103860
103860
103860
103860
103860
103860
103860
103860
103860
103860
103860
103860
103860
103860
103860
103860
103860
103860
103860
103860
103860
103860
103860
103860
103860
103860
103860
103860
103860
103860
103860
103860
103860
103860
103860
103860
103860
103860
103860
103860
103860
103860
103860
103860
103860
103860
103860
103860
103860
103860
103860
103860
103860
103860
103860
103860
103860
103860
103860
103860
103860
103860
103860
103860
103860
103860
103860
103860
103860
103860
103860
103860
103860
103860
103860
103860
103860
103860
103860
103860
103860
103860
103860
103860
103860
103860
103860
103860
103860
103860
103860
103860
103860
103860
103860
103860
103860
103860
103860
103860
103860
103860
103860
103860
103860
103860
103860
103860
103860
103860
103860
103860
103860
103860
103860
103860
103860
103860
103860
103860
103860
103860
103860
103860
103860
103860
103860
103860
103860
103860
103860
103860
103860
103860
103860
103860
103860
103860
103860
103860
103860
103860
103860
103860
103860
103860
103860
103860
103860
103860
103860
103860
103860
103860
103860
103860
103860
103860
103860
103861
103861
103861
103861
103861
103861
103861
103861
103861
103861
103861
103861
103861
103861
103861
103861
103861
103861
103861
103861
103861
103861
103861
103861
103861
103861
103861
103861
103861
103861
103861
103861
103861
103861
103861
103861
103861
103861
103861
103861
103861
103861
103861
103861
103861
103861
103861
103861
103861
103861
103861
103861
103861
103861
103861
103861
103861
103861
103861
103861
103861
103861
103861
103861
103861
103861
103861
103861
103861
103861
103861
103861
103861
103861
103861
103861
103861
103861
103861
103861
103861
103861
103861
103861
103861
103861
103861
103861
103861
103861
103861
103861
103861
103861
103861
103861
103861
103861
103861
103861
103861
103861
103861
103861
103861
103861
103861
103861
103861
103861
103861
103861
103861
103861
103861
103861
103861
103861
103861
103861
103861
103861
103861
103861
103861
103861
103861
103861
103861
103861
103861
103861
103861
103861
103861
103861
103861
103861
103861
103861
103861
103861
103861
103861
103861
103861
103861
103861
103861
103861
103861
103861
103861
103861
103861
103861
103861
103861
103861
103861
103861
103861
103861
103861
103861
103861
103861
103861
103861
103861
103861
103861
103861
103861
103861
103861
103861
103861
103861
103861
103861
103861
103861
103861
103861
103861
103861
103861
103861
103861
103861
103861
103861
103861
103861
103861
103861
103861
103861
103861
103861
103861
103861
103861
103861
103861
103861
103861
103861
103861
103861
103861
103861
103861
103861
103861
103861
103861
103861
103861
103861
103861
103861
103861
103861
103861
103861
103861
103861
103861
103861
103861
103861
103861
103861
103861
103861
103861
103861
103861
103861
103861
103861
103861
103861
103861
103861
103861
103861
103861
103861
103861
103861
103861
103861
103861
103861
103861
103861
103861
103861
103861
103861
103861
103861
103861
103861
103861
103861
103861
103861
103861
103861
103861
103861
103861
103861
103861
103861
103861
103861
103865
103865
103865
103865
103865
103869
103883
103901
103924
103954
103990
104027
104064
104098
104116
104125
104128
104128
104128
104128
104128
104128
104128
104128
104128
104128
104128
104128
104128
104128
104128
104128
104128
104128
104128
104128
104128
104128
104128
104128
104128
104128
104128
104128
104128
104128
104128
104128
104128
104128
104128
104130
104158
104184
104189
104189
104193
104209
104221
104229
104231
104231
104231
104231
104231
104231
104231
104231
104231
104231
104231
104231
104231
104231
104231
104231
104231
104231
104231
104231
104231
104231
104231
104231
104231
104231
104231
104231
104231
104231
104231
104231
104231
104231
104231
104231
104231
104231
104231
104231
104231
104231
104231
104231
104231
104231
104231
104231
104231
104231
104231
104231
104231
104231
104231
104231
104231
104231
104231
104231
104231
104231
104231
104231
104231
104231
104231
104231
104231
104231
104231
104231
104231
104231
104231
104231
104231
104231
104231
104231
104231
104231
104231
104231
104231
104231
104231
104231
104231
104231
104231
104231
104231
104231
104231
104231
104231
104231
104231
104231
104231
104231
104231
104231
104231
104231
104231
104231
104231
104231
104231
104231
104231
104231
104231
104231
104231
104231
104231
104231
104231
104231
104231
104231
104231
104231
104231
104231
104231
104231
104231
104231
104231
104231
104231
104231
104231
104231
104231
104231
104231
104231
104231
104231
104231
104231
104231
104231
104231
104231
104231
104231
104231
104231
104231
104231
104231
104231
104231
104231
104235
104239
104239
104239
104239
104239
104239
104239
104239
104239
104239
104239
104239
104239
104239
104239
104239
104239
104239
104239
104239
104239
104239
104239
104239
104239
104239
104239
104239
104239
104239
104239
104239
104239
104239
104239
104239
104239
104239
104239
104239
104239
104239
104239
104239
104239
104239
104239
104239
104239
104239
104239
104239
104239
104239
104239
104239
104239
104239
104239
104239
104239
104239
104239
104239
104239
104239
104239
104239
104239
104239
104239
104239
104239
104239
104239
104239
104239
104239
104239
104239
104239
104239
104239
104239
104239
104239
104239
104239
104239
104239
104239
104239
104239
104239
104239
104239
104239
104239
104239
104239
104239
104239
104239
104239
104239
104239
104239
104239
104239
104239
104239
104239
104239
104239
104239
104239
104239
104239
104239
104239
104239
104239
104239
104239
104239
104239
104239
104239
104239
104239
104239
104239
104239
104239
104239
104239
104239
104239
104239
104239
104239
104239
104239
104239
104239
104239
104239
104239
104239
104239
104239
104239
104239
104239
104239
104239
104239
104239
104239
104239
104239
104239
104239
104239
104239
104239
104239
104239
104239
104239
104239
104239
104239
104239
104239
104239
104239
104239
104239
104239
104239
104239
104239
104239
104239
104239
104239
104239
104239
104239
104239
104239
104239
104239
104239
104239
104239
104239
104239
104239
104239
104239
104239
104239
104239
104239
104239
104239
104239
104239
104239
104239
104239
104239
104239
104239
104239
104239
104239
104239
104239
104239
104239
104239
104239
104239
104239
104239
104239
104239
104239
104239
104239
104239
104239
104239
104239
104239
104239
104239
104239
104239
104239
104239
104239
104239
104239
104239
104239
104239
104239
104239
104239
104239
104239
104239
104239
104239
104239
104239
104239
104239
104239
104239
104239
104239
104239
104239
104239
104239
104239
104239
104239
104239
104239
104239
104239
104239
104239
104239
104239
104239
104239
104239
104239
104239
104239
104239
104239
104239
104239
104239
104239
104239
104239
104239
104239
104239
104239
104239
104239
104239
104239
104239
104239
104239
104239
104239
104239
104239
104239
104239
104239
104239
104239
104239
104239
104239
104239
104239
104239
104239
104239
104239
104239
104239
104239
104239
104239
104239
104239
104239
104239
104239
104239
104239
104239
104239
104239
104239
104239
104239
104239
104239
104239
104239
104239
104239
104239
104239
104239
104239
104239
104239
104239
104239
104239
104239
104239
104239
104239
104239
104239
104239
104239
104239
104239
104239
104239
104239
104239
104239
104239
104239
104239
104239
104239
104239
104239
104239
104239
104239
104239
104239
104239
104239
104239
104239
104239
104239
104239
104239
104239
104239
104239
104239
104239
104239
104239
104239
104239
104239
104239
104239
104239
104239
104239
104239
104239
104239
104239
104239
104239
104239
104239
104239
104239
104239
104239
104239
104239
104239
104239
104239
104239
104239
104239
104239
104239
104239
104239
104239
104239
104239
104239
104239
104239
104239
104239
104239
104239
104239
104239
104239
104239
104239
104239
104239
104239
104239
104239
104239
104239
104239
104239
104239
104239
104239
104239
104239
104239
104239
104239
104239
104239
104239
104239
104239
104239
104242
104254
104271
104293
104298
104298
104298
104298
104298
104298
104298
104298
104298
104298
104298
104303
104313
104314
104314
104314
104314
104314
104314
104314
104314
104314
104314
104314
104314
104314
104314
104314
104314
104314
104314
104314
104314
104314
104314
104314
104314
104314
104314
104314
104314
104314
104314
104314
104314
104314
104314
104314
104314
104314
104314
104314
104314
104314
104314
104314
104314
104314
104314
104314
104314
104314
104314
104314
104314
104314
104314
104314
104314
104314
104314
104314
104314
104314
104314
104314
104314
104314
104314
104314
104314
104314
104314
104314
104314
104314
104314
104314
104314
104314
104314
104314
104314
104314
104314
104314
104314
104314
104314
104314
104314
104314
104314
104314
104314
104314
104314
104314
104314
104314
104314
104314
104314
104314
104314
104314
104314
104314
104314
104314
104314
104314
104314
104314
104314
104314
104314
104314
104314
104314
104314
104314
104314
104314
104314
104314
104314
104314
104314
104314
104314
104314
104314
104314
104314
104314
104314
104314
104314
104314
104314
104314
104314
104314
104314
104314
104314
104315
104317
104317
104317
104317
104317
104317
104317
104317
104317
104317
104317
104317
104317
104317
104317
104317
104317
104317
104317
104317
104317
104317
104317
104317
104317
104317
104317
104317
104317
104317
104317
104317
104317
104317
104317
104317
104317
104317
104317
104317
104317
104317
104317
104317
104317
104317
104317
104317
104317
104317
104317
104317
104317
104317
104317
104317
104317
104317
104317
104317
104317
104317
104317
104317
104317
104317
104317
104317
104317
104317
104317
104317
104317
104317
104317
104317
104317
104317
104317
104317
104317
104317
104317
104317
104317
104317
104317
104317
104317
104317
104317
104317
104317
104317
104317
104317
104317
104317
104317
104317
104317
104317
104317
104317
104317
104317
104317
104317
104317
104317
104317
104317
104317
104317
104317
104317
104317
104317
104317
104317
104317
104317
104317
104317
104317
104317
104317
104317
104317
104317
104317
104317
104317
104317
104317
104317
104317
104317
104317
104317
104317
104317
104317
104317
104317
104317
104317
104317
104317
104317
104317
104317
104317
104317
104317
104317
104317
104317
104317
104317
104317
104317
104317
104317
104317
104317
104317
104317
104317
104317
104317
104317
104317
104317
104320
104323
104330
104334
104337
104337
104337
104337
104337
104337
104337
104337
104337
104337
104337
104337
104337
104337
104337
104337
104337
104337
104337
104337
104337
104337
104337
104337
104337
104337
104337
104337
104337
104337
104337
104340
104344
104349
104358
104369
104375
104380
104382
104383
104383
104383
104383
104383
104383
104383
104383
104383
104383
104383
104383
104383
104383
104383
104383
104383
104383
104383
104383
104383
104383
104383
104383
104383
104383
104383
104383
104383
104383
104383
104383
104383
104383
104383
104383
104383
104383
104383
104383
104383
104383
104383
104383
104383
104383
104383
104383
104383
104383
104383
104383
104383
104383
104383
104383
104383
104383
104383
104383
104383
104383
104383
104383
104383
104383
104383
104383
104383
104383
104383
104383
104383
104383
104383
104383
104383
104383
104383
104383
104383
104383
104383
104383
104383
104383
104383
104383
104383
104383
104383
104383
104383
104383
104383
104383
104383
104383
104383
104383
104383
104383
104383
104383
104383
104383
104383
104383
104383
104383
104383
104383
104383
104383
104383
104383
104383
104383
104383
104383
104383
104385
104389
104391
104393
104407
104426
104445
104455
104458
104458
104458
104475
104505
104524
104578
104640
104691
104724
104760
104788
104848
104925
104967
104994
105015
105026
105033
105035
105038
105049
105075
105082
105085
105088
105096
105141
105197
105216
105227
105234
105262
105285
105305
105358
105402
105434
105458
105476
105493
105509
105520
105520
105520
105521
105530
105538
105551
105565
105578
105590
105612
105640
105659
105667
105672
105672
105672
105672
105672
105672
105672
105672
105672
105672
105672
105672
105672
105672
105672
105672
105672
105672
105672
105672
105672
105672
105672
105672
105672
105672
105672
105672
105672
105672
105672
105672
105672
105672
105678
105709
105751
105803
105860
105920
105984
106030
106076
106122
106169
106213
106256
106326
106387
106446
106503
106561
106622
106669
106752
106813
106871
106914
106987
107049
107110
107162
107223
107281
107339
107400
107439
107510
107599
107696
107765
107831
107890
107948
108005
108064
108122
108176
108250
108333
108391
108450
108507
108567
108620
108676
108736
108794
108846
108929
109018
109076
109131
109177
109218
109254
109283
109301
109311
109319
109326
109331
109333
109333
109333
109333
109333
109333
109333
109335
109352
109386
109433
109484
109538
109576
109623
109663
109710
109758
109790
109812
109833
109856
109902
109950
109964
109975
109984
110039
110117
110200
110234
110321
110397
110458
110511
110570
110630
110689
110746
110783
110787
110787
110787
110787
110790
110799
110801
110811
110825
110848
110909
110966
111012
111081
111126
111162
111199
111229
111253
111280
111299
111324
111345
111364
111385
111404
111427
111452
111479
111508
111534
111566
111639
111720
111792
111845
111895
111931
111962
111983
111994
112003
112005
112005
112005
112005
112005
112006
112008
112008
112014
112029
112048
112051
112063
112063
112063
112063
112063
112063
112063
112063
112067
112086
112118
112130
112133
112133
112134
112134
112134
112136
112148
112182
112254
112289
112339
112403
112431
112454
112475
112500
112521
112549
112574
112632
112708
112757
112800
112840
112875
112912
112944
112979
113007
113071
113145
113196
113247
113290
113321
113343
113355
113368
113373
113373
113373
113373
113373
113373
113373
113373
113373
113373
113373
113373
113373
113373
113373
113373
113373
113373
113373
113373
113373
113373
113373
113373
113373
113373
113373
113373
113373
113373
113373
113373
113373
113373
113373
113373
113373
113373
113373
113373
113373
113373
113375
113378
113380
113383
113386
113388
113393
113400
113411
113436
113441
113445
113457
113473
113491
113507
113525
113544
113557
113565
113570
113574
113574
113574
113574
113574
113574
113574
113574
113574
113574
113574
113574
113574
113574
113574
113574
113574
113574
113574
113574
113574
113574
113574
113574
113574
113574
113574
113574
113574
113574
113574
113574
113574
113574
113574
113574
113574
113574
113574
113574
113574
113574
113574
113574
113574
113574
113574
113574
113574
113574
113574
113574
113574
113574
113574
113574
113574
113574
113574
113574
113574
113574
113574
113574
113574
113574
113574
113574
113574
113574
113574
113574
113574
113574
113574
113574
113574
113574
113574
113574
113574
113574
113574
113574
113574
113574
113574
113574
113574
113574
113574
113574
113574
113574
113574
113574
113574
113574
113574
113574
113574
113574
113574
113574
113574
113574
113574
113574
113574
113574
113574
113574
113574
113574
113574
113574
113574
113574
113574
113574
113574
113574
113574
113574
113574
113574
113574
113574
113574
113574
113574
113574
113574
113574
113574
113574
113574
113574
113574
113574
113574
113574
113574
113574
113574
113574
113574
113574
113574
113574
113574
113574
113574
113574
113574
113574
113574
113574
113574
113574
113574
113574
113574
113574
113574
113574
113574
113574
113574
113574
113574
113574
113574
113574
113574
113574
113574
113574
113574
113574
113574
113574
113574
113574
113574
113574
113574
113574
113574
113574
113574
113574
113574
113574
113574
113574
113574
113574
113574
113574
113574
113574
113574
113574
113574
113574
113574
113574
113574
113574
113574
113574
113574
113574
113574
113574
113574
113574
113574
113574
113574
113574
113574
113574
113574
113574
113574
113574
113574
113574
113574
113574
113574
113574
113574
113574
113574
113574
113574
113574
113574
113574
113574
113574
113574
113574
113574
113574
113574
113574
113574
113574
113574
113574
113574
113574
113574
113574
113574
113574
113574
113574
113574
113574
113574
113574
113574
113574
113574
113574
113574
113574
113574
113574
113574
113574
113574
113574
113574
113574
113574
113574
113574
113574
113574
113574
113574
113574
113574
113574
113574
113574
113574
113574
113574
113574
113574
113574
113574
113574
113574
113574
113574
113586
113598
113607
113607
113607
113607
113607
113607
113607
113607
113607
113607
113607
113607
113607
113610
113612
113612
113612
113612
113612
113612
113612
113612
113612
113612
113612
113612
113612
113612
113612
113612
113612
113612
113612
113612
113612
113612
113612
113612
113612
113612
113612
113612
113612
113612
113612
113612
113612
113612
113612
113612
113612
113612
113612
113612
113612
113612
113612
113612
113612
113612
113612
113612
113612
113612
113612
113612
113612
113612
113612
113612
113612
113612
113612
113612
113612
113612
113612
113612
113612
113612
113612
113612
113612
113612
113612
113612
113612
113612
113612
113612
113612
113612
113612
113612
113612
113612
113612
113612
113612
113612
113612
113612
113612
113612
113612
113612
113612
113612
113612
113612
113612
113612
113612
113612
113612
113612
113612
113612
113612
113612
113612
113612
113612
113612
113612
113612
113612
113612
113612
113612
113612
113612
113619
113647
113683
113698
113698
113699
113699
113699
113699
113700
113700
113707
113730
113771
113805
113834
113863
113895
113924
113955
114007
114051
114087
114103
114130
114163
114198
114220
114220
114220
114220
114220
114220
114227
114230
114232
114234
114236
114238
114239
114239
114239
114239
114239
114239
114239
114239
114239
114239
114239
114239
114239
114239
114239
114239
114239
114239
114239
114239
114239
114239
114239
114239
114239
114239
114239
114239
114239
114239
114239
114239
114239
114239
114239
114239
114239
114239
114239
114239
114239
114243
114265
114269
114269
114269
114269
114269
114270
114275
114283
114295
114312
114331
114355
114379
114398
114421
114436
114447
114456
114463
114472
114478
114487
114522
114544
114553
114555
114556
114556
114556
114556
114556
114556
114556
114556
114556
114556
114556
114556
114556
114556
114557
114557
114557
114557
114557
114557
114557
114557
114557
114557
114557
114557
114557
114560
114574
114582
114588
114589
114589
114589
114604
114637
114689
114745
114777
114794
114814
114870
114924
114954
114985
115017
115047
115079
115117
115152
115186
115220
115253
115283
115312
115339
115366
115393
115418
115443
115458
115478
115499
115499
115499
115499
115499
115499
115499
115499
115499
115499
115499
115499
115505
115525
115562
115584
115584
115589
115594
115603
115617
115629
115649
115673
115699
115704
115704
115704
115704
115704
115704
115704
115704
115704
115704
115704
115704
115704
115704
115704
115704
115704
115704
115704
115704
115704
115704
115704
115704
115704
115704
115704
115704
115704
115704
115704
115704
115704
115704
115704
115704
115704
115704
115704
115704
115704
115704
115705
115723
115755
115792
115838
115875
115928
115964
115986
115992
115999
116006
116010
116011
116011
116011
116011
116014
116019
116027
116037
116047
116061
116071
116074
116077
116078
116078
116078
116078
116078
116078
116078
116078
116078
116078
116078
116078
116078
116078
116078
116078
116078
116078
116078
116078
116078
116078
116078
116078
116078
116078
116078
116078
116078
116078
116078
116078
116078
116078
116078
116078
116078
116078
116078
116078
116078
116078
116078
116078
116078
116078
116078
116078
116078
116078
116078
116078
116078
116078
116078
116078
116078
116078
116078
116078
116078
116078
116079
116079
116079
116079
116079
116079
116079
116079
116079
116079
116079
116079
116079
116079
116079
116079
116079
116079
116079
116079
116079
116079
116079
116079
116079
116079
116079
116079
116079
116079
116079
116079
116079
116079
116079
116079
116079
116079
116079
116079
116079
116079
116079
116079
116079
116079
116079
116079
116079
116079
116079
116079
116079
116079
116079
116079
116079
116079
116079
116079
116079
116079
116079
116079
116079
116079
116079
116079
116079
116079
116079
116079
116079
116079
116079
116079
116079
116079
116079
116079
116079
116079
116079
116079
116079
116079
116079
116079
116079
116079
116079
116079
116079
116079
116079
116079
116079
116079
116079
116079
116079
116079
116079
116079
116079
116079
116079
116079
116079
116079
116079
116079
116079
116079
116079
116079
116079
116079
116079
116079
116079
116079
116079
116079
116079
116079
116079
116079
116079
116079
116079
116079
116079
116079
116079
116079
116079
116079
116079
116079
116079
116079
116079
116079
116079
116079
116079
116079
116079
116079
116079
116079
116079
116079
116079
116079
116079
116079
116079
116079
116079
116079
116079
116079
116079
116079
116079
116079
116079
116079
116079
116079
116079
116079
116079
116079
116079
116079
116079
116079
116079
116079
116079
116079
116079
116079
116079
116079
116079
116079
116079
116079
116079
116079
116079
116079
116079
116079
116079
116079
116079
116079
116079
116079
116079
116079
116079
116079
116079
116079
116079
116079
116079
116079
116079
116079
116079
116079
116079
116079
116079
116079
116079
116079
116079
116079
116079
116079
116079
116079
116079
116079
116079
116079
116079
116079
116079
116079
116079
116079
116079
116079
116079
116079
116079
116079
116079
116079
116079
116079
116079
116079
116079
116079
116079
116079
116079
116079
116079
116079
116079
116079
116079
116079
116079
116079
116079
116079
116079
116079
116079
116079
116079
116079
116079
116079
116079
116079
116079
116079
116079
116079
116079
116079
116079
116079
116079
116079
116079
116079
116079
116079
116079
116079
116079
116079
116079
116079
116079
116079
116079
116079
116079
116079
116079
116079
116079
116079
116079
116079
116079
116079
116079
116079
116079
116079
116079
116079
116079
116079
116079
116079
116079
116079
116079
116079
116079
116079
116079
116079
116079
116079
116079
116079
116079
116079
116079
116079
116079
116079
116079
116079
116079
116079
116079
116079
116079
116079
116079
116079
116079
116079
116079
116079
116079
116079
116079
116079
116079
116079
116079
116079
116079
116079
116079
116079
116079
116079
116079
116079
116079
116079
116079
116079
116079
116079
116079
116079
116079
116079
116079
116079
116079
116079
116079
116079
116079
116079
116079
116079
116079
116079
116079
116079
116079
116079
116079
116079
116079
116079
116079
116079
116079
116079
116079
116079
116079
116079
116079
116079
116079
116079
116079
116079
116079
116079
116079
116079
116079
116079
116079
116079
116079
116079
116079
116079
116079
116079
116079
116079
116079
116079
116079
116079
116079
116079
116079
116079
116079
116079
116079
116079
116079
116079
116079
116079
116079
116079
116079
116079
116079
116079
116079
116079
116079
116079
116079
116079
116079
116079
116079
116079
116079
116079
116079
116079
116079
116079
116079
116079
116079
116079
116079
116079
116079
116079
116079
116079
116079
116079
116079
116079
116079
116079
116079
116079
116079
116079
116079
116079
116079
116079
116079
116079
116079
116079
116079
116079
116079
116079
116079
116079
116079
116079
116079
116079
116079
116079
116079
116079
116079
116079
116079
116079
116079
116079
116079
116079
116079
116079
116079
116079
116079
116079
116079
116079
116079
116079
116079
116079
116079
116079
116079
116079
116079
116079
116079
116079
116079
116079
116079
116079
116079
116079
116079
116079
116079
116079
116079
116079
116079
116079
116079
116079
116079
116079
116079
116079
116079
116079
116079
116079
116079
116079
116079
116079
116079
116079
116079
116079
116079
116079
116079
116079
116079
116079
116079
116079
116079
116079
116079
116079
116079
116079
116079
116079
116079
116079
116079
116079
116079
116079
116079
116079
116079
116079
116079
116079
116079
116079
116079
116079
116079
116079
116079
116079
116079
116079
116079
116079
116079
116079
116079
116079
116079
116079
116079
116079
116079
116079
116079
116079
116079
116079
116079
116079
116079
116079
116079
116079
116079
116079
116079
116079
116079
116079
116079
116079
116079
116079
116079
116079
116079
116079
116079
116079
116079
116079
116079
116079
116079
116079
116079
116079
116079
116079
116079
116079
116079
116079
116079
116079
116079
116079
116079
116079
116079
116079
116079
116079
116079
116079
116079
116079
116079
116079
116079
116079
116079
116079
116079
116079
116079
116079
116079
116079
116079
116079
116079
116079
116079
116079
116079
116079
116079
116079
116079
116079
116079
116079
116079
116079
116079
116079
116079
116079
116079
116079
116079
116079
116079
116079
116079
116079
116079
116079
116079
116079
116079
116079
116079
116079
116079
116079
116079
116079
116079
116079
116079
116079
116079
116079
116079
116079
116079
116079
116079
116079
116079
116079
116079
116079
116079
116079
116079
116079
116079
116079
116079
116079
116079
116079
116079
116079
116079
116079
116079
116079
116079
116079
116079
116079
116079
116079
116079
116079
116079
116079
116079
116079
116079
116079
116079
116079
116079
116079
116079
116079
116079
116079
116079
116079
116079
116079
116079
116079
116079
116079
116079
116079
116079
116079
116079
116079
116079
116079
116079
116079
116079
116079
116079
116079
116085
116091
116091
116091
116091
116091
116091
116091
116091
116091
116091
116091
116091
116091
116091
116091
116091
116091
116091
116091
116091
116091
116091
116091
116091
116091
116091
116091
116091
116091
116091
116091
116091
116091
116091
116091
116091
116091
116091
116091
116091
116091
116091
116091
116091
116091
116091
116091
116091
116091
116091
116091
116091
116091
116091
116091
116091
116091
116091
116091
116091
116091
116091
116091
116091
116091
116091
116091
116091
116091
116091
116091
116091
116091
116091
116091
116091
116091
116091
116091
116091
116091
116091
116091
116091
116091
116091
116091
116091
116091
116091
116091
116091
116091
116091
116091
116091
116091
116091
116091
116091
116091
116091
116091
116091
116091
116091
116091
116091
116091
116091
116091
116091
116091
116091
116091
116091
116091
116091
116091
116091
116091
116091
116091
116091
116091
116091
116091
116091
116091
116091
116091
116091
116091
116091
116091
116091
116091
116091
116091
116091
116091
116092
116092
116092
116092
116092
116092
116092
116092
116092
116092
116092
116092
116092
116092
116092
116092
116092
116092
116092
116092
116092
116092
116092
116092
116092
116092
116092
116092
116092
116092
116092
116092
116092
116092
116092
116092
116092
116092
116092
116092
116092
116092
116092
116092
116092
116092
116092
116092
116092
116092
116092
116092
116092
116092
116092
116092
116092
116092
116092
116092
116092
116092
116092
116092
116092
116092
116092
116092
116092
116092
116092
116092
116092
116092
116092
116092
116092
116092
116092
116092
116092
116092
116092
116092
116092
116092
116092
116092
116092
116092
116092
116092
116092
116092
116092
116092
116092
116092
116092
116097
116145
116198
116235
116264
116278
116281
116281
116281
116281
116281
116281
116281
116281
116281
116297
116328
116340
116355
116372
116388
116395
116411
116414
116414
116414
116414
116414
116414
116414
116414
116414
116414
116414
116414
116414
116414
116414
116414
116416
116428
116460
116501
116550
116600
116637
116687
116739
116791
116845
116903
116947
116999
117049
117102
117152
117198
117237
117274
117301
117316
117325
117334
117339
117341
117341
117341
117341
117341
117341
117341
117341
117341
117341
117358
117385
117431
117441
117445
117446
117446
117446
117446
117446
117446
117468
117525
117591
117619
117638
117653
117662
117670
117674
117676
117676
117676
117676
117676
117676
117682
117722
117779
117789
117793
117798
117841
117859
117912
117960
117981
117981
117981
117983
118020
118052
118055
118056
118056
118061
118107
118163
118247
118332
118390
118423
118451
118476
118498
118509
118516
118517
118525
118558
118564
118567
118567
118567
118567
118567
118567
118572
118572
118572
118575
118580
118595
118620
118659
118702
118753
118803
118804
118804
118804
118804
118804
118804
118805
118808
118808
118811
118817
118818
118825
118830
118849
118881
118931
118979
119003
119013
119026
119038
119077
119125
119148
119148
119148
119148
119148
119148
119148
119148
119148
119156
119170
119190
119205
119222
119242
119260
119260
119260
119288
119336
119397
119439
119463
119478
119479
119487
119496
119497
119497
119497
119497
119497
119497
119497
119497
119497
119497
119497
119497
119497
119497
119497
119497
119497
119497
119497
119497
119497
119497
119497
119497
119497
119497
119497
119497
119497
119497
119497
119497
119497
119497
119497
119497
119497
119497
119497
119497
119497
119497
119497
119497
119497
119497
119497
119497
119497
119497
119497
119497
119497
119497
119497
119497
119497
119497
119497
119497
119497
119497
119497
119497
119497
119497
119497
119497
119497
119497
119497
119497
119497
119497
119497
119497
119497
119497
119497
119497
119497
119497
119497
119497
119497
119497
119497
119497
119497
119497
119497
119497
119497
119497
119497
119497
119497
119497
119497
119497
119497
119497
119497
119497
119497
119497
119497
119497
119497
119497
119497
119497
119497
119497
119497
119497
119497
119497
119497
119497
119497
119497
119497
119497
119497
119497
119497
119497
119497
119497
119497
119497
119497
119497
119497
119497
119497
119497
119497
119497
119497
119497
119497
119497
119497
119497
119497
119497
119497
119497
119497
119497
119497
119497
119497
119497
119497
119497
119497
119497
119497
119497
119497
119497
119497
119497
119497
119497
119497
119497
119497
119497
119497
119497
119497
119497
119497
119497
119497
119497
119497
119497
119497
119497
119497
119497
119497
119497
119497
119497
119497
119497
119497
119497
119497
119497
119497
119497
119497
119497
119497
119497
119497
119497
119497
119497
119497
119497
119497
119497
119497
119497
119497
119497
119497
119497
119497
119497
119497
119497
119497
119497
119497
119497
119497
119497
119497
119497
119497
119497
119497
119497
119497
119497
119497
119497
119497
119497
119497
119497
119497
119497
119497
119497
119497
119497
119497
119497
119497
119497
119497
119497
119497
119497
119497
119497
119497
119497
119497
119497
119497
119497
119497
119497
119497
119497
119497
119497
119497
119497
119497
119497
119497
119497
119497
119497
119497
119497
119497
119497
119497
119497
119497
119497
119497
119497
119497
119497
119497
119497
119497
119497
119497
119497
119497
119497
119497
119497
119497
119497
119497
119497
119497
119497
119497
119497
119497
119497
119497
119497
119497
119497
119497
119497
119497
119497
119497
119497
119497
119497
119497
119497
119497
119497
119497
119497
119497
119497
119497
119497
119497
119497
119497
119497
119497
119497
119497
119497
119497
119497
119497
119497
119497
119497
119497
119497
119497
119497
119497
119497
119497
119497
119497
119497
119497
119497
119497
119497
119497
119497
119497
119497
119497
119497
119497
119497
119497
119497
119497
119497
119497
119497
119497
119497
119497
119497
119497
119497
119497
119497
119497
119497
119497
119497
119497
119497
119497
119497
119497
119497
119497
119497
119497
119497
119497
119497
119497
119497
119497
119497
119497
119497
119497
119497
119497
119497
119497
119497
119497
119497
119497
119497
119497
119497
119497
119497
119497
119497
119497
119497
119497
119497
119497
119497
119497
119497
119497
119497
119497
119497
119497
119497
119497
119497
119497
119497
119497
119497
119497
119497
119497
119497
119497
119497
119497
119497
119497
119497
119497
119497
119497
119497
119497
119497
119497
119497
119497
119497
119497
119497
119497
119497
119497
119497
119497
119497
119497
119497
119497
119497
119497
119497
119497
119497
119497
119497
119497
119497
119497
119497
119497
119497
119497
119497
119497
119497
119497
119497
119497
119497
119497
119497
119497
119497
119497
119497
119497
119497
119497
119497
119497
119497
119497
119497
119497
119497
119497
119497
119497
119497
119497
119497
119497
119497
119497
119497
119497
119497
119497
119497
119497
119497
119497
119497
119497
119497
119497
119497
119497
119497
119497
119497
119497
119497
119497
119497
119497
119497
119497
119497
119497
119497
119497
119497
119497
119497
119497
119497
119497
119497
119497
119497
119497
119497
119497
119497
119497
119497
119497
119497
119497
119497
119497
119497
119497
119497
119497
119497
119497
119497
119497
119497
119497
119497
119497
119497
119497
119497
119497
119497
119497
119497
119497
119497
119497
119497
119497
119497
119497
119497
119497
119497
119497
119497
119497
119497
119497
119497
119497
119497
119497
119497
119497
119497
119497
119497
119497
119497
119497
119497
119497
119497
119497
119497
119497
119497
119497
119497
119497
119497
119497
119497
119497
119497
119497
119497
119497
119497
119497
119497
119497
119497
119497
119497
119497
119497
119497
119498
119503
119509
119517
119527
119543
119548
119549
119549
119549
119549
119549
119551
119554
119556
119556
119556
119556
119556
119556
119556
119556
119556
119556
119556
119556
119556
119556
119556
119556
119556
119556
119556
119556
119556
119556
119556
119556
119556
119556
119556
119556
119556
119556
119556
119556
119556
119556
119556
119556
119556
119556
119556
119556
119556
119556
119556
119556
119556
119556
119556
119556
119556
119556
119556
119556
119556
119556
119556
119556
119556
119556
119556
119556
119556
119556
119556
119556
119556
119556
119556
119556
119556
119556
119556
119556
119556
119556
119556
119556
119556
119556
119556
119556
119556
119556
119556
119556
119556
119556
119556
119556
119556
119556
119556
119556
119556
119556
119556
119556
119556
119556
119556
119556
119556
119556
119556
119556
119556
119556
119556
119556
119556
119556
119556
119556
119556
119556
119556
119556
119556
119556
119556
119556
119556
119556
119556
119556
119556
119556
119556
119556
119556
119556
119556
119556
119556
119556
119556
119556
119556
119556
119556
119556
119556
119556
119556
119556
119556
119556
119556
119556
119556
119556
119556
119556
119556
119556
119556
119556
119556
119556
119556
119556
119556
119556
119556
119556
119556
119556
119556
119556
119556
119556
119556
119556
119556
119556
119556
119556
119556
119556
119556
119556
119556
119556
119556
119556
119556
119556
119556
119556
119556
119556
119556
119556
119556
119556
119556
119556
119556
119556
119556
119556
119556
119556
119556
119556
119556
119556
119556
119556
119556
119556
119556
119556
119556
119556
119556
119556
119556
119556
119556
119556
119556
119556
119556
119556
119556
119556
119556
119556
119556
119556
119556
119556
119556
119556
119556
119556
119556
119556
119556
119556
119556
119556
119556
119556
119556
119556
119556
119556
119556
119556
119556
119556
119556
119556
119556
119556
119556
119556
119556
119556
119556
119556
119556
119556
119556
119556
119556
119556
119556
119556
119556
119556
119556
119556
119556
119556
119556
119556
119556
119556
119556
119556
119556
119556
119556
119556
119556
119556
119556
119556
119556
119556
119556
119556
119556
119556
119556
119556
119556
119556
119556
119556
119556
119556
119556
119556
119556
119556
119556
119556
119556
119556
119556
119556
119556
119556
119556
119556
119556
119556
119556
119556
119556
119556
119556
119556
119556
119556
119556
119556
119556
119556
119556
119556
119556
119556
119556
119556
119556
119556
119556
119556
119556
119556
119556
119556
119556
119556
119556
119556
119556
119556
119556
119556
119556
119556
119556
119556
119556
119556
119556
119556
119556
119556
119556
119556
119556
119556
119556
119556
119556
119556
119556
119556
119556
119556
119556
119556
119556
119556
119556
119556
119556
119556
119556
119556
119556
119556
119556
119556
119556
119556
119556
119556
119556
119556
119556
119556
119556
119556
119556
119556
119556
119556
119556
119556
119556
119556
119556
119556
119556
119556
119556
119556
119556
119556
119556
119556
119556
119556
119556
119556
119558
119563
119566
119566
119566
119566
119566
119566
119566
119566
119566
119566
119566
119566
119566
119566
119566
119566
119566
119566
119566
119566
119568
119576
119586
119600
119615
119641
119664
119688
119691
119693
119700
119700
119700
119700
119700
119700
119700
119700
119700
119700
119700
119700
119700
119700
119700
119700
119700
119705
119711
119713
119713
119713
119713
119713
119713
119713
119713
119713
119713
119713
119713
119713
119713
119713
119713
119713
119713
119713
119713
119713
119713
119713
119713
119713
119713
119713
119713
119713
119713
119713
119713
119713
119713
119713
119713
119713
119713
119713
119713
119713
119713
119713
119713
119713
119713
119713
119713
119713
119713
119713
119713
119713
119713
119713
119713
119713
119713
119713
119713
119713
119713
119713
119713
119713
119713
119713
119713
119713
119713
119713
119713
119713
119713
119713
119713
119714
119718
119723
119723
119723
119723
119723
119723
119723
119723
119723
119723
119723
119723
119723
119723
119723
119723
119723
119723
119723
119723
119723
119723
119723
119723
119723
119723
119723
119723
119723
119723
119723
119723
119723
119723
119723
119723
119723
119723
119723
119723
119723
119723
119723
119723
119723
119723
119723
119723
119723
119723
119723
119723
119723
119723
119723
119723
119723
119723
119723
119723
119723
119723
119723
119723
119723
119723
119723
119723
119723
119723
119723
119723
119723
119723
119723
119723
119723
119723
119723
119723
119723
119723
119723
119723
119723
119723
119723
119723
119723
119723
119723
119723
119723
119723
119723
119723
119723
119723
119723
119723
119723
119723
119723
119723
119723
119723
119723
119723
119723
119723
119723
119723
119723
119723
119723
119723
119723
119723
119723
119723
119723
119723
119723
119723
119723
119723
119723
119723
119723
119723
119723
119723
119723
119723
119723
119723
119723
119723
119723
119723
119723
119723
119723
119723
119723
119723
119723
119723
119723
119723
119723
119723
119723
119723
119723
119723
119723
119723
119723
119723
119723
119723
119723
119723
119723
119723
119723
119723
119723
119723
119723
119723
119723
119723
119723
119723
119723
119723
119723
119723
119723
119723
119723
119723
119723
119723
119723
119723
119723
119723
119723
119723
119723
119723
119723
119723
119723
119723
119723
119723
119723
119723
119723
119723
119723
119723
119723
119723
119723
119723
119723
119723
119723
119723
119723
119723
119723
119723
119723
119723
119723
119723
119723
119723
119723
119723
119723
119723
119723
119723
119723
119723
119723
119723
119723
119723
119723
119723
119723
119723
119723
119723
119723
119723
119723
119723
119723
119723
119723
119723
119723
119723
119723
119723
119723
119723
119723
119723
119723
119723
119723
119723
119723
119723
119723
119723
119723
119723
119723
119723
119723
119723
119723
119723
119723
119723
119723
119723
119723
119723
119723
119723
119723
119723
119723
119723
119723
119723
119723
119723
119723
119723
119723
119723
119723
119723
119723
119723
119723
119723
119723
119723
119723
119723
119723
119723
119723
119723
119723
119723
119723
119723
119723
119723
119723
119723
119723
119723
119723
119723
119723
119723
119723
119723
119723
119723
119723
119723
119723
119723
119723
119723
119723
119723
119723
119723
119723
119723
119723
119723
119723
119723
119723
119723
119723
119723
119723
119723
119723
119723
119723
119723
119723
119723
119723
119723
119723
119723
119723
119723
119723
119723
119723
119723
119723
119723
119723
119723
119723
119723
119723
119723
119723
119723
119723
119723
119723
119723
119723
119723
119723
119723
119723
119723
119723
119723
119723
119723
119723
119723
119723
119723
119723
119723
119723
119723
119723
119723
119723
119723
119723
119723
119723
119723
119723
119723
119723
119723
119723
119723
119723
119723
119723
119723
119723
119723
119723
119723
119723
119723
119723
119723
119723
119723
119723
119723
119723
119723
119723
119723
119723
119723
119723
119723
119723
119723
119723
119723
119723
119730
119764
119801
119837
119871
119904
119932
119957
119980
119982
119982
119982
119982
119982
119982
119982
119982
119982
119982
119982
119993
119993
119993
119993
119997
119999
119999
119999
119999
119999
119999
119999
119999
119999
119999
119999
119999
119999
119999
119999
119999
119999
119999
119999
119999
119999
119999
119999
119999
119999
119999
119999
119999
119999
119999
119999
119999
119999
119999
119999
119999
119999
119999
119999
120000
120000
120000
120000
120000
120000
120000
120000
120000
120000
120000
120000
120000
120000
120000
120000
120000
120000
120000
120000
120000
120000
120000
120000
120000
120000
120000
120000
120000
120000
120000
120000
120000
120000
120000
120000
120000
120000
120000
120000
120000
120000
120000
120000
120000
120000
120000
120000
120000
120000
120000
120000
120000
120000
120000
120000
120000
120000
120000
120000
120000
120000
120000
120000
120000
120000
120000
120000
120000
120000
120000
120000
120000
120000
120000
120000
120000
120000
120000
120000
120000
120000
120000
120000
120000
120000
120000
120000
120000
120000
120000
120000
120000
120000
120000
120000
120000
120000
120000
120000
120000
120000
120000
120000
120000
120000
120000
120000
120000
120000
120000
120000
120000
120000
120000
120000
120000
120000
120000
120000
120000
120000
120000
120000
120000
120000
120000
120000
120000
120000
120000
120000
120000
120000
120000
120000
120000
120000
120000
120000
120000
120000
120000
120000
120000
120000
120000
120000
120000
120000
120000
120000
120000
120000
120000
120000
120000
120000
120000
120000
120000
120000
120000
120000
120000
120000
120000
120000
120000
120000
120000
120000
120000
120000
120000
120000
120000
120000
120000
120000
120000
120000
120000
120000
120000
120000
120000
120000
120000
120000
120000
120000
120000
120000
120000
120000
120000
120000
120000
120000
120000
120000
120000
120000
120000
120000
120000
120000
120000
120000
120000
120000
120000
120000
120000
120000
120000
120000
120000
120000
120000
120000
120000
120000
120000
120000
120000
120000
120000
120000
120000
120000
120000
120000
120000
120000
120000
120000
120000
120000
120000
120000
120000
120000
120000
120000
120000
120000
120000
120000
120000
120000
120000
120000
120000
120000
120000
120000
120000
120000
120000
120000
120000
120000
120000
120000
120000
120000
120000
120000
120000
120000
120000
120000
120000
120000
120000
120000
120000
120000
120000
120000
120000
120000
120000
120000
120000
120000
120000
120000
120000
120000
120000
120000
120000
120000
120000
120000
120000
120000
120000
120000
120000
120000
120000
120000
120000
120000
120000
120000
120000
120000
120000
120000
120000
120000
120000
120000
120000
120000
120000
120000
120000
120000
120000
120000
120000
