Time needed: 1117.63 s
Distance travelled: 1798.11 m
Total rotation: 35098.1°
Objects found after: 5.20 s, 13.47 s, 1046.63 s

+++ following progress ticks +++
461
502
584
644
697
754
798
852
909
960
1031
1119
1214
1276
1336
1395
1452
1509
1558
1630
1667
1775
1884
1985
2052
2111
2186
2271
2341
2399
2459
2519
2574
2632
2681
2762
2854
2905
2928
2960
2972
2981
2984
2984
3000
3046
3096
3106
3114
3120
3125
3161
3224
3259
3277
3302
3359
3397
3431
3464
3495
3527
3558
3590
3617
3671
3714
3755
3797
3839
3867
3904
3940
3976
4012
4047
4083
4119
4154
4185
4251
4342
4411
4472
4533
4589
4642
4724
4815
4887
4945
4992
5070
5154
5221
5279
5329
5387
5446
5504
5563
5620
5677
5726
5809
5867
5924
5983
6036
6083
6124
6156
6204
6241
6274
6303
6329
6352
6371
6389
6406
6444
6466
6486
6503
6520
6536
6560
6611
6666
6698
6732
6769
6848
6907
6959
7004
7088
7139
7200
7259
7319
7379
7437
7485
7543
7603
7645
7724
7784
7845
7904
7961
8019
8067
8143
8201
8261
8310
8384
8483
8550
8610
8667
8724
8784
8840
8886
8967
9061
9123
9196
9252
9310
9365
9424
9483
9531
9622
9700
9759
9817
9879
9936
9998
10057
10113
10169
10227
10269
10342
10407
10466
10524
10561
10620
10678
10737
10796
10850
10910
10970
11029
11110
11199
11255
11358
11459
11534
11577
11658
11716
11778
11833
11893
11948
12005
12071
12149
12208
12260
12297
12330
12362
12378
12380
12380
12380
12380
12380
12380
12380
12380
12380
12380
12380
12380
12380
12381
12387
12396
12418
12439
12456
12471
12494
12530
12549
12571
12591
12609
12632
12685
12719
12750
12781
12811
12840
12858
12889
12903
12903
12903
12903
12913
12964
13000
13022
13034
13038
13039
13039
13039
13039
13039
13039
13039
13039
13039
13039
13039
13039
13039
13039
13039
13039
13039
13041
13041
13041
13041
13041
13041
13041
13041
13052
13064
13068
13068
13068
13068
13069
13070
13070
13070
13070
13070
13070
13070
13070
13070
13070
13070
13070
13070
13070
13070
13070
13070
13070
13070
13070
13070
13070
13070
13070
13073
13075
13075
13075
13075
13075
13075
13075
13075
13075
13075
13075
13075
13075
13075
13075
13075
13075
13075
13075
13075
13075
13075
13075
13075
13075
13075
13075
13075
13075
13075
13075
13075
13075
13075
13075
13075
13075
13075
13075
13075
13075
13075
13075
13075
13075
13075
13075
13075
13075
13075
13075
13075
13075
13075
13075
13075
13075
13075
13075
13075
13075
13075
13075
13075
13075
13075
13075
13075
13075
13075
13075
13075
13075
13075
13075
13075
13075
13075
13075
13075
13080
13090
13096
13096
13096
13096
13096
13096
13096
13096
13098
13100
13100
13107
13137
13193
13223
13243
13265
13281
13299
13312
13324
13329
13332
13355
13405
13454
13479
13499
13521
13540
13557
13575
13591
13608
13623
13636
13675
13698
13715
13727
13733
13733
13733
13733
13733
13733
13733
13734
13751
13796
13835
13899
13967
14032
14119
14195
14247
14297
14350
14404
14452
14492
14522
14541
14553
14557
14557
14557
14557
14557
14557
14557
14563
14576
14594
14615
14623
14645
14690
14743
14777
14780
14780
14781
14787
14787
14801
14855
14916
14939
14957
14971
14984
14995
15029
15065
15132
15209
15254
15277
15295
15308
15317
15322
15341
15381
15415
15430
15439
15446
15448
15448
15448
15448
15448
15448
15449
15464
15482
15498
15508
15514
15515
15517
15538
15541
15542
15542
15542
15569
15624
15651
15664
15674
15682
15696
15736
15771
15778
15778
15778
15778
15778
15778
15778
15778
15780
15812
15879
15930
15983
16013
16040
16068
16094
16116
16165
16240
16297
16349
16397
16429
16451
16464
16480
16516
16555
16571
16583
16601
16659
16728
16784
16828
16850
16864
16894
16924
16954
16982
17004
17028
17050
17075
17097
17132
17167
17205
17244
17276
17310
17348
17384
17427
17468
17509
17546
17627
17723
17781
17832
17914
18012
18072
18127
18184
18242
18301
18354
18412
18466
18552
18632
18693
18750
18808
18868
18926
18964
19036
19096
19156
19212
19265
19323
19380
19440
19499
19557
19614
19673
19725
19813
19905
19972
20076
20180
20271
20329
20388
20446
20488
20566
20643
20704
20762
20813
20871
20931
20989
21047
21116
21203
21262
21320
21379
21438
21489
21547
21605
21663
21721
21778
21837
21893
21955
22014
22072
22130
22189
22248
22306
22370
22426
22487
22526
22599
22699
22798
22855
22914
22974
23034
23090
23136
23196
23256
23308
23378
23446
23503
23562
23621
23675
23736
23783
23862
23956
24022
24105
24163
24220
24281
24342
24397
24450
24532
24600
24646
24746
24842
24902
24961
25020
25080
25137
25196
25248
25307
25361
25420
25479
25521
25592
25683
25776
25835
25893
25950
26004
26077
26171
26254
26314
26368
26429
26488
26544
26590
26662
26722
26777
26829
26873
26910
26983
27070
27150
27208
27266
27325
27397
27455
27512
27572
27630
27675
27733
27791
27850
27893
27966
28023
28081
28140
28198
28252
28326
28410
28475
28535
28634
28702
28762
28821
28874
28956
29045
29110
29167
29224
29281
29340
29393
29452
29509
29570
29629
29687
29745
29803
29862
29907
29991
30086
30144
30194
30251
30311
30366
30422
30473
30547
30605
30663
30720
30778
30832
30880
30967
31063
31143
31163
31167
31167
31167
31167
31167
31168
31182
31208
31224
31232
31240
31244
31245
31245
31245
31245
31245
31245
31246
31253
31271
31307
31357
31400
31446
31487
31525
31563
31601
31639
31677
31714
31742
31776
31809
31839
31875
31912
31941
31970
31998
32021
32035
32049
32057
32065
32073
32081
32089
32095
32099
32101
32101
32102
32104
32106
32111
32117
32123
32129
32134
32137
32138
32138
32140
32142
32144
32145
32145
32145
32145
32145
32145
32145
32145
32145
32145
32145
32149
32162
32179
32199
32222
32247
32278
32312
32341
32383
32432
32483
32535
32593
32634
32693
32743
32786
32826
32860
32884
32903
32913
32919
32921
32922
32922
32922
32922
32922
32922
32922
32922
32930
32965
33015
33065
33116
33174
33237
33281
33338
33382
33420
33459
33500
33532
33561
33586
33609
33629
33662
33694
33721
33749
33776
33800
33825
33837
33846
33850
33850
33850
33850
33850
33850
33850
33850
33850
33850
33850
33850
33850
33850
33850
33850
33850
33850
33850
33850
33850
33851
33866
33899
33942
33996
34054
34094
34151
34210
34267
34327
34389
34449
34507
34563
34621
34680
34740
34786
34865
34948
35007
35066
35125
35186
35239
35294
35330
35356
35385
35436
35475
35504
35529
35552
35570
35596
35614
35631
35645
35656
35669
35707
35753
35777
35801
35819
35841
35862
35892
35950
36000
36040
36128
36217
36275
36336
36381
36452
36555
36653
36717
36777
36821
36899
36981
37042
37102
37154
37254
37335
37394
37450
37508
37566
37633
37720
37792
37851
37908
38008
38110
38171
38227
38282
38347
38414
38454
38490
38516
38541
38560
38573
38610
38670
38740
38776
38807
38839
38870
38943
38984
39026
39067
39107
39147
39184
39246
39327
39384
39440
39496
39548
39595
39643
39691
39736
39783
39825
39900
39968
40025
40082
40141
40193
40270
40350
40408
40441
40453
40456
40456
40456
40456
40456
40456
40456
40456
40456
40456
40456
40456
40456
40456
40456
40456
40488
40532
40580
40630
40685
40736
40788
40837
40853
40853
40884
40912
40925
40945
40992
41038
41089
41137
41190
41242
41297
41341
41397
41455
41513
41565
41624
41685
41740
41797
41855
41915
41970
42019
42063
42107
42134
42160
42183
42206
42212
42213
42219
42219
42219
42219
42219
42219
42219
42219
42219
42219
42219
42219
42219
42219
42219
42219
42219
42219
42219
42219
42219
42219
42224
42238
42255
42268
42273
42273
42273
42273
42273
42276
42279
42279
42279
42279
42279
42279
42279
42279
42279
42279
42279
42279
42279
42279
42279
42279
42279
42279
42279
42279
42279
42279
42279
42279
42279
42279
42279
42279
42279
42279
42279
42279
42279
42279
42279
42279
42279
42279
42279
42279
42279
42279
42279
42279
42279
42279
42279
42279
42279
42279
42279
42306
42345
42387
42405
42414
42420
42423
42423
42423
42423
42427
42467
42526
42563
42659
42764
42860
42942
43015
43072
43132
43190
43249
43305
43355
43433
43491
43549
43606
43663
43724
43781
43833
43872
43906
43929
43952
43974
43991
44009
44025
44040
44078
44112
44144
44182
44244
44306
44331
44377
44467
44561
44629
44680
44728
44776
44818
44854
44890
44922
44945
44963
44974
44981
44989
44994
44997
45002
45013
45055
45117
45182
45227
45272
45322
45360
45430
45527
45600
45659
45717
45772
45829
45887
45933
45988
46049
46106
46161
46221
46277
46337
46402
46460
46502
46540
46573
46602
46627
46641
46660
46676
46700
46736
46755
46758
46758
46758
46758
46758
46758
46758
46764
46780
46797
46803
46803
46810
46832
46862
46896
46929
46957
46977
47023
47058
47133
47198
47232
47259
47264
47264
47264
47264
47264
47264
47264
47264
47264
47264
47264
47264
47264
47264
47264
47264
47264
47289
47318
47348
47372
47397
47423
47448
47471
47522
47573
47614
47655
47680
47722
47766
47815
47867
47920
47979
48034
48094
48152
48210
48268
48314
48388
48462
48520
48578
48636
48694
48741
48809
48869
48927
48987
49043
49085
49140
49196
49251
49309
49347
49400
49441
49474
49506
49526
49537
49542
49542
49542
49542
49542
49542
49542
49542
49542
49542
49542
49542
49542
49542
49542
49542
49542
49542
49542
49542
49543
49573
49633
49684
49707
49731
49749
49762
49771
49783
49821
49854
49861
49866
49871
49908
49952
49974
49976
49977
49979
49981
49983
49985
49985
49985
49985
49985
49985
49985
49985
49985
49985
49985
49985
49985
49985
49985
49985
49985
49985
49985
49985
49985
49985
49985
49985
49985
49985
49985
49985
49985
49985
49985
49985
49985
49985
49985
49985
49985
50007
50053
50072
50077
50082
50083
50083
50083
50083
50083
50083
50083
50083
50083
50083
50083
50083
50083
50083
50083
50083
50083
50083
50083
50083
50083
50083
50083
50083
50083
50083
50083
50083
50083
50083
50083
50083
50087
50094
50097
50099
50099
50101
50105
50105
50105
50105
50105
50105
50105
50105
50105
50105
50105
50105
50105
50105
50105
50105
50105
50105
50105
50105
50105
50105
50105
50105
50105
50105
50105
50105
50105
50105
50105
50105
50105
50105
50105
50105
50105
50105
50105
50105
50105
50105
50105
50105
50105
50105
50105
50105
50105
50105
50105
50105
50105
50105
50105
50105
50105
50105
50105
50105
50105
50105
50105
50105
50105
50105
50105
50105
50105
50105
50105
50105
50105
50105
50105
50105
50105
50105
50105
50105
50105
50105
50105
50105
50105
50105
50105
50105
50105
50105
50105
50105
50105
50105
50105
50105
50105
50128
50154
50193
50214
50235
50255
50278
50296
50350
50427
50473
50511
50534
50547
50585
50612
50641
50700
50762
50813
50903
50982
51039
51085
51135
51176
51184
51184
51184
51185
51186
51192
51198
51202
51205
51205
51205
51205
51205
51205
51205
51205
51205
51205
51205
51205
51205
51205
51205
51205
51210
51222
51230
51235
51241
51248
51254
51272
51322
51363
51387
51388
51388
51388
51388
51388
51393
51396
51396
51396
51405
51428
51435
51440
51440
51440
51440
51440
51440
51440
51440
51440
51440
51440
51440
51440
51440
51440
51440
51442
51464
51497
51533
51564
51572
51572
51572
51572
51572
51572
51572
51572
51578
51608
51611
51611
51611
51611
51611
51611
51611
51611
51611
51611
51611
51611
51611
51611
51611
51611
51611
51611
51611
51611
51611
51611
51611
51611
51611
51611
51611
51611
51611
51615
51618
51620
51625
51633
51640
51651
51657
51657
51657
51657
51657
51657
51657
51657
51657
51657
51657
51657
51657
51657
51657
51657
51657
51657
51657
51657
51657
51657
51657
51657
51657
51657
51657
51657
51657
51657
51657
51657
51657
51657
51657
51657
51657
51657
51657
51657
51657
51657
51657
51657
51657
51657
51657
51657
51657
51657
51657
51657
51657
51657
51657
51657
51657
51657
51657
51679
51715
51758
51808
51852
51893
51920
51963
52004
52049
52091
52119
52145
52158
52168
52177
52187
52221
52264
52282
52294
52299
52299
52299
52299
52299
52299
52302
52302
52302
52302
52302
52306
52314
52323
52331
52332
52334
52351
52374
52390
52395
52396
52396
52396
52396
52396
52397
52397
52397
52397
52397
52397
52397
52397
52397
52397
52397
52397
52397
52397
52397
52397
52397
52397
52397
52397
52397
52397
52397
52397
52397
52397
52397
52397
52397
52397
52397
52397
52397
52397
52397
52397
52397
52397
52397
52397
52397
52397
52397
52397
52397
52397
52397
52397
52397
52397
52397
52397
52397
52397
52397
52397
52397
52397
52397
52397
52397
52397
52397
52397
52397
52397
52397
52397
52397
52397
52397
52397
52397
52397
52397
52397
52397
52397
52397
52397
52397
52397
52399
52399
52399
52399
52399
52399
52399
52399
52399
52399
52399
52399
52399
52399
52399
52399
52399
52399
52399
52399
52399
52399
52399
52399
52399
52399
52399
52399
52399
52399
52399
52399
52399
52399
52399
52399
52399
52399
52399
52399
52399
52399
52399
52399
52399
52399
52399
52399
52399
52399
52399
52399
52399
52399
52399
52399
52399
52399
52399
52399
52399
52399
52399
52399
52399
52399
52399
52399
52399
52399
52399
52399
52399
52399
52399
52399
52399
52399
52399
52399
52399
52399
52399
52399
52399
52399
52399
52399
52399
52399
52399
52399
52399
52399
52399
52399
52399
52399
52399
52399
52399
52399
52399
52399
52399
52399
52399
52399
52399
52399
52399
52399
52399
52400
52400
52400
52400
52400
52400
52400
52400
52400
52400
52400
52400
52400
52400
52400
52400
52400
52400
52400
52400
52400
52400
52400
52400
52400
52400
52400
52400
52400
52400
52400
52400
52400
52400
52400
52400
52400
52400
52400
52400
52400
52400
52400
52400
52400
52400
52400
52400
52400
52400
52400
52400
52400
52400
52400
52400
52400
52400
52400
52400
52400
52400
52400
52400
52400
52400
52400
52400
52400
52400
52400
52400
52400
52400
52400
52400
52400
52400
52400
52400
52400
52400
52400
52400
52400
52400
52400
52400
52400
52400
52400
52400
52400
52400
52400
52400
52400
52400
52400
52400
52400
52400
52400
52400
52400
52400
52400
52400
52400
52400
52400
52400
52400
52400
52400
52400
52400
52400
52400
52400
52400
52400
52400
52400
52400
52400
52400
52400
52400
52400
52400
52400
52400
52400
52400
52400
52400
52400
52400
52400
52400
52400
52400
52400
52400
52400
52400
52400
52400
52400
52400
52400
52400
52400
52400
52400
52400
52400
52400
52400
52400
52400
52400
52400
52400
52400
52400
52400
52400
52400
52400
52400
52400
52400
52400
52400
52400
52400
52400
52400
52400
52410
52430
52461
52498
52548
52606
52652
52715
52766
52809
52844
52912
52971
53031
53092
53143
53203
53262
53321
53368
53452
53523
53582
53634
53705
53787
53875
53931
53990
54049
54109
54153
54239
54304
54364
54422
54482
54538
54598
54640
54719
54777
54835
54884
54967
55070
55143
55201
55262
55318
55378
55438
55492
55552
55614
55671
55733
55784
55826
55909
56001
56095
56155
56210
56265
56335
56421
56472
56536
56595
56653
56714
56771
56827
56886
56946
57003
57088
57145
57205
57263
57323
57384
57442
57491
57550
57609
57665
57756
57820
57878
57935
57996
58056
58113
58152
58233
58325
58392
58451
58510
58568
58627
58672
58748
58839
58894
58958
59015
59072
59131
59190
59248
59302
59378
59447
59505
59554
59621
59659
59692
59723
59749
59766
59776
59819
59880
59927
59928
59928
59928
59928
59928
59928
59928
59928
59928
59928
59928
59928
59928
59928
59928
59928
59928
59928
59928
59928
59928
59928
59928
59928
59928
59928
59928
59928
59928
59928
59928
59928
59928
59928
59928
59930
59930
59930
59930
59930
59930
59930
59930
59930
59930
59930
59930
59930
59930
59939
59974
60022
60071
60110
60185
60254
60312
60367
60423
60480
60538
60582
60600
60603
60603
60603
60603
60603
60603
60603
60604
60616
60673
60745
60802
60845
60892
60934
60984
61019
61085
61165
61224
61281
61342
61394
61474
61550
61609
61668
61726
61780
61838
61882
61954
62024
62070
62125
62183
62242
62299
62358
62416
62465
62540
62597
62654
62711
62802
62905
62987
63088
63152
63211
63270
63328
63386
63428
63473
63500
63513
63524
63529
63555
63597
63626
63643
63655
63666
63672
63682
63714
63761
63783
63797
63841
63869
63894
63920
63944
63967
63996
64060
64134
64181
64232
64283
64332
64385
64435
64508
64600
64697
64762
64817
64875
64934
64984
65062
65128
65184
65245
65300
65358
65418
65463
65550
65648
65717
65775
65833
65891
65935
65986
66063
66135
66188
66251
66307
66367
66423
66483
66542
66599
66658
66743
66811
66871
66928
66976
67030
67090
67150
67209
67264
67324
67383
67438
67495
67555
67610
67691
67758
67814
67874
67932
67990
68046
68109
68197
68291
68349
68405
68466
68525
68582
68640
68683
68736
68801
68857
68917
68977
69034
69092
69150
69208
69248
69321
69387
69441
69544
69647
69737
69842
69920
69968
70071
70139
70198
70258
70318
70377
70434
70486
70544
70595
70683
70773
70830
70889
70947
71007
71066
71121
71196
71277
71337
71398
71453
71509
71566
71626
71689
71759
71819
71878
71917
71977
72035
72094
72152
72213
72257
72318
72378
72432
72490
72536
72610
72685
72746
72786
72855
72901
72946
72989
73027
73068
73105
73134
73157
73202
73242
73266
73298
73330
73359
73396
73436
73479
73514
73580
73634
73683
73735
73775
73824
73872
73919
73969
74015
74066
74121
74162
74209
74254
74291
74332
74375
74416
74457
74522
74569
74614
74651
74680
74708
74743
74771
74776
74776
74776
74776
74776
74776
74776
74776
74776
74776
74776
74776
74776
74776
74776
74779
74783
74786
74792
74821
74872
74911
74969
74997
75025
75055
75086
75119
75152
75185
75218
75253
75286
75319
75354
75386
75451
75512
75569
75628
75685
75743
75802
75862
75905
75988
76080
76172
76213
76267
76326
76387
76445
76500
76559
76630
76689
76745
76800
76855
76914
76972
77032
77086
77144
77203
77255
77315
77374
77430
77479
77555
77615
77669
77730
77790
77844
77895
77939
77976
77998
78015
78030
78038
78040
78040
78042
78053
78064
78091
78110
78138
78157
78157
78174
78234
78292
78336
78405
78437
78468
78492
78529
78572
78609
78648
78688
78726
78765
78804
78844
78884
78923
78959
78996
79034
79074
79112
79160
79211
79266
79313
79353
79388
79407
79423
79432
79460
79478
79493
79505
79515
79525
79533
79540
79542
79542
79542
79542
79542
79542
79542
79542
79542
79542
79542
79542
79542
79542
79542
79542
79542
79542
79543
79544
79546
79546
79549
79552
79552
79552
79552
79552
79552
79552
79552
79552
79552
79552
79552
79552
79552
79552
79552
79552
79552
79552
79552
79552
79552
79552
79552
79552
79552
79552
79552
79552
79552
79552
79552
79552
79552
79552
79552
79552
79552
79552
79552
79552
79552
79552
79552
79552
79552
79552
79552
79552
79552
79552
79552
79552
79552
79552
79552
79552
79552
79552
79552
79552
79552
79552
79552
79552
79552
79552
79552
79552
79552
79552
79552
79553
79553
79553
79553
79553
79553
79553
79553
79553
79553
79553
79553
79553
79553
79553
79553
79553
79553
79553
79553
79553
79553
79553
79553
79553
79553
79553
79553
79553
79553
79553
79553
79553
79553
79553
79553
79553
79553
79553
79553
79553
79553
79553
79553
79553
79553
79553
79553
79553
79553
79553
79553
79553
79553
79553
79553
79553
79553
79553
79553
79553
79553
79553
79553
79553
79553
79553
79553
79553
79553
79553
79553
79553
79553
79553
79553
79553
79553
79553
79553
79553
79553
79553
79553
79553
79553
79553
79553
79553
79553
79553
79553
79553
79553
79553
79553
79553
79553
79553
79553
79553
79553
79553
79553
79553
79553
79553
79553
79553
79553
79553
79553
79553
79553
79553
79553
79553
79553
79553
79564
79598
79644
79709
79785
79837
79872
79908
79943
79969
79998
80018
80066
80132
80198
80252
80305
80358
80413
80468
80521
80567
80583
80620
80658
80694
80730
80766
80801
80835
80860
80910
80948
80982
81013
81043
81070
81097
81122
81146
81158
81180
81202
81223
81245
81266
81288
81311
81335
81353
81385
81423
81465
81512
81560
81608
81658
81708
81760
81829
81883
81943
82002
82061
82106
82164
82222
82281
82340
82399
82455
82531
82623
82680
82739
82797
82853
82913
82972
83029
83116
83212
83275
83333
83393
83451
83489
83551
83611
83669
83719
83788
83842
83888
83929
83970
84006
84036
84090
84164
84224
84246
84280
84306
84327
84343
84359
84371
84380
84391
84407
84457
84514
84547
84564
84578
84592
84603
84617
84632
84649
84668
84690
84714
84739
84766
84789
84814
84840
84864
84886
84892
84892
84892
84892
84892
84892
84892
84892
84892
84892
84892
84892
84892
84915
84948
84986
85025
85069
85114
85155
85202
85249
85297
85343
85385
85429
85473
85517
85553
85614
85686
85739
85785
85822
85861
85897
85927
85950
85970
85989
86007
86025
86044
86060
86077
86106
86140
86162
86163
86163
86172
86227
86293
86349
86370
86395
86432
86456
86479
86504
86529
86558
86590
86617
86690
86783
86851
86925
86983
87041
87102
87158
87219
87281
87337
87398
87456
87513
87569
87631
87682
87717
87739
87753
87765
87802
87833
87845
87855
87878
87936
87999
88032
88101
88151
88198
88245
88296
88348
88406
88467
88501
88568
88627
88684
88744
88800
88855
88916
88976
89031
89082
89136
89191
89251
89303
89356
89400
89443
89480
89516
89554
89586
89620
89650
89686
89726
89771
89812
89844
89867
89889
89912
89937
89962
89986
90010
90042
90108
90193
90254
90312
90369
90419
90462
90512
90538
90546
90547
90547
90547
90547
90547
90547
90547
90547
90547
90547
90547
90547
90547
90547
90547
90549
90571
90607
90653
90695
90738
90776
90842
90902
90961
91014
91085
91141
91200
91257
91294
91316
91331
91345
91361
91364
91364
91364
91364
91365
91365
91365
91365
91365
91372
91425
91487
91539
91596
91662
91712
91762
91811
91861
91908
91942
91982
92020
92056
92095
92135
92179
92219
92258
92290
92358
92452
92521
92580
92624
92691
92744
92776
92804
92827
92846
92858
92874
92892
92911
92933
92953
92978
92998
93014
93029
93041
93051
93056
93056
93056
93056
93056
93056
93056
93056
93056
93056
93056
93056
93056
93056
93056
93056
93056
93056
93056
93056
93056
93056
93056
93056
93056
93056
93056
93056
93056
93056
93056
93056
93056
93056
93056
93056
93056
93056
93056
93056
93056
93056
93056
93056
93056
93056
93056
93056
93056
93056
93056
93056
93056
93056
93056
93056
93056
93058
93064
93070
93082
93111
93161
93195
93195
93195
93195
93195
93195
93195
93195
93195
93195
93195
93196
93205
93237
93258
93279
93290
93294
93294
93294
93294
93294
93304
93317
93323
93324
93325
93327
93335
93344
93348
93350
93350
93350
93350
93350
93350
93350
93350
93350
93350
93350
93350
93350
93350
93350
93350
93350
93350
93350
93350
93350
93350
93350
93350
93350
93350
93350
93350
93350
93350
93350
93350
93350
93350
93350
93350
93350
93350
93350
93350
93350
93350
93350
93350
93350
93350
93350
93350
93350
93350
93350
93350
93350
93350
93350
93350
93350
93350
93350
93350
93350
93350
93350
93350
93350
93350
93350
93350
93350
93350
93350
93350
93350
93350
93350
93350
93350
93350
93350
93350
93350
93350
93350
93350
93350
93350
93350
93350
93350
93350
93350
93350
93350
93350
93350
93350
93350
93350
93350
93350
93350
93359
93374
93378
93378
93378
93378
93378
93378
93378
93378
93378
93378
93378
93378
93378
93378
93378
93378
93378
93378
93378
93378
93378
93378
93378
93380
93399
93431
93477
93531
93591
93648
93691
93743
93795
93848
93880
93920
93950
93968
93968
93968
93968
93968
93968
93968
93968
93968
93968
93968
93968
94000
94061
94130
94200
94265
94365
94461
94509
94554
94595
94629
94670
94709
94752
94783
94825
94867
94904
94959
95012
95064
95118
95171
95217
95298
95390
95483
95541
95600
95656
95702
95784
95859
95919
95974
96020
96102
96196
96254
96314
96369
96418
96488
96581
96671
96727
96787
96843
96914
96945
96981
97040
97104
97171
97223
97271
97316
97358
97390
97450
97537
97629
97677
97768
97871
97913
97940
97956
97962
97970
97972
97972
97976
97986
97986
97986
97986
98008
98025
98065
98125
98186
98241
98316
98354
98375
98389
98397
98402
98404
98407
98408
98408
98408
98408
98408
98408
98408
98408
98408
98410
98457
98517
98590
98676
98734
98790
98848
98904
98959
99010
99063
99118
99175
99232
99292
99351
99410
99461
99535
99595
99652
99708
99768
99828
99882
99969
100068
100121
100223
100286
100328
100360
100379
100388
100393
100394
100395
100397
100399
100402
100410
100411
100411
100411
100437
100480
100531
100585
100615
100625
100648
100709
100768
100788
100803
100869
100944
100987
101012
101032
101048
101060
101066
101094
101114
101146
101221
101302
101360
101375
101379
101379
101379
101379
101379
101379
101379
101379
101379
101379
101379
101379
101379
101379
101379
101379
101382
101405
101453
101501
101558
101613
101683
101753
101795
101816
101832
101846
101854
101857
101860
101863
101864
101868
101871
101875
101878
101880
101880
101882
101885
101885
101885
101885
101885
101886
101887
101889
101893
101893
101893
101893
101893
101893
101893
101893
101893
101893
101893
101893
101893
101893
101893
101893
101893
101893
101893
101893
101893
101893
101893
101893
101893
101893
101893
101893
101893
101893
101895
101903
101904
101904
101904
101904
101904
101904
101904
101904
101904
101904
101904
101904
101904
101904
101904
101904
101904
101904
101904
101904
101904
101904
101904
101905
101916
101929
101938
101944
101944
101944
101944
101944
101944
101944
101944
101944
101944
101944
101944
101944
101944
101944
101944
101944
101944
101944
101944
101944
101944
101944
101944
101944
101944
101944
101944
101944
101944
101944
101944
101944
101944
101944
101944
101944
101944
101944
101944
101944
101944
101944
101944
101944
101944
101944
101944
101944
101944
101944
101944
101944
101948
101953
101953
101953
101953
101955
101962
101980
102008
102008
102008
102008
102036
102097
102163
102237
102304
102325
102337
102359
102361
102361
102361
102363
102365
102365
102365
102366
102378
102388
102398
102402
102412
102425
102436
102456
102477
102492
102494
102494
102494
102494
102510
102529
102536
102542
102548
102548
102548
102548
102548
102548
102548
102548
102548
102548
102548
102548
102548
102548
102548
102548
102548
102548
102548
102548
102548
102548
102548
102548
102548
102548
102548
102548
102548
102548
102548
102548
102548
102548
102548
102548
102548
102548
102548
102548
102548
102548
102548
102548
102548
102548
102548
102548
102548
102548
102548
102548
102548
102548
102548
102548
102548
102548
102548
102548
102548
102548
102548
102548
102548
102548
102548
102548
102548
102548
102548
102548
102548
102548
102548
102548
102548
102548
102548
102548
102548
102548
102548
102548
102548
102548
102548
102548
102548
102548
102548
102548
102548
102548
102548
102548
102548
102548
102548
102548
102551
102567
102600
102639
102680
102722
102739
102746
102746
102746
102746
102746
102746
102746
102746
102746
102746
102746
102746
102746
102746
102747
102747
102751
102756
102762
102763
102763
102763
102764
102764
102767
102774
102782
102791
102802
102811
102821
102838
102855
102856
102856
102856
102856
102856
102856
102856
102856
102856
102856
102856
102856
102856
102856
102856
102856
102856
102856
102856
102856
102856
102856
102856
102856
102856
102856
102856
102856
102856
102856
102856
102856
102856
102856
102856
102856
102856
102856
102856
102856
102856
102856
102856
102856
102856
102856
102856
102856
102856
102856
102856
102856
102856
102856
102856
102856
102856
102856
102856
102856
102856
102856
102856
102856
102856
102856
102856
102856
102856
102856
102856
102856
102856
102856
102856
102856
102856
102856
102857
102858
102858
102858
102858
102858
102858
102858
102858
102858
102858
102858
102858
102858
102858
102858
102858
102858
102858
102858
102858
102858
102858
102858
102858
102858
102858
102858
102861
102869
102891
102942
102993
103044
103074
103084
103085
103085
103085
103085
103085
103085
103085
103085
103085
103092
103111
103129
103150
103164
103175
103183
103188
103189
103210
103255
103301
103317
103331
103349
103380
103424
103453
103453
103453
103453
103464
103471
103502
103537
103558
103564
103567
103567
103567
103567
103567
103567
103567
103567
103567
103567
103567
103567
103567
103567
103567
103567
103567
103567
103567
103567
103567
103567
103567
103567
103567
103567
103567
103567
103567
103567
103567
103567
103567
103567
103567
103567
103567
103567
103577
103589
103589
103589
103589
103589
103589
103589
103592
103605
103613
103615
103615
103615
103615
103615
103615
103615
103615
103615
103615
103615
103615
103615
103615
103615
103615
103615
103615
103615
103615
103615
103615
103615
103615
103615
103615
103615
103615
103615
103615
103615
103615
103615
103615
103615
103615
103615
103615
103615
103615
103615
103615
103615
103615
103615
103615
103615
103615
103615
103615
103615
103615
103615
103615
103615
103615
103615
103615
103615
103615
103615
103615
103615
103615
103615
103615
103615
103615
103615
103615
103615
103615
103615
103615
103615
103615
103615
103615
103615
103615
103615
103615
103615
103615
103615
103615
103615
103615
103615
103615
103615
103615
103615
103615
103615
103615
103615
103615
103615
103615
103615
103615
103615
103615
103615
103615
103615
103615
103615
103615
103615
103615
103615
103615
103615
103615
103615
103615
103615
103615
103615
103615
103615
103615
103615
103615
103615
103615
103615
103615
103615
103615
103615
103615
103615
103615
103615
103615
103615
103615
103615
103615
103615
103615
103615
103615
103615
103615
103615
103615
103615
103615
103615
103615
103615
103615
103615
103615
103615
103615
103615
103615
103615
103615
103615
103615
103615
103615
103615
103615
103615
103615
103615
103615
103615
103615
103615
103615
103615
103615
103615
103615
103615
103615
103615
103615
103615
103615
103615
103615
103615
103615
103615
103615
103615
103615
103615
103615
103615
103615
103615
103615
103615
103615
103615
103615
103615
103615
103615
103615
103615
103615
103615
103615
103615
103615
103615
103615
103615
103615
103615
103615
103615
103615
103615
103615
103615
103615
103615
103615
103615
103615
103615
103615
103615
103615
103615
103619
103622
103625
103626
103626
103626
103626
103626
103626
103626
103626
103626
103626
103626
103626
103626
103626
103626
103626
103626
103626
103626
103626
103626
103626
103626
103626
103626
103626
103626
103626
103626
103626
103626
103626
103626
103626
103626
103626
103626
103626
103626
103626
103626
103626
103626
103626
103626
103626
103626
103626
103626
103626
103626
103626
103626
103626
103626
103626
103626
103626
103626
103626
103626
103626
103626
103626
103626
103626
103626
103626
103626
103626
103626
103626
103626
103626
103626
103626
103626
103626
103626
103626
103626
103626
103626
103626
103626
103626
103626
103626
103626
103630
103633
103636
103636
103638
103644
103655
103663
103680
103701
103723
103744
103764
103790
103806
103818
103829
103831
103832
103832
103832
103832
103832
103832
103832
103832
103832
103832
103869
103918
103944
103957
103978
103979
103979
103979
103979
103979
103979
103979
103979
103979
103979
103979
103979
103979
103979
103979
103979
103979
103979
103979
103979
103979
103979
103979
103979
103979
103979
103979
103979
103979
103979
103979
103979
103979
103979
103979
103979
103979
103979
103979
103979
103979
103979
103979
103979
103979
103979
103979
103979
103979
103979
103979
103979
103979
103979
103979
103979
103979
103979
103979
103979
103979
103979
103979
103979
103979
103979
103979
103979
103979
103979
103979
103979
103979
103979
103979
103979
103979
103979
103979
103979
103979
103979
103979
103979
103979
103979
103979
103979
103979
103979
103979
103979
103979
103979
103979
103979
103979
103979
103979
103979
103979
103979
103979
103979
103979
103979
103979
103979
103979
103979
103979
103979
103979
103979
103979
103979
103979
103979
103979
103979
103979
103979
103979
103979
103979
103979
103979
103979
103979
103979
103979
103979
103979
103979
103979
103979
103979
103979
103979
103979
103979
103979
103979
103979
103979
103979
103979
103979
103979
103979
103979
103979
103979
103979
103979
103979
103979
103979
103979
103979
103979
103979
103979
103979
103979
103979
103979
103979
103979
103979
103979
103979
103979
103979
103979
103979
103979
103979
103979
103979
103979
103979
103979
103979
103979
103979
103979
103979
103979
103979
103979
103979
103979
103979
103979
103979
103979
103979
103979
103979
103979
103979
103979
103979
103979
103979
103979
103979
103979
103979
103979
103979
103979
103979
103979
103979
103979
103979
103979
103979
103979
103979
103979
103979
103979
103979
103979
103979
103979
103979
103979
103979
103979
103979
103979
103979
103979
103982
103983
103988
103998
104006
104015
104019
104022
104022
104022
104022
104022
104022
104022
104022
104022
104022
104022
104022
104022
104022
104022
104022
104022
104022
104022
104022
104022
104022
104023
104023
104023
104023
104023
104023
104023
104023
104023
104023
104023
104023
104056
104091
104107
104120
104122
104122
104122
104141
104171
104172
104175
104175
104175
104175
104175
104175
104175
104175
104175
104175
104175
104175
104175
104175
104175
104175
104175
104175
104175
104175
104175
104175
104175
104175
104175
104175
104175
104175
104175
104175
104175
104175
104175
104175
104175
104175
104175
104175
104175
104175
104175
104175
104175
104175
104175
104175
104175
104175
104175
104175
104175
104175
104175
104175
104175
104175
104175
104175
104175
104175
104175
104175
104175
104175
104175
104175
104175
104175
104175
104175
104175
104175
104175
104175
104175
104175
104175
104175
104175
104175
104175
104175
104175
104175
104175
104175
104175
104175
104175
104175
104175
104175
104175
104175
104175
104175
104175
104175
104175
104175
104175
104175
104175
104175
104175
104175
104175
104175
104175
104175
104175
104175
104175
104175
104175
104175
104175
104175
104175
104175
104175
104175
104175
104175
104175
104175
104175
104175
104175
104175
104175
104175
104175
104175
104175
104175
104175
104175
104175
104175
104175
104175
104175
104175
104175
104175
104175
104175
104175
104175
104175
104175
104175
104175
104175
104175
104175
104175
104175
104175
104175
104175
104175
104175
104175
104175
104175
104175
104175
104175
104175
104175
104175
104175
104175
104175
104175
104175
104175
104175
104175
104175
104175
104175
104175
104175
104175
104175
104175
104175
104175
104175
104175
104175
104175
104175
104175
104175
104175
104175
104175
104175
104175
104175
104175
104175
104175
104175
104175
104175
104175
104175
104175
104175
104175
104175
104175
104175
104175
104175
104175
104175
104175
104175
104175
104175
104175
104175
104175
104175
104175
104175
104175
104175
104175
104175
104175
104175
104175
104175
104175
104175
104175
104175
104175
104175
104175
104175
104175
104175
104175
104175
104175
104175
104175
104175
104175
104175
104175
104175
104175
104175
104175
104175
104175
104175
104175
104175
104175
104175
104175
104175
104175
104175
104175
104175
104175
104175
104175
104175
104175
104175
104175
104175
104175
104175
104175
104175
104175
104175
104175
104175
104175
104175
104175
104175
104175
104175
104175
104175
104175
104175
104175
104175
104175
104175
104175
104175
104175
104175
104175
104175
104175
104175
104175
104175
104175
104175
104175
104175
104175
104175
104175
104175
104175
104175
104175
104175
104175
104175
104175
104175
104175
104175
104175
104175
104175
104175
104175
104175
104175
104175
104175
104175
104175
104175
104175
104175
104175
104175
104175
104175
104175
104175
104175
104175
104175
104175
104175
104175
104175
104175
104175
104175
104175
104182
104190
104190
104190
104190
104190
104190
104190
104190
104190
104190
104190
104190
104190
104190
104190
104190
104190
104190
104190
104190
104190
104190
104190
104190
104190
104190
104190
104190
104190
104190
104190
104190
104190
104190
104190
104190
104190
104190
104190
104190
104190
104190
104190
104190
104190
104190
104190
104190
104190
104190
104190
104190
104190
104190
104190
104190
104190
104190
104190
104190
104190
104191
104215
104255
104302
104354
104405
104455
104508
104549
104590
104602
104602
104602
104602
104633
104675
104717
104752
104784
104813
104841
104897
104949
104976
105001
105019
105038
105066
105117
105156
105176
105198
105217
105226
105227
105227
105227
105227
105227
105227
105227
105227
105227
105227
105227
105227
105227
105227
105227
105227
105227
105227
105227
105227
105227
105227
105231
105238
105261
105283
105295
105298
105298
105298
105298
105298
105298
105298
105298
105298
105298
105298
105298
105298
105298
105298
105298
105298
105298
105298
105298
105298
105298
105298
105298
105298
105298
105298
105298
105298
105298
105298
105298
105298
105298
105298
105298
105298
105298
105298
105298
105298
105298
105298
105298
105298
105298
105298
105298
105298
105298
105298
105298
105298
105298
105298
105298
105298
105298
105298
105298
105298
105298
105298
105298
105298
105298
105298
105298
105298
105298
105298
105298
105298
105298
105298
105298
105298
105298
105298
105298
105298
105298
105298
105298
105298
105298
105298
105298
105298
105298
105298
105298
105298
105298
105298
105298
105298
105298
105298
105298
105298
105298
105298
105298
105298
105298
105298
105298
105298
105298
105298
105298
105298
105298
105298
105298
105298
105298
105298
105298
105298
105298
105298
105298
105298
105298
105298
105298
105298
105298
105298
105298
105298
105298
105298
105298
105298
105298
105298
105298
105298
105298
105298
105298
105298
105298
105298
105298
105298
105298
105298
105298
105298
105298
105298
105298
105298
105298
105298
105298
105298
105298
105298
105298
105298
105298
105298
105298
105298
105298
105298
105298
105298
105298
105298
105298
105298
105298
105298
105298
105298
105298
105298
105298
105298
105298
105298
105298
105298
105298
105298
105298
105298
105298
105298
105298
105298
105298
105298
105298
105298
105298
105298
105298
105298
105298
105298
105298
105298
105298
105298
105298
105298
105298
105298
105298
105298
105298
105298
105298
105298
105298
105298
105298
105298
105298
105298
105298
105298
105298
105298
105298
105298
105298
105298
105298
105298
105298
105298
105298
105298
105298
105298
105298
105298
105298
105298
105298
105298
105302
105307
105311
105315
105319
105319
105319
105319
105319
105319
105319
105319
105320
105322
105322
105323
105324
105324
105324
105324
105324
105324
105324
105324
105324
105324
105324
105324
105324
105324
105324
105324
105324
105324
105324
105324
105324
105324
105324
105324
105324
105324
105324
105324
105324
105324
105324
105324
105324
105324
105324
105324
105324
105328
105342
105360
105376
105392
105412
105441
105463
105516
105555
105574
105574
105574
105574
105574
105574
105574
105574
105574
105574
105574
105574
105574
105574
105574
105574
105574
105574
105574
105574
105574
105574
105574
105574
105574
105606
105635
105686
105719
105725
105725
105725
105725
105725
105725
105725
105725
105725
105725
105725
105725
105725
105725
105725
105725
105725
105725
105725
105725
105725
105725
105725
105725
105725
105725
105725
105725
105725
105725
105725
105725
105725
105725
105725
105725
105725
105725
105725
105725
105725
105725
105725
105725
105725
105725
105725
105725
105725
105725
105725
105725
105725
105725
105725
105725
105725
105725
105725
105725
105730
105774
105823
105862
105889
105889
105889
105889
105889
105889
105889
105889
105889
105889
105889
105889
105889
105889
105894
105924
105958
105985
105998
106000
106000
106000
106000
106000
106000
106000
106000
106000
106000
106000
106000
106000
106000
106000
106000
106000
106000
106000
106000
106000
106000
106000
106000
106009
106029
106030
106030
106030
106030
106030
106030
106030
106030
106030
106030
106030
106030
106030
106030
106030
106030
106030
106030
106030
106030
106030
106030
106030
106030
106030
106030
106030
106030
106030
106030
106030
106030
106030
106030
106030
106030
106030
106030
106030
106030
106030
106030
106030
106030
106030
106030
106030
106030
106030
106030
106030
106030
106030
106030
106030
106030
106030
106030
106030
106030
106030
106030
106030
106030
106030
106030
106030
106030
106030
106030
106030
106030
106030
106030
106030
106030
106030
106030
106030
106030
106030
106030
106030
106030
106030
106030
106030
106030
106030
106030
106030
106030
106030
106030
106030
106030
106030
106030
106030
106030
106031
106044
106078
106119
106164
106220
106278
106337
106383
106444
106499
106557
106614
106674
106732
106790
106849
106900
106959
107018
107077
107134
107192
107252
107309
107367
107420
107479
107537
107595
107651
107709
107769
107826
107876
107952
108022
108070
108140
108207
108265
108323
108379
108433
108510
108572
108617
108660
108697
108728
108751
108756
108757
108774
108774
108774
108774
108774
108774
108774
108774
108774
108775
108781
108800
108832
108864
108875
108875
108875
108875
108875
108878
108924
108987
109033
109064
109086
109109
109125
109136
109148
109152
109162
109197
109246
109269
109285
109302
109367
109447
109517
109557
109600
109638
109677
109711
109774
109826
109878
109932
109986
110037
110085
110130
110172
110212
110255
110297
110350
110385
110442
110485
110502
110511
110512
110512
110512
110512
110512
110512
110512
110512
110512
110512
110512
110512
110512
110512
110512
110512
110512
110512
110512
110512
110512
110512
110512
110512
110512
110512
110512
110512
110512
110512
110512
110512
110512
110512
110512
110512
110512
110512
110512
110512
110512
110512
110512
110512
110512
110512
110512
110512
110512
110512
110512
110512
110512
110512
110512
110512
110512
110512
110512
110512
110512
110512
110512
110512
110512
110512
110512
110512
110512
110512
110512
110512
110512
110512
110512
110512
110512
110512
110512
110512
110512
110512
110512
110512
110512
110513
110553
110603
110656
110707
110758
110808
110862
110906
110960
111017
111073
111112
111140
111160
111176
111183
111186
111186
111186
111186
111186
111186
111186
111188
111188
111188
111188
111188
111188
111188
111188
111188
111188
111188
111188
111188
111188
111188
111188
111188
111188
111188
111188
111188
111188
111188
111188
111188
111188
111188
111188
111188
111188
111188
111188
111188
111188
111188
111188
111188
111188
111188
111188
111188
111188
111188
111188
111188
111188
111188
111189
111208
111235
111268
111309
111315
111316
111316
111316
111337
111393
111457
111518
111609
111697
111746
111801
111853
111894
111910
111921
111933
111938
111940
111940
111940
111940
111958
111981
111983
111990
111998
111998
111998
111998
111998
111998
111998
111998
111998
111998
111998
111998
111998
111998
111998
111998
111998
111998
111998
111998
111998
111998
111998
111998
111998
111998
111998
111998
111998
111998
111998
111998
111998
111998
111998
111998
111998
111998
111998
112011
112052
112109
112155
112190
112215
112237
112253
112273
112299
112310
112311
112311
112311
112311
112311
112311
112311
112311
112312
112314
112317
112328
112339
112356
112418
112474
112530
112600
112633
112642
112650
112659
112666
112675
112683
112693
112704
112719
112738
112756
112782
112809
112835
112858
112884
112904
112924
112945
112961
112981
112998
113011
113021
113027
113030
113031
113044
113046
113046
113046
113046
113046
113046
113046
113046
113046
113052
113080
113120
113150
113179
113209
113238
113276
113338
113385
113410
113425
113432
113433
113433
113433
113433
113433
113466
113519
113547
113575
113644
113687
113732
113771
113804
113834
113859
113872
113876
113877
113877
113877
113877
113877
113877
113877
113877
113877
113877
113877
113877
113878
113879
113881
113881
113881
113881
113881
113881
113881
113881
113881
113881
113881
113881
113881
113881
113881
113881
113881
113881
113881
113881
113881
113881
113881
113881
113881
113881
113881
113883
113902
113918
113933
113950
113960
113960
113960
113960
113975
113996
114017
114025
114025
114025
114025
114025
114028
114034
114064
114118
114176
114219
114263
114272
114296
114318
114333
114339
114339
114339
114339
114339
114339
114339
114339
114339
114339
114339
114339
114339
114339
114339
114339
114339
114339
114339
114339
114345
114351
114351
114351
114351
114351
114351
114351
114351
114351
114351
114351
114351
114351
114351
114351
114351
114351
114351
114351
114351
114351
114352
114352
114352
114352
114352
114352
114352
114352
114352
114352
114352
114352
114352
114352
114352
114352
114352
114352
114352
114352
114352
114352
114352
114352
114352
114352
114352
114352
114352
114352
114352
114352
114352
114352
114352
114352
114352
114352
114352
114352
114352
114352
114352
114352
114352
114352
114352
114352
114352
114352
114352
114352
114352
114352
114352
114352
114352
114352
114352
114352
114352
114352
114352
114352
114352
114352
114352
114352
114352
114352
114352
114352
114352
114352
114352
114352
114352
114352
114352
114352
114352
114352
114352
114352
114352
114352
114352
114352
114352
114352
114352
114352
114352
114352
114352
114352
114352
114352
114352
114352
114352
114352
114352
114352
114352
114352
114352
114352
114352
114352
114352
114352
114352
114352
114352
114352
114352
114352
114352
114352
114352
114352
114352
114352
114352
114352
114352
114352
114352
114352
114352
114352
114352
114352
114352
114352
114352
114352
114352
114352
114352
114352
114352
114352
114352
114352
114352
114352
114352
114352
114352
114352
114352
114352
114352
114352
114352
114352
114352
114352
114352
114352
114352
114352
114352
114352
114352
114352
114352
114352
114352
114352
114352
114352
114352
114352
114352
114352
114352
114352
114357
114357
114357
114357
114357
114357
114357
114357
114357
114357
114357
114357
114357
114357
114357
114357
114357
114357
114357
114357
114357
114357
114357
114357
114357
114357
114357
114357
114357
114357
114357
114357
114357
114357
114357
114357
114357
114357
114357
114357
114357
114357
114357
114357
114357
114357
114357
114357
114357
114357
114357
114357
114357
114357
114357
114357
114357
114357
114357
114357
114357
114357
114357
114357
114357
114357
114357
114357
114357
114357
114357
114357
114357
114357
114357
114357
114357
114357
114357
114357
114357
114357
114357
114357
114357
114357
114357
114357
114357
114357
114357
114357
114357
114357
114357
114357
114357
114357
114357
114357
114357
114357
114357
114357
114357
114357
114357
114357
114357
114357
114357
114357
114357
114357
114357
114357
114357
114357
114357
114357
114357
114357
114357
114357
114357
114357
114357
114357
114357
114357
114357
114357
114357
114357
114357
114357
114357
114357
114357
114357
114357
114357
114357
114357
114357
114357
114357
114357
114357
114357
114357
114357
114357
114357
114357
114357
114357
114357
114357
114357
114357
114357
114357
114357
114357
114357
114357
114357
114357
114357
114357
114357
114357
114357
114357
114357
114357
114357
114357
114357
114357
114357
114357
114357
114357
114357
114357
114357
114357
114357
114357
114357
114357
114357
114357
114357
114357
114357
114357
114357
114357
114357
114357
114357
114357
114357
114357
114357
114357
114357
114357
114357
114357
114357
114357
114357
114357
114357
114357
114357
114357
114357
114357
114357
114357
114357
114357
114357
114357
114357
114357
114357
114357
114357
114357
114357
114357
114357
114357
114357
114357
114357
114357
114357
114357
114357
114357
114357
114357
114357
114357
114357
114357
114357
114357
114357
114357
114357
114357
114357
114357
114357
114357
114357
114357
114357
114357
114357
114357
114357
114357
114357
114357
114357
114357
114357
114357
114357
114357
114357
114357
114357
114357
114357
114357
114357
114357
114357
114357
114357
114357
114357
114357
114357
114357
114357
114357
114357
114357
114357
114357
114357
114357
114357
114357
114357
114357
114357
114357
114357
114357
114357
114357
114357
114357
114357
114357
114357
114357
114357
114357
114357
114357
114357
114357
114357
114357
114357
114357
114357
114357
114357
114357
114357
114357
114357
114357
114357
114357
114357
114357
114357
114357
114357
114357
114357
114357
114357
114357
114357
114357
114357
114357
114357
114357
114357
114357
114357
114357
114357
114357
114357
114357
114357
114357
114357
114357
114357
114357
114357
114357
114357
114357
114357
114357
114357
114357
114357
114357
114357
114357
114357
114357
114357
114357
114357
114357
114357
114357
114357
114357
114357
114357
114357
114357
114357
114357
114357
114357
114357
114357
114357
114357
114357
114357
114357
114357
114357
114357
114357
114357
114357
114357
114357
114357
114357
114357
114357
114357
114357
114357
114357
114357
114357
114357
114357
114357
114357
114357
114357
114357
114357
114357
114357
114357
114357
114357
114357
114357
114357
114357
114357
114357
114357
114357
114357
114357
114357
114357
114357
114357
114357
114357
114357
114357
114357
114357
114357
114357
114357
114357
114357
114357
114357
114357
114357
114357
114357
114357
114357
114357
114357
114357
114357
114357
114358
114367
114376
114379
114379
114379
114379
114379
114379
114387
114390
114390
114390
114390
114390
114390
114390
114391
114391
114391
114391
114391
114391
114391
114391
114391
114391
114391
114391
114391
114391
114391
114391
114391
114391
114391
114391
114391
114391
114391
114391
114391
114391
114391
114391
114391
114391
114391
114391
114391
114391
114391
114391
114391
114391
114391
114391
114391
114391
114391
114391
114391
114391
114391
114391
114391
114391
114391
114391
114391
114391
114391
114391
114391
114391
114391
114391
114391
114391
114391
114391
114391
114391
114391
114391
114391
114391
114391
114391
114391
114391
114391
114391
114391
114391
114391
114391
114391
114391
114391
114391
114391
114391
114391
114391
114391
114391
114391
114391
114391
114391
114391
114391
114391
114391
114391
114391
114391
114391
114391
114391
114391
114391
114391
114391
114391
114391
114391
114391
114391
114391
114391
114391
114391
114391
114391
114391
114391
114391
114391
114391
114391
114391
114391
114391
114391
114391
114391
114391
114391
114391
114391
114391
114391
114391
114391
114391
114391
114391
114391
114391
114391
114391
114391
114391
114391
114391
114391
114391
114391
114391
114391
114391
114391
114391
114391
114391
114391
114391
114391
114391
114391
114391
114391
114391
114391
114391
114391
114391
114391
114391
114391
114391
114391
114391
114391
114391
114391
114391
114391
114391
114391
114391
114391
114391
114391
114391
114391
114391
114391
114391
114391
114391
114391
114391
114391
114391
114391
114391
114391
114391
114391
114391
114391
114391
114391
114391
114391
114391
114391
114391
114391
114391
114391
114391
114391
114391
114391
114391
114391
114391
114391
114391
114391
114391
114391
114391
114391
114391
114391
114391
114391
114391
114391
114391
114391
114391
114391
114391
114391
114391
114391
114391
114391
114391
114391
114391
114391
114391
114391
114391
114391
114391
114391
114391
114391
114391
114391
114391
114391
114391
114391
114391
114391
114391
114391
114391
114391
114391
114391
114391
114391
114391
114391
114391
114391
114391
114391
114391
114391
114391
114391
114391
114391
114391
114391
114391
114391
114391
114391
114391
114391
114391
114391
114391
114391
114391
114391
114391
114391
114391
114391
114391
114391
114391
114391
114391
114391
114391
114391
114391
114391
114391
114391
114391
114391
114391
114391
114391
114391
114391
114391
114391
114391
114391
114391
114391
114391
114391
114391
114391
114391
114391
114391
114391
114391
114391
114391
114391
114391
114391
114391
114391
114391
114391
114391
114391
114391
114391
114391
114391
114391
114391
114391
114391
114391
114391
114391
114391
114391
114391
114391
114391
114391
114391
114391
114391
114391
114391
114391
114391
114391
114391
114391
114391
114391
114391
114391
114391
114391
114391
114391
114391
114391
114391
114391
114391
114391
114391
114391
114391
114391
114391
114391
114391
114391
114391
114391
114391
114391
114391
114391
114391
114391
114391
114391
114391
114391
114391
114391
114391
114391
114391
114391
114391
114391
114391
114391
114391
114391
114391
114391
114391
114391
114391
114391
114391
114391
114391
114391
114391
114391
114391
114391
114391
114391
114391
114391
114391
114391
114391
114391
114391
114391
114391
114391
114391
114391
114391
114391
114391
114391
114391
114391
114391
114391
114391
114391
114391
114391
114391
114391
114391
114391
114391
114391
114391
114391
114391
114391
114391
114391
114391
114391
114391
114391
114391
114391
114391
114391
114391
114391
114391
114391
114391
114391
114391
114391
114391
114391
114391
114391
114391
114391
114391
114391
114391
114391
114391
114391
114391
114391
114391
114391
114391
114391
114391
114391
114391
114391
114391
114391
114391
114391
114391
114391
114391
114391
114391
114391
114391
114391
114391
114391
114391
114391
114391
114391
114391
114391
114391
114391
114391
114391
114391
114391
114391
114391
114391
114391
114391
114391
114391
114391
114391
114391
114391
114391
114391
114391
114391
114391
114391
114391
114391
114391
114391
114391
114391
114391
114391
114391
114391
114391
114391
114391
114391
114391
114391
114391
114391
114391
114391
114391
114391
114391
114391
114391
114391
114391
114391
114391
114391
114391
114391
114391
114391
114391
114391
114391
114391
114391
114391
114391
114391
114391
114391
114391
114391
114391
114391
114391
114391
114391
114391
114391
114391
114391
114391
114391
114391
114391
114391
114391
114391
114391
114391
114391
114391
114391
114391
114391
114391
114391
114391
114391
114391
114391
114391
114391
114391
114391
114391
114391
114391
114391
114391
114391
114391
114391
114391
114391
114391
114391
114391
114391
114391
114391
114391
114391
114391
114391
114391
114391
114391
114391
114391
114391
114391
114391
114391
114391
114391
114391
114391
114391
114391
114391
114391
114391
114391
114391
114391
114391
114391
114391
114391
114391
114391
114391
114391
114391
114391
114391
114391
114392
114401
114409
114421
114432
114445
114456
114468
114473
114473
114473
114473
114473
114473
114475
114504
114542
114586
114634
114641
114641
114641
114641
114657
114686
114720
114769
114802
114822
114842
114864
114874
114875
114875
114875
114875
114875
114876
114880
114881
114885
114890
114896
114898
114898
114898
114898
114898
114898
114898
114898
114898
114898
114898
114898
114898
114898
114898
114898
114898
114898
114898
114898
114898
114898
114898
114898
114898
114898
114898
114898
114898
114898
114898
114898
114898
114898
114898
114898
114898
114898
114898
114898
114898
114898
114898
114898
114898
114898
114898
114898
114898
114898
114898
114898
114898
114898
114898
114898
114898
114898
114898
114898
114898
114898
114898
114898
114898
114898
114898
114898
114898
114898
114898
114898
114898
114898
114898
114898
114898
114898
114898
114898
114898
114898
114898
114898
114898
114898
114898
114898
114898
114898
114898
114898
114898
114898
114898
114898
114898
114898
114898
114898
114898
114898
114898
114898
114898
114898
114898
114898
114898
114898
114898
114898
114898
114898
114898
114898
114898
114898
114898
114898
114898
114898
114898
114898
114898
114898
114898
114898
114898
114898
114898
114898
114898
114898
114898
114898
114898
114898
114898
114898
114898
114898
114898
114898
114898
114898
114898
114898
114898
114898
114898
114898
114898
114898
114898
114898
114898
114898
114898
114898
114898
114898
114898
114898
114898
114898
114898
114898
114898
114898
114898
114898
114898
114898
114898
114898
114898
114898
114898
114898
114898
114898
114898
114898
114898
114898
114898
114898
114898
114898
114898
114898
114898
114898
114898
114898
114898
114898
114898
114898
114898
114898
114898
114898
114898
114898
114898
114898
114898
114898
114898
114898
114898
114898
114898
114898
114898
114898
114898
114898
114898
114898
114898
114898
114898
114898
114898
114898
114898
114898
114898
114898
114898
114898
114898
114898
114898
114898
114898
114898
114898
114898
114898
114898
114898
114898
114898
114898
114898
114898
114898
114898
114898
114898
114898
114898
114898
114898
114898
114898
114898
114898
114898
114898
114898
114898
114898
114898
114898
114898
114898
114898
114898
114898
114898
114898
114898
114898
114898
114898
114898
114898
114898
114898
114898
114898
114898
114898
114898
114898
114898
114898
114898
114898
114898
114898
114898
114898
114898
114898
114898
114898
114898
114898
114898
114898
114898
114898
114898
114898
114898
114898
114898
114898
114898
114898
114898
114898
114898
114898
114898
114898
114898
114898
114898
114898
114898
114898
114898
114898
114898
114898
114898
114898
114898
114898
114898
114898
114898
114898
114898
114898
114898
114898
114898
114898
114898
114898
114898
114898
114898
114898
114898
114898
114898
114898
114898
114898
114898
114898
114898
114898
114898
114898
114898
114898
114898
114898
114898
114898
114898
114898
114898
114898
114898
114898
114898
114898
114898
114898
114898
114898
114898
114898
114898
114898
114898
114898
114898
114898
114898
114898
114898
114898
114898
114898
114898
114898
114898
114898
114898
114898
114898
114898
114898
114898
114898
114898
114898
114898
114898
114898
114898
114898
114898
114898
114898
114898
114898
114898
114898
114898
114898
114898
114898
114898
114898
114898
114898
114898
114898
114898
114898
114898
114898
114898
114898
114898
114898
114898
114898
114898
114912
114947
114975
115016
115060
115083
115101
115108
115117
115120
115120
115120
115120
115120
115120
115120
115120
115121
115124
115126
115129
115129
115129
115133
115136
115141
115146
115153
115166
115180
115194
115201
115202
115202
115202
115202
115202
115202
115202
115202
115202
115202
115202
115202
115202
115202
115202
115202
115202
115202
115202
115202
115202
115202
115202
115202
115202
115202
115202
115202
115202
115202
115202
115202
115202
115202
115202
115202
115202
115202
115202
115202
115202
115202
115202
115202
115202
115202
115202
115202
115202
115202
115202
115202
115202
115202
115202
115202
115202
115202
115202
115202
115202
115202
115202
115202
115202
115202
115202
115202
115202
115202
115202
115202
115202
115202
115202
115202
115202
115202
115202
115202
115202
115202
115202
115202
115202
115202
115202
115202
115202
115202
115202
115202
115202
115202
115202
115202
115202
115202
115202
115202
115202
115202
115202
115202
115202
115202
115202
115202
115202
115202
115202
115202
115202
115202
115202
115202
115202
115202
115202
115202
115202
115202
115202
115202
115202
115202
115202
115202
115202
115202
115202
115202
115202
115202
115202
115202
115202
115202
115202
115202
115202
115202
115202
115202
115202
115202
115202
115202
115202
115202
115202
115202
115202
115202
115202
115202
115202
115202
115202
115202
115202
115202
115202
115202
115202
115202
115202
115202
115202
115202
115202
115202
115202
115202
115202
115202
115202
115202
115202
115202
115202
115202
115202
115202
115202
115202
115202
115202
115202
115202
115202
115202
115202
115204
115219
115241
115259
115259
115272
115330
115388
115443
115478
115539
115601
115635
115663
115682
115695
115700
115700
115700
115700
115700
115704
115710
115710
115710
115710
115713
115713
115721
115744
115768
115786
115806
115806
115806
115818
115828
115833
115833
115843
115850
115857
115865
115878
115894
115905
115909
115910
115910
115910
115910
115910
115910
115910
115910
115910
115910
115910
115910
115910
115910
115910
115910
115910
115910
115910
115910
115910
115910
115910
115910
115910
115910
115910
115910
115910
115910
115910
115910
115910
115910
115910
115910
115910
115910
115910
115910
115910
115910
115910
115910
115910
115910
115910
115910
115910
115910
115910
115910
115910
115910
115910
115910
115910
115910
115910
115910
115910
115910
115910
115910
115910
115910
115910
115910
115910
115910
115910
115910
115910
115910
115910
115910
115910
115910
115910
115910
115910
115910
115910
115910
115910
115910
115910
115910
115910
115910
115910
115910
115910
115910
115910
115910
115910
115910
115910
115910
115910
115910
115910
115910
115910
115910
115910
115910
115910
115910
115910
115910
115910
115910
115910
115910
115910
115910
115910
115910
115910
115910
115910
115910
115910
115910
115910
115910
115910
115910
115910
115910
115910
115910
115910
115910
115910
115910
115910
115910
115910
115910
115910
115910
115910
115910
115910
115910
115910
115910
115910
115910
115910
115910
115910
115910
115910
115910
115910
115910
115910
115910
115910
115910
115910
115910
115910
115910
115910
115910
115910
115910
115910
115910
115910
115910
115910
115910
115910
115910
115910
115910
115910
115910
115910
115910
115910
115910
115910
115910
115910
115910
115910
115910
115910
115910
115910
115914
115941
115968
115987
116000
116010
116015
116016
116019
116047
116074
116099
116099
116099
116099
116099
116099
116099
116099
116120
116155
116180
116191
116197
116197
116197
116197
116197
116197
116197
116197
116197
116197
116197
116197
116197
116197
116197
116197
116197
116197
116197
116197
116197
116197
116197
116197
116197
116197
116197
116197
116197
116197
116197
116197
116197
116197
116197
116197
116197
116197
116197
116197
116197
116197
116197
116197
116197
116197
116197
116197
116197
116197
116197
116197
116197
116197
116197
116197
116197
116197
116197
116197
116197
116197
116197
116197
116197
116197
116197
116197
116197
116197
116197
116197
116197
116197
116197
116197
116197
116197
116197
116197
116197
116197
116197
116197
116197
116197
116197
116197
116197
116197
116197
116197
116197
116197
116197
116197
116197
116197
116197
116197
116197
116197
116197
116197
116197
116197
116197
116197
116197
116197
116197
116197
116197
116197
116197
116197
116197
116200
116217
116256
116297
116321
116337
116362
116390
116419
116446
116470
116492
116508
116528
116546
116564
116591
116607
116607
116607
116607
116607
116607
116607
116607
116607
116607
116607
116610
116626
116655
116712
116771
116789
116814
116838
116864
116890
116902
116906
116908
116909
116909
116909
116909
116909
116909
116909
116909
116909
116909
116909
116909
116909
116909
116909
116909
116909
116909
116909
116909
116909
116909
116909
116909
116909
116909
116909
116909
116909
116909
116909
116909
116909
116909
116909
116909
116909
116909
116909
116909
116909
116909
116909
116909
116909
116909
116909
116909
116909
116909
116909
116909
116909
116909
116909
116909
116909
116909
116909
116909
116909
116909
116909
116909
116909
116909
116909
116909
116916
116919
116919
116919
116919
116919
116919
116919
116919
116919
116919
116919
116919
116919
116919
116919
116919
116919
116919
116919
116919
116919
116919
116919
116919
116919
116919
116919
116919
116919
116919
116919
116919
116919
116919
116919
116919
116919
116919
116919
116919
116919
116919
116919
116919
116919
116919
116919
116919
116919
116919
116919
116919
116919
116919
116919
116919
116919
116919
116919
116919
116919
116919
116919
116919
116919
116919
116919
116919
116919
116919
116919
116919
116919
116919
116919
116919
116919
116919
116919
116919
116919
116919
116919
116919
116919
116919
116919
116919
116919
116919
116919
116919
116919
116919
116919
116919
116919
116919
116919
116919
116919
116919
116919
116919
116919
116919
116919
116919
116919
116919
116919
116919
116919
116919
116919
116919
116919
116919
116919
116919
116919
116919
116919
116919
116919
116919
116919
116919
116919
116919
116919
116928
116946
116984
117033
117096
117163
117209
117300
117386
117456
117531
117569
117592
117599
117599
117599
117599
117599
117601
117601
117601
117601
117601
117601
117601
117618
117674
117742
117770
117800
117828
117854
117880
117910
117940
117970
118004
118036
118063
118094
118124
118150
118176
118202
118225
118244
118258
118261
118262
118262
118262
118262
118262
118262
118262
118262
118262
118262
118262
118262
118262
118262
118262
118262
118262
118262
118262
118262
118262
118262
118262
118262
118262
118262
118262
118262
118262
118262
118262
118262
118262
118262
118262
118262
118262
118262
118262
118262
118262
118262
118262
118262
118262
118262
118262
118262
118262
118262
118262
118262
118262
118262
118262
118262
118262
118262
118262
118262
118262
118262
118262
118262
118262
118262
118262
118262
118262
118262
118262
118262
118262
118262
118262
118262
118262
118262
118262
118262
118262
118262
118262
118262
118262
118262
118262
118262
118262
118262
118262
118262
118262
118262
118262
118262
118262
118262
118262
118262
118262
118262
118262
118262
118262
118262
118262
118262
118262
118262
118262
118262
118262
118262
118262
118262
118270
118304
118350
118397
118428
118454
118472
118480
118482
118482
118482
118482
118482
118484
118488
118488
118488
118488
118488
118488
118488
118488
118488
118488
118488
118488
118488
118488
118488
118488
118488
118488
118488
118488
118488
118488
118488
118488
118488
118488
118488
118488
118488
118488
118488
118488
118488
118488
118488
118488
118488
118488
118488
118488
118488
118488
118488
118488
118488
118488
118488
118488
118488
118488
118488
118488
118488
118488
118488
118488
118488
118488
118488
118488
118488
118488
118488
118488
118488
118488
118488
118488
118488
118488
118488
118488
118488
118488
118488
118488
118488
118488
118488
118488
118488
118488
118488
118488
118488
118488
118488
118488
118488
118488
118493
118495
118495
118495
118495
118495
118495
118495
118495
118495
118495
118495
118495
118495
118495
118495
118495
118495
118495
118495
118495
118495
118495
118495
118495
118495
118495
118495
118495
118495
118495
118495
118495
118495
118495
118495
118495
118495
118495
118495
118495
118495
118495
118495
118495
118495
118495
118495
118495
118495
118495
118495
118495
118495
118495
118495
118495
118495
118495
118495
118495
118495
118495
118495
118495
118495
118495
118495
118495
118495
118495
118495
118495
118495
118495
118495
118495
118495
118495
118495
118495
118495
118495
118495
118495
118495
118495
118495
118495
118495
118495
118495
118495
118495
118495
118495
118495
118495
118495
118495
118495
118495
118495
118495
118495
118495
118495
118495
118495
118495
118495
118495
118495
118495
118495
118495
118495
118495
118495
118495
118495
118495
118495
118495
118495
118495
118495
118495
118495
118495
118495
118495
118495
118495
118495
118495
118495
118495
118495
118495
118495
118495
118495
118495
118495
118495
118495
118495
118495
118495
118495
118495
118495
118495
118495
118495
118495
118495
118495
118495
118495
118495
118495
118495
118495
118495
118495
118495
118495
118495
118495
118495
118495
118495
118495
118495
118495
118495
118495
118495
118495
118495
118495
118495
118495
118495
118495
118495
118495
118495
118495
118495
118495
118495
118495
118495
118495
118495
118495
118495
118495
118495
118495
118495
118495
118495
118495
118495
118495
118495
118495
118495
118495
118495
118495
118495
118495
118495
118495
118495
118499
118506
118509
118509
118509
118509
118509
118514
118516
118516
118516
118516
118516
118516
118516
118516
118516
118516
118516
118516
118516
118516
118516
118516
118516
118516
118516
118516
118516
118516
118516
118516
118516
118516
118516
118516
118516
118516
118516
118516
118516
118516
118516
118516
118516
118516
118516
118516
118516
118516
118516
118516
118516
118516
118516
118516
118516
118516
118516
118516
118516
118516
118516
118516
118516
118516
118516
118516
118516
118516
118516
118516
118516
118516
118516
118516
118516
118516
118516
118516
118516
118516
118516
118516
118516
118516
118516
118516
118516
118516
118516
118516
118516
118516
118516
118516
118516
118516
118516
118516
118516
118516
118516
118516
118516
118516
118516
118516
118516
118516
118516
118516
118516
118516
118516
118516
118516
118516
118516
118516
118516
118516
118516
118516
118516
118516
118516
118516
118516
118516
118516
118516
118516
118516
118516
118516
118516
118516
118516
118516
118516
118516
118516
118516
118516
118516
118516
118516
118516
118516
118516
118516
118516
118516
118516
118516
118516
118516
118516
118516
118516
118516
118516
118516
118516
118516
118516
118516
118516
118516
118516
118516
118516
118516
118516
118516
118516
118516
118516
118516
118516
118516
118516
118516
118516
118516
118516
118516
118516
118516
118516
118516
118516
118516
118516
118516
118516
118516
118516
118516
118516
118516
118516
118516
118516
118516
118516
118516
118516
118516
118516
118516
118516
118516
118516
118516
118516
118516
118516
118516
118516
118516
118516
118516
118516
118516
118516
118516
118516
118516
118516
118516
118516
118516
118516
118516
118516
118516
118516
118516
118516
118516
118516
118516
118516
118516
118516
118516
118516
118516
118516
118516
118516
118516
118516
118516
118516
118516
118516
118516
118516
118516
118516
118516
118516
118516
118516
118516
118516
118516
118516
118516
118516
118516
118516
118516
118516
118516
118516
118516
118516
118516
118516
118516
118516
118516
118516
118516
118516
118516
118516
118516
118516
118516
118516
118516
118516
118516
118516
118516
118516
118516
118516
118516
118516
118516
118516
118516
118516
118516
118516
118516
118516
118516
118516
118516
118516
118516
118516
118516
118516
118516
118516
118516
118516
118516
118516
118516
118516
118516
118516
118516
118516
118516
118516
118516
118516
118516
118516
118516
118516
118516
118516
118516
118516
118516
118516
118516
118516
118516
118516
118516
118516
118516
118516
118516
118516
118516
118516
118516
118516
118516
118516
118516
118516
118516
118516
118516
118516
118516
118516
118516
118516
118516
118516
118516
118516
118516
118516
118516
118516
118516
118516
118516
118516
118516
118516
118516
118516
118516
118516
118516
118516
118516
118516
118516
118516
118516
118516
118516
118516
118516
118516
118516
118516
118516
118516
118516
118516
118516
118516
118516
118516
118516
118516
118516
118516
118516
118516
118516
118516
118516
118516
118516
118516
118516
118516
118516
118516
118516
118516
118516
118516
118516
118516
118516
118516
118516
118516
118516
118516
118516
118516
118516
118516
118516
118516
118516
118516
118516
118516
118516
118516
118516
118516
118516
118516
118516
118516
118516
118516
118516
118516
118516
118516
118516
118516
118516
118516
118516
118516
118516
118516
118516
118516
118516
118516
118516
118516
118516
118516
118516
118516
118516
118516
118516
118516
118516
118516
118516
118516
118516
118516
118516
118516
118516
118516
118516
118516
118516
118516
118516
118516
118516
118516
118516
118516
118516
118516
118516
118516
118516
118516
118516
118516
118516
118516
118516
118516
118516
118516
118516
118516
118516
118516
118516
118516
118516
118516
118516
118516
118516
118516
118516
118516
118516
118516
118516
118516
118516
118516
118516
118516
118516
118516
118516
118516
118516
118516
118516
118516
118516
118516
118516
118516
118517
118526
118539
118553
118573
118598
118636
118668
118727
118782
118822
118828
118883
118958
119004
119029
119039
119039
119049
119071
119071
119071
119071
119071
119071
119071
119071
119071
119071
119071
119071
119071
119071
119071
119071
119071
119071
119071
119071
119071
119071
119071
119071
119071
119071
119071
119071
119071
119071
119071
119071
119071
119071
119071
119071
119071
119071
119073
119085
119106
119137
119178
119226
119279
119329
119403
119503
119590
119649
119705
119765
119821
119866
119892
119923
119933
119933
119933
119933
119933
119933
119933
119933
119933
119933
119933
119933
119933
119933
119933
119933
119933
119933
119933
119933
119933
119933
119933
119933
119933
119933
119933
119933
119933
119933
119933
119933
119933
119933
119933
119933
119933
119933
119933
119933
119933
119933
119933
119933
119933
119933
119933
119933
119933
119933
119933
119939
119973
119987
119992
119997
120000
120000
120000
120000
120000
120000
120000
120000
120000
120000
120000
120000
120000
120000
120000
120000
120000
120000
120000
120000
120000
120000
120000
120000
120000
120000
120000
120000
120000
120000
120000
120000
120000
120000
120000
120000
120000
120000
120000
120000
120000
120000
120000
120000
120000
120000
120000
120000
120000
120000
120000
120000
120000
120000
120000
120000
120000
120000
120000
120000
120000
120000
120000
120000
120000
120000
120000
120000
120000
120000
120000
120000
120000
120000
120000
120000
120000
120000
120000
120000
120000
120000
120000
120000
120000
120000
120000
120000
120000
120000
120000
120000
120000
120000
120000
120000
120000
120000
120000
120000
120000
120000
120000
120000
120000
120000
120000
120000
120000
120000
120000
120000
120000
120000
120000
120000
120000
120000
120000
120000
120000
120000
120000
120000
120000
120000
120000
120000
120000
120000
120000
120000
120000
120000
120000
120000
120000
120000
120000
120000
120000
120000
120000
120000
120000
120000
120000
120000
120000
120000
120000
120000
120000
120000
120000
120000
120000
120000
120000
120000
120000
120000
120000
120000
120000
120000
120000
120000
120000
120000
120000
120000
120000
120000
120000
120000
120000
120000
120000
120000
120000
120000
120000
120000
120000
120000
120000
120000
120000
120000
120000
120000
120000
120000
120000
120000
120000
120000
120000
120000
120000
120000
120000
120000
120000
120000
120000
120000
120000
120000
120000
120000
120000
120000
120000
120000
120000
120000
120000
120000
120000
120000
120000
120000
120000
120000
120000
120000
120000
120000
120000
120000
120000
120000
120000
120000
120000
120000
120000
120000
120000
120000
120000
120000
120000
120000
120000
120000
120000
120000
120000
120000
120000
120000
120000
120000
120000
120000
120000
120000
120000
120000
120000
120000
120000
120000
120000
120000
120000
120000
120000
120000
120000
120000
120000
120000
120000
120000
120000
120000
120000
120000
120000
120000
120000
120000
120000
120000
120000
120000
120000
120000
120000
120000
120000
120000
120000
120000
120000
120000
120000
120000
120000
120000
120000
120000
120000
120000
120000
120000
120000
120000
120000
120000
120000
120000
120000
120000
120000
120000
120000
120000
120000
120000
120000
120000
120000
120000
120000
120000
120000
120000
120000
120000
120000
120000
120000
120000
120000
120000
120000
120000
120000
120000
120000
120000
120000
120000
120000
120000
120000
120000
120000
120000
120000
120000
120000
120000
120000
120000
120000
120000
120000
120000
120000
120000
120000
120000
120000
120000
120000
120000
120000
120000
120000
120000
120000
120000
120000
120000
120000
120000
120000
120000
120000
120000
120000
120000
120000
120000
120000
120000
120000
120000
120000
120000
120000
120000
120000
120000
120000
120000
120000
120000
120000
120000
120000
120000
120000
120000
120000
120000
120000
120000
120000
120000
120000
120000
120000
120000
120000
120000
120000
120000
120000
120000
120000
120000
120000
120000
120000
120000
120000
120000
120000
120000
120000
120000
120000
120000
120000
120000
120000
120000
120000
120000
120000
120000
120000
120000
120000
120000
120000
120000
120000
120000
120000
120000
120000
120000
120000
120000
120000
120000
120000
120000
120000
120000
120000
120000
120000
120000
120000
120000
120000
120000
120000
120000
120000
120000
120000
120000
120000
120000
120000
120000
120000
120000
120000
120000
120000
120000
120000
120000
120000
120000
120000
120000
120000
120000
120000
120000
120000
120000
120000
120000
120000
120000
120000
120000
120000
120000
120000
120000
120000
120000
120000
120000
120000
120000
120000
120000
120000
120000
120000
120000
120000
120000
120000
120000
120000
120000
120000
120000
120000
120000
120000
120000
120000
120000
120000
120000
120000
120000
120000
120000
120000
120000
120000
120000
120000
120000
120000
120000
120000
120000
120000
120000
120000
120000
120000
120000
120000
120000
120000
120000
120000
120000
120000
120000
120000
120000
120000
120000
120000
120000
120000
120000
120000
120000
120000
120000
120000
120000
120000
120000
120000
120000
120000
120000
120000
120000
120000
120000
120000
120000
120000
120000
120000
120000
120000
120000
120000
120000
120000
120000
120000
120000
120000
120000
120000
120000
120000
120000
120000
120000
120000
120000
120000
120000
120000
120000
120000
120000
120000
120000
120000
120000
120000
120000
120000
120000
120000
120000
120000
120000
120000
120000
120000
120000
120000
120000
120000
120000
