Time needed: 1102.43 s
Distance travelled: 1754.51 m
Total rotation: 36057.6°
Objects found after: 81.27 s, 273.93 s, 340.40 s

+++ following progress ticks +++
469
534
641
699
758
846
898
953
1010
1069
1127
1187
1231
1291
1349
1407
1466
1522
1582
1643
1694
1755
1811
1851
1907
1965
2046
2106
2162
2217
2267
2337
2426
2518
2577
2678
2749
2860
2960
3009
3115
3190
3246
3304
3363
3424
3480
3530
3600
3692
3787
3845
3905
3963
4021
4079
4117
4177
4217
4298
4392
4457
4517
4574
4634
4689
4735
4816
4876
4936
4989
5058
5145
5226
5283
5344
5382
5455
5561
5650
5699
5760
5821
5877
5931
5991
6051
6110
6167
6216
6302
6398
6456
6515
6572
6630
6671
6744
6834
6895
6953
7011
7068
7126
7181
7234
7294
7353
7412
7459
7538
7630
7715
7772
7832
7881
7955
8042
8101
8159
8220
8276
8331
8392
8458
8515
8575
8635
8680
8746
8808
8867
8926
8986
9040
9093
9177
9235
9293
9349
9423
9523
9612
9650
9669
9707
9725
9736
9745
9748
9749
9751
9779
9825
9881
9897
9912
9963
10028
10121
10217
10276
10330
10386
10441
10490
10552
10608
10668
10722
10780
10855
10945
11041
11101
11160
11218
11274
11315
11386
11443
11505
11564
11619
11679
11736
11795
11850
11937
12025
12099
12193
12264
12321
12380
12438
12497
12556
12603
12664
12721
12780
12838
12893
12964
13056
13142
13202
13245
13324
13390
13437
13500
13562
13620
13678
13737
13796
13855
13893
13971
14066
14152
14202
14249
14291
14292
14322
14370
14424
14470
14502
14554
14599
14658
14675
14688
14695
14698
14698
14698
14701
14723
14745
14791
14842
14903
14968
15071
15175
15243
15297
15347
15398
15447
15496
15530
15549
15551
15551
15551
15551
15551
15551
15551
15551
15551
15551
15551
15551
15551
15551
15551
15552
15555
15566
15580
15594
15610
15629
15660
15677
15677
15677
15677
15677
15677
15677
15677
15677
15677
15677
15677
15677
15677
15677
15677
15677
15677
15677
15677
15677
15677
15678
15692
15719
15750
15788
15824
15847
15850
15850
15850
15850
15850
15861
15873
15882
15888
15892
15892
15892
15892
15892
15892
15892
15892
15892
15892
15892
15892
15892
15892
15892
15892
15892
15892
15892
15892
15892
15892
15892
15892
15892
15892
15892
15892
15892
15892
15892
15892
15892
15892
15892
15892
15892
15892
15892
15892
15892
15892
15892
15912
15952
15996
16029
16060
16087
16118
16141
16161
16216
16292
16340
16379
16401
16415
16427
16444
16490
16524
16530
16530
16530
16555
16607
16624
16636
16648
16663
16676
16694
16747
16822
16874
16920
16963
17003
17045
17077
17124
17156
17188
17206
17225
17237
17247
17255
17261
17266
17267
17267
17267
17267
17267
17267
17267
17273
17321
17369
17422
17471
17560
17658
17734
17848
17951
17999
18092
18170
18286
18393
18473
18531
18568
18594
18615
18634
18676
18743
18807
18850
18889
18925
18970
19013
19061
19115
19164
19210
19254
19299
19339
19379
19416
19436
19456
19464
19468
19470
19470
19470
19470
19470
19470
19470
19470
19486
19531
19591
19638
19674
19751
19846
19899
20003
20104
20158
20217
20277
20337
20392
20454
20540
20634
20707
20765
20822
20882
20964
21007
21064
21123
21180
21236
21294
21351
21411
21475
21535
21576
21669
21742
21803
21862
21920
21978
22035
22077
22135
22196
22255
22314
22370
22428
22487
22535
22597
22654
22712
22770
22829
22884
22943
22987
23046
23106
23165
23223
23270
23320
23348
23380
23406
23427
23444
23458
23468
23473
23500
23547
23565
23583
23598
23610
23651
23676
23698
23719
23736
23774
23818
23850
23881
23915
23957
23995
24033
24073
24123
24180
24231
24283
24334
24380
24424
24466
24508
24550
24593
24617
24652
24688
24724
24758
24792
24825
24859
24891
24948
25033
25115
25189
25254
25309
25369
25426
25486
25543
25589
25658
25736
25794
25851
25910
25968
26027
26086
26143
26219
26280
26338
26397
26453
26511
26540
26546
26546
26546
26546
26546
26546
26546
26548
26561
26590
26628
26683
26730
26806
26866
26923
26968
27016
27065
27107
27141
27169
27196
27221
27244
27267
27285
27324
27353
27382
27411
27438
27462
27490
27514
27540
27570
27634
27692
27736
27783
27829
27876
27918
27993
28083
28144
28199
28258
28300
28357
28413
28474
28516
28589
28646
28703
28763
28821
28880
28941
28999
29059
29147
29228
29283
29343
29401
29463
29513
29579
29666
29729
29787
29846
29895
29971
30049
30106
30167
30228
30275
30335
30390
30448
30507
30564
30624
30678
30733
30814
30889
30939
31038
31079
31140
31218
31296
31357
31414
31474
31530
31589
31631
31690
31749
31808
31867
31923
31981
32040
32092
32165
32225
32283
32340
32398
32457
32516
32567
32647
32738
32806
32910
33012
33102
33160
33218
33273
33344
33443
33544
33602
33662
33708
33787
33863
33921
33979
34036
34094
34152
34210
34268
34326
34384
34444
34502
34560
34605
34682
34753
34852
34946
35004
35064
35118
35177
35236
35278
35336
35395
35488
35583
35654
35712
35770
35828
35886
35936
36022
36080
36138
36198
36256
36302
36375
36450
36508
36576
36678
36774
36830
36891
36943
37003
37061
37116
37184
37243
37287
37327
37370
37418
37470
37522
37574
37616
37659
37703
37753
37799
37859
37917
37975
38033
38092
38149
38208
38265
38340
38397
38405
38441
38478
38514
38549
38572
38589
38595
38595
38595
38595
38595
38595
38595
38595
38595
38595
38595
38595
38595
38595
38595
38595
38595
38595
38595
38595
38595
38595
38595
38595
38598
38605
38619
38633
38642
38642
38642
38642
38642
38648
38662
38687
38731
38777
38820
38837
38847
38853
38856
38856
38872
38918
38965
38982
39011
39043
39073
39143
39202
39259
39321
39391
39451
39510
39568
39623
39684
39733
39818
39877
39935
39993
40050
40103
40172
40264
40331
40416
40464
40510
40553
40597
40634
40706
40776
40836
40883
40910
40931
40939
40946
40977
40986
40994
41001
41043
41106
41152
41178
41188
41188
41188
41188
41188
41188
41188
41188
41188
41188
41188
41188
41188
41189
41225
41264
41312
41362
41413
41481
41583
41654
41714
41774
41834
41880
41957
42016
42073
42134
42190
42250
42306
42357
42434
42492
42552
42611
42665
42740
42823
42880
42938
42995
43047
43077
43114
43138
43159
43175
43188
43192
43208
43212
43213
43213
43213
43213
43213
43213
43213
43218
43232
43242
43246
43250
43255
43264
43273
43297
43331
43371
43417
43462
43516
43559
43630
43705
43762
43820
43878
43936
43993
44057
44058
44068
44102
44132
44157
44184
44212
44239
44273
44298
44348
44392
44437
44485
44530
44583
44636
44682
44730
44773
44811
44843
44881
44915
44950
44988
45019
45094
45184
45253
45312
45371
45430
45483
45557
45614
45672
45730
45790
45848
45905
45965
46040
46133
46195
46255
46313
46372
46423
46497
46586
46685
46748
46808
46868
46925
46973
47045
47099
47156
47215
47278
47333
47393
47451
47510
47568
47655
47739
47790
47826
47859
47888
47919
47978
48034
48075
48097
48103
48103
48103
48103
48103
48103
48103
48103
48103
48104
48113
48128
48137
48167
48208
48272
48326
48397
48440
48466
48491
48515
48537
48558
48588
48641
48673
48707
48740
48773
48805
48837
48871
48946
49015
49069
49126
49183
49243
49300
49350
49408
49462
49517
49572
49626
49684
49722
49769
49811
49852
49890
49930
49967
49993
50050
50097
50141
50180
50209
50235
50259
50283
50302
50346
50391
50427
50463
50499
50534
50570
50604
50644
50682
50720
50758
50796
50848
50936
51029
51102
51162
51222
51273
51340
51426
51506
51558
51610
51662
51714
51766
51827
51903
51959
52019
52078
52135
52189
52265
52320
52365
52409
52453
52496
52537
52573
52601
52625
52644
52671
52697
52721
52742
52763
52780
52807
52869
52949
53013
53064
53111
53163
53213
53255
53293
53331
53372
53421
53465
53508
53545
53580
53603
53636
53666
53691
53718
53746
53770
53798
53824
53847
53894
53961
54015
54062
54109
54157
54181
54194
54214
54218
54218
54218
54218
54218
54218
54218
54218
54218
54218
54218
54218
54218
54218
54218
54218
54218
54218
54218
54218
54218
54218
54218
54218
54218
54218
54218
54218
54218
54218
54218
54218
54218
54218
54218
54218
54218
54218
54218
54218
54218
54218
54218
54218
54218
54218
54218
54218
54218
54218
54218
54223
54228
54230
54230
54230
54230
54230
54230
54230
54230
54230
54230
54230
54230
54230
54230
54230
54230
54230
54230
54230
54230
54230
54243
54252
54254
54254
54254
54254
54254
54254
54254
54254
54254
54254
54254
54254
54254
54254
54254
54254
54254
54254
54254
54254
54254
54254
54254
54254
54254
54254
54254
54254
54254
54254
54254
54254
54254
54254
54254
54254
54254
54254
54254
54254
54254
54254
54254
54254
54254
54254
54254
54254
54254
54254
54254
54254
54254
54254
54254
54254
54254
54254
54254
54254
54255
54271
54278
54300
54316
54325
54325
54325
54325
54325
54327
54366
54433
54486
54513
54542
54562
54582
54604
54625
54639
54653
54663
54669
54675
54681
54685
54690
54698
54712
54732
54760
54795
54836
54885
54935
54974
55019
55066
55112
55156
55201
55243
55290
55333
55403
55492
55548
55606
55663
55724
55782
55832
55853
55897
55918
55946
55973
55998
56022
56043
56054
56090
56150
56183
56275
56373
56479
56546
56608
56663
56718
56786
56828
56842
56848
56853
56855
56856
56856
56856
56856
56862
56883
56911
56911
56911
56911
56911
56911
56911
56931
56985
57054
57135
57192
57232
57270
57310
57352
57385
57417
57446
57476
57509
57546
57586
57629
57677
57706
57752
57794
57832
57862
57882
57908
57929
57950
57970
57982
58022
58067
58099
58114
58125
58135
58164
58196
58203
58207
58210
58211
58212
58212
58212
58223
58241
58276
58320
58369
58444
58499
58577
58660
58692
58694
58694
58694
58694
58694
58694
58694
58694
58694
58694
58694
58694
58698
58717
58749
58788
58834
58887
58940
58982
59056
59115
59156
59180
59192
59196
59213
59251
59280
59293
59304
59344
59378
59413
59447
59479
59508
59533
59569
59579
59585
59586
59586
59586
59586
59586
59586
59586
59586
59586
59586
59586
59586
59586
59586
59586
59586
59586
59586
59586
59586
59587
59601
59604
59604
59604
59604
59604
59604
59604
59604
59604
59604
59604
59604
59604
59604
59604
59604
59604
59604
59604
59604
59604
59604
59604
59604
59604
59604
59604
59604
59604
59604
59604
59604
59604
59604
59604
59604
59604
59604
59604
59604
59604
59604
59604
59604
59604
59604
59604
59604
59604
59604
59604
59604
59604
59604
59604
59604
59604
59604
59604
59604
59604
59604
59604
59604
59604
59604
59604
59604
59604
59604
59604
59604
59604
59604
59604
59604
59604
59604
59604
59604
59604
59604
59604
59604
59604
59604
59604
59604
59604
59604
59604
59604
59604
59604
59604
59604
59604
59604
59604
59604
59604
59609
59609
59609
59614
59629
59644
59668
59707
59759
59813
59878
59934
59938
59943
59943
59945
59946
59946
59946
59946
59946
59946
59946
59946
59946
59946
59946
59946
59946
59946
59946
59946
59946
59946
59946
59946
59946
59946
59946
59946
59946
59946
59946
59946
59946
59946
59946
59946
59946
59946
59946
59946
59946
59946
59962
59989
60030
60073
60116
60165
60209
60291
60348
60370
60378
60436
60489
60549
60562
60599
60614
60645
60719
60783
60816
60847
60878
60906
60930
60939
60968
61026
61064
61108
61152
61212
61271
61326
61383
61441
61499
61570
61627
61676
61742
61799
61858
61916
61974
62031
62090
62139
62195
62253
62311
62370
62429
62487
62546
62595
62652
62709
62778
62828
62874
62919
62962
63004
63046
63076
63137
63224
63287
63346
63397
63471
63573
63640
63703
63762
63816
63858
63933
64028
64126
64186
64240
64287
64361
64422
64480
64530
64594
64653
64712
64769
64829
64885
64942
65002
65061
65118
65175
65216
65289
65375
65441
65501
65560
65617
65668
65732
65789
65850
65901
65963
66027
66086
66144
66203
66265
66355
66432
66491
66548
66607
66667
66733
66791
66848
66902
66967
67026
67083
67142
67196
67260
67322
67379
67439
67495
67553
67613
67669
67731
67818
67901
67961
68021
68080
68138
68179
68252
68337
68419
68476
68530
68604
68690
68762
68819
68878
68939
68996
69050
69122
69213
69308
69364
69420
69456
69483
69504
69527
69568
69589
69621
69691
69754
69787
69813
69864
69906
69943
69979
70012
70046
70077
70105
70140
70171
70205
70236
70268
70335
70427
70523
70582
70637
70696
70751
70817
70871
70937
71049
71153
71233
71291
71348
71410
71465
71541
71599
71646
71691
71734
71757
71767
71774
71778
71782
71814
71861
71904
71919
71964
72020
72050
72080
72108
72136
72161
72195
72265
72346
72396
72447
72498
72552
72610
72690
72751
72807
72868
72923
72991
73049
73107
73160
73242
73317
73367
73411
73454
73496
73537
73578
73607
73642
73675
73708
73739
73770
73806
73877
73950
74001
74054
74105
74157
74194
74242
74283
74344
74400
74455
74510
74556
74589
74612
74632
74655
74674
74690
74705
74715
74719
74720
74720
74720
74720
74720
74720
74720
74720
74720
74720
74720
74720
74720
74720
74720
74720
74720
74720
74720
74720
74720
74720
74720
74720
74720
74720
74720
74720
74720
74720
74720
74720
74720
74720
74720
74720
74720
74720
74720
74720
74720
74720
74720
74720
74720
74722
74768
74820
74886
74956
75010
75066
75121
75154
75154
75154
75154
75154
75154
75154
75154
75154
75154
75154
75154
75154
75154
75154
75154
75154
75154
75154
75154
75156
75161
75181
75213
75234
75246
75261
75285
75321
75351
75371
75403
75426
75446
75465
75482
75494
75500
75501
75501
75501
75501
75501
75509
75527
75561
75583
75666
75751
75847
75906
75961
76039
76092
76161
76225
76286
76340
76400
76459
76520
76577
76659
76718
76778
76833
76888
76944
76982
77027
77063
77090
77118
77147
77176
77213
77290
77377
77475
77535
77595
77647
77708
77751
77806
77860
77874
77885
77894
77899
77934
77996
78045
78062
78126
78179
78200
78221
78251
78334
78421
78474
78534
78593
78641
78721
78786
78844
78904
78962
79023
79111
79217
79298
79357
79388
79467
79514
79587
79674
79737
79793
79850
79901
79968
80026
80069
80103
80137
80168
80196
80218
80237
80292
80351
80379
80417
80445
80477
80510
80542
80573
80600
80625
80669
80729
80781
80804
80824
80837
80849
80866
80897
80914
80919
80919
80919
80919
80919
80919
80919
80919
80919
80919
80924
80932
80943
80965
80980
80994
81010
81032
81078
81136
81165
81224
81277
81308
81315
81322
81360
81406
81434
81461
81478
81494
81514
81528
81544
81557
81567
81601
81645
81683
81715
81752
81789
81833
81886
81937
81990
82043
82079
82107
82119
82122
82122
82122
82122
82122
82122
82122
82122
82122
82122
82126
82135
82144
82155
82168
82180
82188
82204
82215
82218
82220
82221
82224
82232
82240
82255
82274
82279
82279
82279
82279
82279
82279
82279
82279
82279
82279
82279
82279
82279
82279
82279
82279
82279
82279
82279
82279
82279
82279
82279
82279
82279
82279
82279
82279
82279
82279
82279
82279
82279
82279
82279
82279
82279
82279
82279
82279
82279
82279
82279
82279
82279
82279
82279
82279
82279
82279
82279
82279
82279
82279
82279
82279
82279
82279
82279
82279
82279
82283
82304
82342
82373
82398
82440
82510
82580
82635
82684
82743
82801
82857
82915
82963
83000
83027
83042
83057
83064
83064
83064
83064
83064
83064
83064
83064
83064
83064
83064
83064
83066
83067
83074
83080
83084
83084
83084
83096
83117
83138
83152
83152
83152
83152
83160
83160
83165
83182
83200
83214
83214
83234
83261
83276
83285
83290
83290
83290
83290
83290
83290
83290
83290
83290
83290
83290
83290
83290
83290
83290
83290
83290
83290
83290
83290
83290
83290
83290
83290
83290
83290
83290
83290
83290
83290
83290
83290
83290
83290
83290
83290
83290
83290
83290
83290
83290
83290
83290
83290
83290
83290
83290
83290
83290
83290
83290
83290
83290
83290
83290
83290
83290
83290
83290
83290
83290
83290
83290
83290
83290
83297
83312
83339
83370
83404
83439
83479
83515
83553
83594
83623
83641
83662
83679
83693
83702
83714
83725
83736
83751
83803
83861
83889
83914
83950
83976
84000
84018
84028
84033
84052
84060
84061
84061
84061
84061
84061
84061
84061
84061
84061
84061
84061
84061
84061
84061
84061
84061
84061
84061
84061
84061
84061
84061
84061
84061
84061
84061
84061
84061
84061
84061
84061
84061
84061
84061
84061
84067
84071
84071
84071
84071
84071
84071
84071
84071
84071
84071
84071
84071
84071
84071
84071
84071
84071
84071
84071
84071
84071
84071
84071
84071
84071
84071
84071
84071
84071
84071
84071
84071
84071
84071
84071
84071
84071
84071
84071
84071
84071
84071
84071
84071
84071
84071
84071
84071
84071
84071
84071
84071
84071
84071
84071
84071
84071
84071
84071
84071
84071
84071
84071
84071
84071
84071
84071
84071
84071
84071
84071
84071
84071
84071
84071
84071
84071
84071
84071
84071
84071
84071
84071
84071
84071
84071
84071
84071
84071
84071
84071
84071
84071
84071
84071
84071
84071
84071
84071
84071
84071
84071
84071
84071
84071
84071
84071
84071
84071
84071
84071
84071
84071
84071
84071
84071
84071
84071
84071
84071
84071
84071
84071
84071
84071
84071
84071
84071
84071
84071
84071
84071
84071
84072
84072
84072
84072
84072
84075
84076
84076
84076
84076
84076
84076
84076
84076
84076
84076
84076
84076
84076
84076
84077
84078
84078
84078
84078
84078
84078
84083
84111
84147
84186
84223
84259
84298
84361
84410
84464
84512
84563
84612
84660
84710
84763
84820
84879
84938
84985
85045
85103
85155
85229
85286
85344
85402
85460
85519
85577
85636
85681
85772
85845
85896
85943
85993
86044
86093
86177
86272
86351
86408
86466
86524
86582
86629
86705
86788
86846
86906
86958
86992
87006
87014
87018
87028
87060
87070
87070
87070
87080
87113
87152
87157
87159
87162
87163
87163
87163
87163
87163
87163
87173
87211
87261
87315
87377
87453
87532
87577
87607
87654
87674
87674
87690
87765
87824
87884
87926
87957
87987
88015
88037
88058
88088
88113
88134
88156
88174
88190
88204
88232
88257
88277
88297
88317
88337
88357
88381
88406
88430
88454
88478
88501
88523
88545
88563
88576
88583
88586
88589
88589
88589
88589
88589
88589
88589
88589
88589
88590
88590
88592
88599
88608
88610
88610
88610
88610
88610
88610
88610
88610
88610
88610
88610
88610
88610
88610
88610
88610
88610
88610
88610
88610
88610
88610
88610
88610
88610
88610
88610
88610
88610
88610
88610
88610
88610
88610
88610
88610
88610
88610
88610
88610
88610
88610
88610
88610
88610
88610
88610
88610
88610
88610
88610
88610
88610
88610
88610
88610
88610
88610
88610
88610
88610
88610
88610
88610
88610
88610
88610
88610
88610
88610
88610
88610
88610
88610
88610
88610
88610
88610
88610
88610
88610
88610
88610
88610
88610
88610
88610
88610
88610
88610
88610
88610
88610
88610
88610
88610
88610
88610
88610
88610
88619
88639
88654
88662
88662
88662
88662
88662
88662
88662
88662
88662
88662
88663
88671
88691
88722
88755
88777
88778
88778
88778
88778
88778
88778
88778
88778
88778
88778
88778
88778
88778
88778
88778
88782
88803
88803
88803
88825
88848
88854
88854
88855
88855
88855
88855
88855
88855
88855
88855
88855
88855
88855
88855
88855
88855
88855
88855
88855
88855
88855
88855
88855
88855
88855
88855
88855
88855
88855
88855
88855
88855
88855
88855
88855
88855
88855
88855
88855
88855
88855
88855
88855
88855
88855
88855
88855
88855
88855
88855
88855
88855
88855
88855
88855
88855
88855
88855
88855
88855
88855
88855
88855
88855
88855
88855
88855
88855
88855
88855
88855
88855
88855
88855
88855
88855
88855
88860
88884
88920
88957
88998
89052
89111
89164
89230
89290
89350
89408
89459
89514
89547
89568
89583
89589
89594
89595
89595
89595
89595
89595
89612
89642
89644
89644
89644
89644
89644
89649
89663
89701
89733
89743
89743
89749
89798
89864
89935
90010
90067
90125
90141
90172
90200
90229
90264
90306
90361
90420
90472
90512
90554
90588
90621
90652
90679
90710
90740
90773
90803
90831
90852
90866
90875
90904
90924
90932
90935
90936
90936
90936
90936
90936
90936
90936
90936
90936
90936
90936
90936
90936
90936
90936
90936
90936
90936
90936
90936
90936
90936
90936
90936
90936
90936
90936
90936
90961
91022
91039
91072
91092
91105
91138
91157
91167
91171
91177
91184
91188
91189
91189
91189
91189
91189
91189
91189
91189
91189
91189
91189
91189
91197
91216
91237
91262
91294
91330
91371
91421
91455
91504
91542
91578
91613
91650
91687
91725
91763
91812
91865
91919
91977
92034
92088
92132
92180
92238
92289
92347
92392
92441
92487
92537
92583
92628
92677
92705
92738
92759
92777
92792
92799
92809
92843
92864
92884
92905
92935
93017
93115
93161
93218
93268
93307
93337
93385
93459
93528
93584
93643
93699
93775
93861
93926
93977
94062
94156
94224
94321
94396
94490
94581
94640
94699
94755
94841
94929
95010
95095
95154
95214
95294
95358
95400
95435
95468
95493
95510
95522
95541
95588
95628
95653
95675
95691
95714
95766
95790
95811
95825
95879
95947
95986
96004
96005
96005
96005
96005
96005
96005
96005
96005
96005
96005
96005
96014
96052
96096
96143
96214
96256
96287
96359
96428
96488
96539
96591
96620
96634
96644
96683
96743
96789
96812
96859
96918
96971
97059
97161
97240
97276
97308
97338
97365
97387
97422
97459
97494
97530
97564
97601
97668
97739
97793
97850
97904
98005
98107
98180
98233
98309
98369
98428
98489
98548
98592
98663
98730
98788
98848
98905
98961
99020
99109
99208
99288
99398
99496
99561
99619
99681
99739
99794
99864
99916
99964
100017
100070
100126
100175
100225
100276
100321
100374
100431
100479
100511
100535
100555
100564
100566
100566
100566
100566
100566
100566
100566
100566
100566
100566
100566
100566
100566
100566
100566
100566
100566
100566
100566
100566
100566
100583
100600
100617
100650
100690
100725
100761
100799
100834
100875
100916
100949
101009
101063
101163
101260
101360
101417
101476
101532
101591
101645
101704
101764
101824
101868
101938
101993
101998
102035
102052
102070
102087
102101
102117
102127
102127
102127
102127
102127
102127
102127
102127
102127
102127
102127
102127
102127
102127
102127
102127
102127
102127
102127
102127
102127
102127
102127
102127
102127
102127
102127
102127
102127
102127
102127
102131
102143
102169
102174
102182
102224
102305
102390
102441
102496
102554
102612
102657
102746
102852
102935
102992
103052
103107
103161
103236
103279
103313
103361
103391
103413
103426
103436
103442
103443
103443
103443
103443
103443
103444
103446
103450
103462
103478
103496
103503
103505
103505
103505
103505
103505
103505
103505
103505
103505
103505
103505
103505
103505
103505
103505
103505
103505
103505
103505
103505
103505
103505
103505
103505
103505
103505
103505
103505
103505
103505
103505
103505
103505
103505
103505
103505
103505
103505
103506
103515
103537
103558
103571
103573
103576
103583
103588
103588
103588
103588
103588
103594
103595
103595
103595
103595
103595
103595
103595
103595
103595
103595
103595
103595
103595
103595
103595
103595
103595
103595
103595
103595
103595
103595
103595
103595
103595
103595
103595
103595
103595
103595
103595
103595
103595
103595
103595
103595
103595
103595
103595
103595
103595
103595
103595
103595
103595
103595
103595
103595
103595
103595
103595
103595
103595
103595
103595
103595
103595
103595
103595
103595
103595
103595
103595
103595
103595
103595
103595
103595
103595
103595
103595
103595
103595
103595
103595
103595
103595
103595
103595
103595
103595
103595
103595
103595
103599
103603
103603
103605
103654
103705
103715
103723
103732
103741
103750
103758
103776
103816
103869
103909
103922
103934
103944
103959
103978
104010
104078
104156
104239
104347
104448
104536
104642
104704
104761
104819
104879
104937
104991
105065
105139
105186
105228
105266
105295
105320
105338
105348
105359
105367
105373
105379
105384
105396
105444
105508
105566
105577
105577
105577
105577
105577
105577
105591
105647
105696
105747
105761
105768
105815
105895
105976
106033
106076
106118
106162
106252
106330
106388
106446
106504
106562
106634
106714
106789
106826
106851
106859
106860
106860
106860
106860
106860
106860
106860
106860
106860
106860
106860
106860
106860
106860
106884
106942
106996
107037
107071
107097
107110
107121
107121
107121
107121
107121
107121
107121
107132
107156
107206
107238
107249
107249
107249
107249
107249
107249
107249
107259
107269
107269
107269
107269
107269
107269
107269
107269
107269
107269
107269
107269
107269
107269
107269
107269
107269
107269
107269
107269
107269
107269
107269
107269
107269
107269
107269
107269
107269
107269
107269
107269
107269
107269
107269
107269
107269
107269
107269
107269
107269
107269
107269
107269
107269
107269
107269
107269
107269
107269
107269
107269
107269
107269
107269
107269
107269
107269
107269
107269
107269
107269
107269
107269
107269
107269
107269
107269
107269
107269
107269
107269
107269
107269
107269
107269
107269
107269
107270
107281
107285
107285
107285
107285
107285
107285
107285
107285
107285
107285
107285
107285
107285
107285
107285
107285
107285
107285
107285
107285
107285
107285
107285
107285
107285
107285
107285
107285
107285
107285
107285
107285
107285
107285
107285
107285
107285
107285
107285
107285
107285
107285
107285
107285
107285
107285
107285
107285
107285
107285
107285
107285
107285
107285
107285
107285
107285
107290
107321
107368
107384
107397
107404
107436
107500
107523
107549
107575
107603
107629
107657
107714
107754
107797
107836
107879
107927
107964
108024
108071
108117
108154
108177
108195
108209
108216
108218
108218
108221
108249
108279
108281
108283
108283
108283
108309
108364
108400
108432
108450
108453
108458
108468
108473
108473
108473
108473
108473
108473
108480
108520
108566
108586
108610
108610
108620
108639
108655
108692
108722
108752
108782
108816
108843
108865
108878
108892
108899
108902
108903
108909
108926
108948
108948
108948
108948
108949
108960
108975
108992
109026
109053
109065
109065
109065
109069
109074
109080
109086
109100
109119
109142
109162
109164
109164
109164
109164
109164
109164
109164
109164
109164
109164
109164
109164
109164
109164
109164
109164
109164
109164
109164
109164
109164
109164
109164
109164
109164
109164
109164
109164
109164
109164
109164
109164
109164
109164
109164
109164
109164
109164
109164
109164
109164
109164
109164
109164
109164
109164
109164
109164
109164
109164
109164
109164
109164
109164
109164
109164
109164
109164
109164
109164
109164
109164
109164
109164
109164
109164
109164
109164
109164
109164
109164
109164
109164
109164
109164
109164
109164
109164
109164
109164
109164
109164
109164
109165
109167
109170
109170
109170
109170
109170
109170
109170
109170
109170
109170
109170
109170
109170
109170
109170
109170
109170
109170
109170
109170
109170
109170
109170
109170
109170
109170
109170
109170
109170
109170
109170
109170
109170
109170
109170
109170
109170
109170
109170
109170
109170
109170
109170
109170
109178
109210
109252
109301
109335
109347
109348
109348
109348
109348
109348
109348
109348
109358
109366
109386
109421
109449
109479
109497
109505
109509
109511
109513
109514
109514
109514
109514
109514
109514
109514
109514
109514
109514
109514
109514
109514
109514
109514
109514
109517
109518
109518
109518
109518
109518
109518
109518
109518
109518
109522
109529
109556
109615
109655
109686
109686
109686
109687
109710
109727
109731
109731
109731
109731
109731
109731
109731
109731
109731
109731
109731
109731
109732
109732
109732
109732
109732
109732
109732
109732
109732
109732
109732
109732
109732
109732
109732
109732
109732
109732
109732
109732
109732
109732
109732
109732
109732
109732
109732
109732
109732
109732
109732
109732
109732
109732
109732
109732
109732
109732
109732
109732
109732
109732
109732
109732
109732
109732
109732
109732
109732
109732
109732
109732
109732
109732
109732
109732
109732
109732
109732
109732
109732
109732
109732
109732
109732
109732
109732
109732
109732
109732
109732
109732
109732
109732
109732
109732
109732
109732
109732
109732
109732
109732
109732
109732
109732
109732
109732
109732
109732
109732
109732
109732
109732
109732
109732
109732
109732
109732
109732
109732
109732
109732
109732
109735
109739
109746
109748
109748
109748
109759
109761
109781
109790
109790
109790
109790
109790
109790
109790
109790
109790
109790
109790
109790
109790
109790
109790
109790
109790
109790
109790
109790
109790
109790
109790
109790
109790
109790
109790
109790
109790
109790
109790
109790
109790
109790
109790
109790
109790
109790
109790
109790
109790
109790
109790
109790
109790
109790
109790
109790
109790
109790
109790
109790
109790
109790
109790
109790
109790
109790
109790
109790
109790
109790
109790
109790
109790
109790
109790
109790
109790
109790
109790
109790
109790
109790
109790
109790
109790
109790
109790
109790
109790
109790
109790
109790
109790
109790
109790
109790
109790
109790
109790
109790
109790
109790
109790
109790
109790
109790
109790
109790
109790
109790
109790
109790
109790
109790
109790
109790
109790
109790
109790
109790
109790
109790
109790
109790
109790
109790
109790
109790
109790
109790
109790
109790
109790
109790
109790
109790
109790
109790
109790
109790
109790
109790
109790
109790
109790
109790
109790
109790
109790
109790
109790
109790
109790
109790
109790
109790
109790
109790
109790
109790
109790
109790
109790
109790
109790
109790
109790
109790
109790
109790
109790
109790
109790
109790
109790
109790
109790
109790
109790
109790
109790
109790
109790
109790
109790
109790
109790
109790
109790
109790
109790
109790
109790
109790
109790
109790
109790
109790
109790
109790
109790
109790
109790
109790
109790
109790
109790
109807
109847
109901
109953
110004
110051
110091
110108
110108
110108
110158
110210
110264
110322
110379
110423
110483
110532
110573
110612
110648
110684
110701
110707
110707
110707
110707
110707
110707
110707
110707
110707
110707
110707
110707
110707
110707
110707
110710
110717
110720
110725
110727
110731
110731
110731
110731
110731
110731
110731
110731
110731
110731
110731
110731
110731
110731
110731
110731
110731
110731
110731
110731
110731
110731
110731
110731
110731
110731
110731
110731
110731
110731
110731
110731
110731
110731
110731
110731
110731
110731
110731
110731
110731
110731
110731
110731
110731
110731
110731
110731
110731
110731
110731
110731
110731
110731
110731
110731
110731
110731
110731
110731
110731
110731
110731
110731
110731
110731
110731
110731
110731
110731
110731
110731
110731
110731
110731
110731
110731
110731
110731
110731
110731
110731
110731
110731
110731
110731
110731
110732
110755
110789
110821
110849
110874
110897
110917
110931
110949
110962
110970
110971
110971
110971
110971
110971
110971
110971
110971
110971
110971
110971
110971
110971
110971
110971
110971
110971
110971
110971
110971
110971
110971
110971
110971
110971
110971
110971
110971
110971
110971
110971
110971
110971
110971
110971
110971
110971
110971
110971
110971
110971
110971
110971
110971
110971
110971
110971
110971
110971
110971
110971
110971
110971
110971
110971
110971
110971
110971
110971
110971
110971
110971
110971
110971
110971
110971
110971
110971
110971
110971
110971
110971
110971
110971
110971
110971
110971
110971
110971
110971
110971
110971
110971
110971
110971
110971
110971
110971
110971
110971
110971
110971
110971
110971
110971
110971
110971
110971
110971
110971
110971
110971
110971
110971
110971
110971
110971
110971
110971
110971
110971
110971
110971
110971
110971
110971
110971
110971
110971
110971
110971
110971
110971
110971
110971
110971
110971
110971
110971
110971
110971
110971
110971
110971
110971
110971
110971
110971
110971
110971
110971
110971
110971
110971
110971
110971
110971
110971
110971
110971
110971
110971
110971
110971
110976
110979
110992
111041
111101
111151
111188
111211
111221
111222
111222
111222
111222
111222
111222
111222
111222
111222
111222
111222
111222
111222
111222
111222
111222
111222
111222
111222
111222
111222
111222
111222
111222
111222
111223
111223
111223
111223
111223
111223
111223
111223
111223
111223
111223
111223
111223
111223
111223
111229
111245
111245
111245
111246
111297
111305
111306
111311
111314
111314
111314
111314
111315
111317
111318
111319
111322
111330
111342
111354
111369
111386
111403
111424
111447
111472
111495
111521
111544
111567
111583
111594
111603
111609
111610
111610
111610
111610
111610
111610
111610
111610
111610
111610
111610
111610
111610
111610
111610
111610
111610
111611
111611
111611
111611
111611
111611
111611
111611
111611
111611
111611
111611
111611
111611
111611
111611
111611
111611
111611
111611
111611
111611
111611
111611
111611
111611
111611
111611
111611
111611
111611
111611
111611
111611
111611
111611
111611
111611
111611
111611
111611
111611
111611
111611
111611
111611
111611
111611
111611
111611
111611
111611
111611
111611
111611
111611
111611
111611
111611
111611
111611
111611
111611
111611
111611
111611
111611
111611
111611
111611
111611
111611
111611
111611
111611
111611
111611
111611
111611
111611
111611
111611
111611
111611
111611
111611
111611
111611
111611
111611
111611
111611
111611
111611
111611
111611
111611
111611
111611
111611
111611
111611
111611
111611
111611
111611
111611
111611
111611
111611
111611
111611
111611
111611
111611
111611
111611
111611
111611
111611
111611
111611
111611
111611
111611
111611
111611
111611
111611
111611
111611
111611
111611
111611
111611
111611
111611
111611
111611
111611
111611
111611
111611
111611
111611
111611
111611
111611
111611
111611
111611
111611
111611
111611
111611
111611
111611
111611
111611
111611
111611
111611
111611
111611
111611
111611
111611
111611
111611
111611
111611
111611
111611
111611
111611
111611
111611
111611
111611
111611
111611
111611
111611
111611
111611
111611
111611
111611
111611
111611
111611
111611
111611
111611
111611
111611
111611
111611
111611
111611
111611
111611
111611
111611
111611
111611
111611
111611
111611
111611
111611
111611
111611
111611
111611
111611
111611
111611
111611
111611
111611
111611
111611
111611
111611
111611
111611
111611
111611
111611
111611
111611
111611
111611
111611
111611
111611
111611
111611
111611
111611
111611
111611
111611
111611
111611
111611
111611
111611
111611
111611
111611
111611
111611
111611
111611
111611
111611
111611
111611
111611
111611
111611
111611
111611
111611
111611
111611
111611
111611
111611
111611
111611
111611
111611
111611
111611
111611
111611
111611
111611
111611
111611
111611
111611
111611
111611
111611
111611
111613
111620
111656
111692
111728
111740
111783
111811
111817
111817
111817
111817
111817
111817
111817
111817
111818
111827
111833
111833
111833
111833
111833
111833
111833
111833
111835
111844
111848
111848
111848
111850
111856
111865
111865
111865
111865
111865
111865
111865
111865
111865
111865
111865
111865
111865
111865
111865
111865
111865
111865
111865
111865
111865
111865
111865
111865
111865
111865
111865
111865
111865
111865
111865
111865
111865
111865
111865
111865
111865
111865
111865
111865
111865
111865
111865
111865
111865
111865
111865
111865
111865
111865
111865
111865
111865
111865
111865
111865
111865
111865
111865
111869
111890
111916
111945
111969
111990
111994
111995
111995
111995
111995
111995
111995
111995
111996
111996
111996
111996
111996
111996
111996
111996
111996
111996
111996
111996
111996
111996
111996
111996
111996
111996
111996
111996
111996
111996
111996
111996
111996
111996
111996
111996
111996
111996
111996
111996
111996
111996
111996
111996
111996
111996
111996
111996
111996
111996
111996
111996
111996
111996
111996
111996
111996
111996
111996
111996
111996
111996
111996
111996
111996
111996
111996
111996
111996
111996
111996
111996
111996
111996
111996
111996
111996
111996
111996
111996
111996
111996
111996
111996
111996
111996
111996
111996
111996
111996
111996
111996
111996
111996
111996
111996
111996
111996
111996
111996
111996
111996
111996
111996
112000
112024
112067
112117
112168
112211
112221
112223
112223
112223
112223
112223
112223
112223
112223
112223
112223
112224
112231
112236
112236
112236
112248
112262
112275
112288
112300
112310
112311
112311
112311
112311
112311
112311
112311
112311
112311
112311
112311
112311
112311
112311
112311
112311
112311
112311
112311
112311
112312
112316
112317
112320
112323
112327
112328
112328
112328
112328
112328
112328
112328
112328
112328
112328
112328
112328
112328
112328
112328
112328
112328
112328
112328
112328
112328
112328
112328
112328
112328
112328
112328
112328
112328
112328
112328
112328
112328
112328
112328
112328
112328
112328
112328
112328
112328
112328
112328
112328
112328
112328
112328
112328
112328
112328
112328
112328
112328
112328
112328
112328
112328
112328
112328
112328
112328
112328
112328
112328
112328
112328
112328
112328
112328
112328
112328
112328
112328
112328
112328
112328
112328
112328
112328
112328
112328
112328
112328
112328
112328
112328
112328
112328
112328
112328
112328
112328
112328
112328
112328
112328
112328
112328
112328
112328
112328
112328
112328
112328
112328
112328
112328
112328
112328
112328
112328
112328
112328
112328
112328
112328
112328
112328
112328
112328
112328
112328
112328
112328
112328
112328
112328
112328
112328
112328
112328
112328
112328
112328
112328
112328
112328
112328
112328
112328
112328
112328
112328
112328
112328
112328
112328
112328
112328
112328
112328
112328
112328
112328
112328
112328
112328
112328
112328
112328
112328
112328
112328
112328
112328
112328
112328
112328
112328
112328
112328
112328
112328
112328
112328
112328
112328
112328
112328
112328
112328
112328
112328
112328
112328
112328
112328
112328
112328
112328
112328
112328
112328
112328
112328
112328
112328
112328
112328
112328
112328
112328
112328
112328
112328
112328
112328
112328
112328
112328
112328
112328
112328
112328
112328
112339
112361
112381
112383
112383
112383
112383
112383
112383
112383
112383
112383
112383
112384
112385
112387
112397
112412
112416
112416
112416
112416
112416
112416
112416
112416
112416
112416
112416
112416
112416
112416
112416
112416
112416
112416
112416
112416
112416
112416
112416
112416
112416
112416
112416
112416
112416
112416
112416
112416
112416
112416
112416
112416
112416
112416
112416
112416
112416
112416
112416
112416
112416
112416
112416
112416
112416
112416
112416
112416
112416
112416
112416
112416
112416
112416
112416
112416
112417
112417
112417
112417
112417
112417
112417
112417
112417
112417
112417
112417
112417
112417
112417
112417
112417
112417
112417
112417
112417
112417
112417
112417
112417
112417
112417
112417
112417
112417
112417
112417
112417
112417
112417
112417
112417
112417
112417
112417
112417
112417
112417
112417
112417
112417
112417
112417
112417
112417
112417
112417
112417
112417
112417
112421
112430
112430
112430
112430
112430
112430
112430
112430
112430
112430
112430
112430
112430
112430
112430
112430
112430
112430
112430
112430
112430
112430
112430
112430
112430
112430
112431
112431
112431
112431
112431
112431
112431
112431
112431
112431
112431
112431
112431
112431
112431
112431
112431
112431
112431
112431
112431
112431
112431
112431
112431
112431
112431
112431
112431
112431
112431
112431
112431
112431
112431
112431
112431
112431
112431
112431
112431
112431
112431
112431
112431
112431
112431
112431
112431
112431
112431
112431
112431
112431
112431
112442
112448
112451
112451
112451
112451
112451
112451
112451
112451
112451
112451
112451
112451
112451
112451
112451
112451
112451
112451
112451
112451
112451
112451
112451
112451
112451
112451
112451
112451
112451
112451
112451
112451
112451
112451
112451
112451
112451
112451
112451
112451
112451
112451
112451
112451
112451
112451
112451
112451
112451
112451
112451
112451
112451
112451
112451
112451
112451
112451
112451
112451
112451
112451
112451
112451
112451
112451
112451
112451
112451
112451
112451
112451
112451
112451
112451
112451
112451
112451
112451
112451
112451
112451
112451
112451
112451
112451
112451
112451
112451
112451
112451
112451
112451
112451
112451
112451
112451
112451
112451
112451
112451
112451
112451
112451
112451
112451
112451
112451
112451
112451
112451
112451
112451
112451
112451
112451
112451
112451
112451
112451
112451
112451
112451
112451
112451
112451
112451
112451
112451
112451
112451
112451
112451
112451
112451
112451
112451
112451
112451
112451
112451
112451
112451
112451
112451
112451
112451
112451
112451
112451
112451
112451
112451
112451
112451
112451
112451
112451
112451
112451
112468
112512
112561
112613
112661
112704
112727
112748
112767
112779
112811
112830
112848
112861
112867
112871
112873
112894
112904
112904
112912
112970
113031
113074
113100
113126
113178
113265
113317
113375
113435
113490
113550
113594
113655
113714
113770
113829
113885
113927
113990
114049
114091
114148
114191
114221
114256
114290
114325
114365
114394
114430
114463
114492
114515
114537
114555
114564
114569
114569
114569
114569
114569
114569
114569
114569
114569
114569
114569
114569
114570
114572
114574
114577
114578
114578
114578
114578
114578
114578
114578
114578
114578
114578
114578
114578
114578
114578
114578
114578
114578
114578
114578
114578
114578
114578
114578
114578
114578
114578
114578
114578
114578
114578
114578
114578
114578
114578
114578
114578
114578
114578
114578
114578
114578
114578
114578
114578
114578
114578
114578
114578
114578
114578
114579
114582
114592
114607
114625
114642
114649
114649
114649
114649
114649
114655
114704
114727
114737
114753
114773
114794
114810
114826
114850
114874
114902
114931
114963
114996
115020
115035
115047
115049
115049
115049
115049
115049
115049
115049
115049
115050
115056
115058
115066
115104
115162
115219
115273
115336
115371
115404
115444
115489
115538
115586
115634
115689
115737
115789
115841
115892
115935
115975
116012
116036
116051
116061
116063
116063
116063
116063
116063
116063
116069
116089
116111
116124
116140
116142
116157
116162
116162
116163
116183
116198
116226
116237
116246
116258
116266
116266
116266
116266
116266
116271
116279
116279
116279
116279
116279
116279
116279
116279
116279
116279
116279
116279
116279
116279
116279
116279
116279
116279
116279
116279
116279
116279
116279
116279
116279
116279
116279
116279
116279
116279
116279
116279
116279
116279
116279
116279
116279
116279
116279
116279
116279
116284
116291
116301
116314
116318
116318
116318
116318
116318
116318
116318
116318
116318
116318
116318
116318
116318
116318
116318
116318
116318
116318
116318
116318
116318
116318
116318
116318
116318
116318
116318
116318
116318
116318
116318
116318
116318
116318
116318
116318
116318
116318
116318
116318
116318
116318
116318
116318
116318
116318
116318
116318
116318
116318
116318
116318
116318
116318
116318
116318
116318
116318
116318
116318
116318
116326
116342
116352
116358
116358
116358
116358
116358
116358
116358
116358
116358
116358
116358
116358
116358
116358
116358
116358
116358
116358
116358
116358
116358
116358
116358
116358
116358
116358
116358
116358
116358
116358
116358
116358
116358
116358
116358
116358
116358
116358
116358
116358
116358
116358
116358
116358
116358
116358
116358
116358
116358
116358
116358
116358
116358
116358
116358
116358
116358
116358
116358
116358
116358
116358
116358
116358
116358
116358
116358
116358
116358
116358
116358
116358
116358
116358
116358
116358
116358
116358
116358
116358
116358
116358
116358
116358
116358
116358
116358
116358
116358
116358
116358
116358
116358
116358
116358
116358
116358
116358
116358
116358
116358
116358
116358
116358
116358
116358
116358
116358
116358
116358
116358
116358
116358
116358
116358
116358
116358
116358
116358
116358
116358
116358
116358
116358
116358
116358
116358
116358
116358
116358
116358
116358
116358
116358
116358
116358
116358
116358
116358
116358
116358
116358
116358
116358
116358
116358
116358
116358
116358
116358
116358
116358
116358
116358
116358
116358
116358
116358
116358
116358
116358
116358
116358
116358
116358
116358
116358
116358
116358
116358
116358
116358
116358
116358
116358
116358
116358
116358
116358
116358
116358
116358
116358
116358
116358
116358
116358
116358
116358
116358
116358
116358
116358
116358
116358
116358
116358
116358
116358
116358
116358
116358
116358
116358
116358
116358
116358
116358
116358
116358
116358
116358
116358
116358
116358
116358
116358
116358
116358
116358
116358
116358
116358
116358
116358
116358
116358
116358
116358
116358
116358
116358
116358
116358
116358
116358
116358
116358
116358
116358
116358
116358
116358
116358
116358
116358
116358
116358
116358
116358
116358
116358
116358
116358
116358
116358
116358
116358
116358
116358
116358
116358
116358
116358
116358
116358
116358
116358
116358
116358
116358
116358
116358
116358
116358
116358
116358
116358
116358
116358
116358
116358
116358
116358
116358
116358
116358
116358
116358
116358
116358
116358
116358
116358
116358
116358
116358
116358
116358
116358
116358
116358
116358
116358
116358
116358
116358
116358
116358
116358
116358
116358
116358
116358
116358
116358
116358
116358
116358
116358
116358
116358
116358
116358
116358
116358
116358
116358
116358
116358
116358
116358
116358
116358
116358
116358
116358
116358
116358
116358
116358
116358
116358
116358
116358
116358
116359
116363
116370
116376
116381
116384
116384
116384
116384
116384
116384
116384
116384
116384
116384
116384
116384
116384
116384
116384
116384
116384
116384
116384
116384
116384
116384
116384
116384
116384
116384
116384
116384
116386
116393
116406
116419
116430
116430
116430
116430
116430
116430
116430
116430
116430
116430
116430
116430
116430
116430
116430
116430
116430
116430
116430
116430
116430
116430
116430
116430
116430
116430
116430
116430
116430
116430
116430
116430
116430
116430
116430
116430
116430
116430
116430
116430
116430
116430
116430
116430
116430
116430
116430
116430
116430
116430
116430
116430
116430
116430
116430
116430
116430
116430
116430
116430
116430
116430
116430
116430
116430
116430
116430
116430
116430
116430
116430
116430
116430
116430
116430
116430
116430
116430
116430
116430
116430
116430
116430
116430
116430
116430
116430
116430
116430
116430
116430
116430
116430
116430
116430
116430
116430
116430
116430
116430
116434
116443
116451
116451
116451
116451
116451
116451
116451
116451
116451
116451
116451
116451
116451
116451
116451
116451
116451
116451
116451
116451
116451
116451
116451
116451
116451
116451
116451
116451
116451
116451
116451
116451
116451
116451
116451
116451
116451
116451
116451
116451
116451
116451
116451
116451
116451
116451
116451
116451
116451
116451
116451
116451
116451
116451
116451
116451
116451
116451
116451
116451
116451
116451
116451
116451
116451
116451
116451
116451
116451
116451
116451
116451
116451
116451
116451
116451
116451
116451
116451
116451
116451
116451
116451
116451
116451
116451
116451
116451
116451
116451
116451
116451
116451
116451
116451
116451
116451
116451
116451
116451
116451
116451
116451
116451
116451
116451
116451
116451
116451
116451
116451
116451
116451
116451
116451
116451
116451
116451
116451
116451
116451
116451
116451
116451
116451
116451
116451
116451
116451
116451
116451
116451
116451
116451
116451
116451
116451
116451
116451
116451
116451
116451
116451
116451
116451
116451
116451
116451
116451
116451
116451
116451
116451
116451
116451
116451
116451
116451
116451
116451
116451
116451
116451
116451
116451
116451
116451
116451
116451
116451
116451
116451
116451
116451
116451
116451
116451
116451
116451
116451
116451
116451
116451
116451
116451
116451
116451
116451
116451
116451
116451
116451
116451
116451
116451
116451
116451
116451
116451
116451
116451
116451
116451
116451
116451
116451
116451
116451
116451
116451
116451
116451
116451
116451
116451
116451
116451
116451
116451
116451
116451
116451
116451
116451
116451
116451
116451
116451
116451
116451
116451
116451
116451
116451
116451
116451
116451
116451
116451
116451
116451
116451
116451
116451
116451
116451
116451
116468
116499
116507
116510
116515
116516
116516
116516
116516
116516
116516
116516
116516
116516
116516
116516
116516
116516
116516
116516
116516
116516
116516
116516
116516
116516
116516
116516
116516
116516
116516
116516
116516
116516
116516
116516
116516
116516
116516
116516
116516
116516
116516
116516
116516
116516
116516
116516
116516
116516
116516
116516
116516
116516
116516
116516
116516
116516
116516
116516
116516
116516
116516
116516
116516
116516
116516
116516
116516
116516
116516
116516
116516
116516
116516
116516
116516
116516
116516
116516
116516
116516
116516
116516
116516
116516
116516
116516
116516
116516
116516
116516
116516
116516
116516
116516
116516
116516
116516
116516
116516
116516
116516
116516
116516
116516
116516
116516
116516
116516
116516
116516
116516
116516
116516
116516
116516
116516
116516
116516
116516
116516
116516
116516
116516
116516
116516
116516
116516
116516
116516
116516
116516
116516
116516
116516
116516
116516
116516
116516
116516
116516
116516
116516
116516
116516
116516
116516
116516
116516
116516
116516
116516
116516
116516
116516
116516
116516
116516
116516
116516
116516
116516
116516
116518
116518
116518
116518
116518
116518
116518
116528
116533
116533
116533
116533
116533
116533
116533
116533
116533
116533
116533
116533
116533
116533
116533
116533
116533
116533
116533
116533
116533
116533
116533
116533
116533
116533
116533
116533
116533
116533
116533
116533
116533
116533
116533
116533
116533
116533
116533
116533
116533
116533
116533
116533
116533
116533
116533
116533
116533
116533
116533
116533
116533
116533
116533
116533
116533
116533
116533
116533
116533
116533
116533
116533
116533
116533
116533
116533
116533
116533
116533
116533
116533
116533
116533
116533
116533
116533
116533
116533
116533
116533
116533
116533
116533
116533
116533
116533
116533
116533
116533
116533
116533
116533
116533
116533
116533
116533
116533
116533
116533
116533
116533
116533
116533
116533
116533
116533
116533
116533
116533
116533
116533
116533
116533
116533
116533
116533
116533
116533
116533
116533
116533
116533
116533
116533
116533
116533
116533
116533
116533
116533
116533
116533
116533
116533
116533
116533
116533
116533
116533
116533
116533
116533
116533
116533
116533
116533
116533
116533
116533
116533
116533
116533
116533
116533
116533
116533
116533
116533
116533
116533
116533
116533
116533
116533
116533
116533
116533
116533
116533
116533
116533
116533
116533
116533
116533
116533
116533
116533
116533
116533
116533
116533
116533
116533
116533
116533
116533
116533
116533
116533
116533
116533
116533
116533
116533
116533
116533
116533
116533
116533
116533
116533
116533
116533
116533
116533
116533
116533
116533
116533
116533
116533
116533
116533
116533
116533
116533
116533
116533
116533
116533
116533
116533
116533
116533
116533
116533
116533
116533
116533
116533
116533
116533
116533
116533
116533
116533
116533
116533
116533
116533
116533
116533
116533
116533
116533
116533
116533
116533
116533
116533
116533
116533
116533
116533
116533
116533
116533
116533
116533
116533
116533
116533
116533
116533
116533
116533
116533
116533
116533
116533
116533
116533
116533
116533
116533
116533
116533
116533
116533
116533
116533
116533
116533
116533
116533
116533
116533
116533
116533
116533
116533
116533
116533
116533
116533
116533
116533
116533
116533
116533
116533
116533
116533
116533
116533
116533
116533
116533
116533
116533
116533
116533
116533
116533
116533
116533
116533
116533
116533
116533
116533
116533
116533
116533
116533
116533
116533
116533
116533
116533
116533
116533
116533
116533
116533
116533
116533
116533
116533
116533
116533
116533
116533
116533
116533
116533
116533
116533
116533
116533
116533
116533
116533
116533
116533
116533
116533
116533
116533
116533
116533
116533
116533
116533
116533
116533
116533
116533
116533
116533
116533
116533
116533
116533
116533
116533
116533
116533
116533
116533
116533
116533
116533
116533
116533
116533
116533
116533
116533
116533
116533
116533
116533
116533
116533
116533
116533
116533
116533
116533
116533
116533
116533
116533
116533
116533
116533
116533
116533
116533
116533
116533
116533
116533
116533
116533
116533
116533
116533
116533
116533
116533
116533
116533
116533
116533
116533
116533
116533
116533
116533
116533
116533
116533
116533
116533
116533
116533
116533
116533
116533
116533
116533
116533
116533
116533
116533
116533
116533
116533
116533
116533
116533
116533
116533
116533
116533
116533
116533
116533
116533
116533
116533
116533
116533
116533
116533
116533
116533
116533
116533
116533
116533
116533
116533
116533
116533
116533
116533
116533
116533
116533
116533
116533
116533
116533
116533
116533
116533
116533
116533
116533
116533
116533
116533
116533
116533
116533
116533
116535
116538
116543
116555
116573
116579
116582
116586
116591
116595
116600
116606
116616
116627
116640
116654
116664
116664
116664
116664
116664
116664
116664
116664
116664
116664
116664
116664
116664
116664
116664
116664
116664
116664
116664
116664
116664
116664
116664
116664
116664
116664
116664
116664
116664
116664
116664
116664
116664
116664
116664
116664
116664
116664
116664
116664
116664
116664
116664
116664
116664
116664
116664
116664
116664
116664
116664
116664
116664
116664
116664
116664
116664
116664
116664
116664
116664
116664
116664
116664
116664
116664
116664
116664
116664
116664
116664
116664
116664
116664
116664
116664
116664
116664
116664
116664
116664
116664
116664
116664
116664
116664
116664
116664
116664
116664
116664
116664
116664
116664
116664
116664
116664
116664
116664
116664
116664
116664
116664
116664
116664
116664
116664
116664
116664
116664
116664
116664
116664
116664
116664
116664
116664
116664
116664
116664
116664
116664
116664
116664
116664
116664
116664
116664
116664
116664
116664
116664
116664
116664
116664
116664
116667
116671
116678
116687
116689
116689
116689
116689
116701
116713
116721
116724
116724
116724
116724
116724
116724
116724
116724
116724
116724
116724
116724
116724
116724
116724
116724
116724
116724
116724
116724
116724
116724
116724
116724
116724
116724
116724
116724
116724
116724
116724
116724
116724
116724
116724
116724
116724
116724
116724
116724
116724
116724
116724
116724
116724
116724
116724
116724
116724
116724
116724
116724
116724
116724
116724
116724
116724
116724
116724
116724
116724
116724
116724
116724
116724
116724
116724
116724
116724
116724
116724
116724
116724
116724
116724
116724
116724
116724
116724
116724
116724
116724
116724
116724
116724
116724
116724
116724
116724
116724
116724
116724
116724
116724
116724
116724
116724
116724
116724
116724
116724
116724
116724
116724
116724
116724
116724
116724
116724
116724
116724
116724
116724
116724
116724
116724
116724
116724
116724
116724
116724
116724
116724
116724
116724
116724
116724
116724
116724
116724
116724
116724
116724
116724
116724
116724
116724
116724
116724
116724
116724
116724
116724
116724
116724
116724
116724
116724
116724
116724
116724
116724
116724
116724
116724
116724
116724
116724
116724
116724
116724
116724
116728
116740
116747
116748
116750
116753
116753
116753
116753
116753
116753
116753
116753
116753
116753
116753
116753
116753
116753
116753
116753
116753
116753
116753
116753
116753
116753
116753
116753
116753
116753
116753
116753
116753
116753
116753
116753
116753
116753
116753
116753
116753
116753
116753
116753
116753
116753
116753
116753
116753
116753
116753
116753
116753
116753
116753
116753
116753
116753
116753
116753
116753
116753
116753
116753
116753
116753
116753
116753
116753
116753
116753
116753
116753
116753
116753
116753
116753
116753
116753
116753
116753
116753
116753
116753
116753
116753
116753
116753
116753
116753
116753
116753
116753
116753
116753
116753
116753
116753
116753
116753
116753
116753
116753
116753
116753
116753
116753
116753
116753
116753
116753
116753
116753
116753
116753
116753
116753
116753
116753
116753
116753
116753
116753
116753
116753
116753
116753
116753
116753
116753
116753
116753
116753
116753
116753
116753
116753
116753
116753
116753
116753
116753
116753
116759
116780
116786
116786
116800
116839
116898
116954
116999
117010
117010
117010
117010
117010
117010
117010
117010
117010
117010
117010
117010
117011
117024
117051
117073
117074
117074
117074
117074
117085
117091
117091
117091
117091
117091
117091
117091
117091
117091
117091
117091
117091
117091
117091
117091
117091
117091
117091
117091
117091
117091
117091
117091
117091
117091
117091
117091
117091
117091
117091
117091
117091
117091
117091
117091
117091
117091
117091
117091
117091
117091
117091
117091
117091
117091
117091
117091
117091
117091
117091
117091
117091
117091
117091
117091
117091
117091
117091
117091
117091
117091
117091
117091
117091
117091
117091
117091
117091
117091
117091
117091
117091
117091
117091
117091
117091
117091
117091
117091
117091
117091
117091
117091
117091
117091
117091
117091
117091
117091
117091
117091
117091
117091
117091
117091
117091
117091
117091
117093
117093
117095
117095
117095
117095
117095
117095
117095
117095
117095
117095
117095
117095
117095
117095
117095
117095
117095
117095
117095
117095
117095
117095
117095
117095
117095
117095
117095
117095
117095
117095
117095
117095
117095
117095
117095
117095
117095
117095
117095
117095
117095
117095
117095
117095
117095
117095
117095
117095
117095
117095
117095
117095
117095
117095
117095
117095
117095
117095
117095
117095
117095
117095
117095
117095
117095
117095
117095
117095
117095
117095
117095
117095
117095
117095
117095
117095
117095
117095
117095
117095
117095
117095
117095
117095
117095
117095
117095
117095
117095
117095
117095
117095
117095
117095
117095
117095
117095
117095
117095
117095
117095
117095
117095
117095
117095
117095
117095
117095
117095
117095
117095
117095
117095
117095
117095
117095
117095
117095
117095
117095
117095
117095
117095
117095
117095
117095
117095
117095
117095
117095
117095
117095
117095
117095
117095
117095
117095
117095
117095
117095
117095
117097
117102
117102
117102
117102
117102
117102
117102
117102
117102
117102
117102
117102
117102
117102
117102
117102
117102
117102
117102
117102
117102
117102
117102
117102
117102
117102
117102
117102
117102
117102
117102
117102
117102
117102
117102
117102
117102
117102
117102
117102
117102
117102
117102
117102
117102
117102
117102
117102
117102
117102
117102
117102
117102
117102
117102
117102
117102
117102
117102
117102
117102
117102
117102
117102
117102
117102
117102
117102
117102
117102
117102
117102
117102
117102
117102
117102
117102
117102
117102
117102
117102
117102
117102
117102
117102
117102
117102
117105
117106
117106
117106
117106
117106
117106
117106
117106
117106
117106
117106
117106
117106
117106
117106
117106
117106
117106
117106
117106
117106
117106
117106
117106
117106
117106
117106
117106
117106
117106
117106
117106
117106
117106
117106
117106
117106
117106
117106
117106
117106
117106
117106
117106
117106
117106
117106
117106
117106
117106
117106
117106
117106
117106
117106
117106
117106
117106
117106
117106
117106
117106
117106
117106
117106
117106
117106
117106
117106
117106
117106
117106
117106
117106
117106
117106
117106
117106
117106
117106
117106
117106
117106
117106
117106
117106
117106
117106
117106
117106
117106
117119
117159
117215
117267
117323
117382
117434
117487
117510
117523
117530
117536
117537
117537
117537
117537
117537
117537
117541
117555
117571
117591
117610
117610
117610
117616
117639
117680
117691
117691
117691
117691
117738
117803
117869
117941
117962
117963
117963
117963
117963
117963
117963
117963
117963
117963
117963
117963
117963
117963
117971
117993
118007
118029
118044
118052
118052
118052
118052
118052
118054
118067
118087
118103
118112
118120
118133
118149
118191
118211
118211
118211
118211
118211
118211
118211
118211
118211
118211
118211
118211
118211
118211
118211
118211
118211
118211
118211
118211
118211
118211
118211
118211
118211
118211
118211
118211
118211
118211
118211
118211
118211
118211
118211
118211
118211
118211
118211
118211
118211
118211
118211
118211
118211
118211
118211
118211
118211
118211
118211
118211
118211
118211
118211
118211
118211
118211
118211
118211
118211
118211
118211
118211
118211
118211
118211
118211
118211
118211
118211
118211
118211
118211
118211
118211
118211
118211
118211
118211
118211
118211
118211
118211
118211
118211
118211
118211
118211
118211
118211
118211
118211
118211
118211
118211
118211
118211
118211
118211
118211
118211
118211
118211
118211
118211
118211
118211
118211
118211
118211
118211
118211
118211
118211
118211
118211
118211
118211
118211
118211
118211
118211
118211
118211
118223
118242
118251
118251
118251
118251
118251
118251
118251
118251
118251
118251
118251
118251
118251
118251
118254
118254
118254
118254
118254
118254
118254
118254
118254
118254
118254
118254
118254
118254
118254
118254
118254
118254
118254
118254
118254
118254
118254
118254
118254
118254
118254
118254
118254
118254
118254
118254
118254
118254
118254
118254
118254
118254
118254
118254
118254
118254
118254
118254
118254
118254
118254
118254
118254
118254
118254
118254
118254
118254
118254
118254
118254
118254
118254
118254
118254
118254
118254
118254
118254
118254
118254
118254
118254
118254
118254
118254
118254
118254
118254
118254
118254
118254
118254
118254
118254
118254
118254
118254
118254
118254
118254
118254
118254
118254
118254
118254
118254
118254
118254
118254
118254
118254
118254
118254
118254
118254
118254
118254
118254
118254
118254
118254
118254
118254
118254
118254
118254
118254
118254
118254
118254
118254
118254
118254
118254
118254
118254
118254
118254
118254
118254
118254
118254
118254
118254
118254
118254
118254
118254
118254
118254
118254
118254
118254
118254
118254
118254
118254
118254
118254
118254
118254
118254
118254
118254
118254
118254
118254
118254
118254
118254
118254
118254
118254
118254
118254
118254
118254
118254
118254
118254
118254
118254
118254
118254
118254
118254
118254
118254
118254
118254
118254
118254
118254
118254
118254
118254
118254
118254
118254
118254
118254
118254
118254
118254
118254
118254
118254
118254
118254
118254
118254
118254
118254
118254
118254
118254
118254
118254
118254
118254
118254
118254
118254
118254
118254
118254
118254
118254
118254
118254
118254
118254
118254
118254
118254
118254
118254
118254
118254
118254
118254
118254
118254
118254
118254
118254
118254
118254
118254
118254
118254
118254
118254
118254
118254
118254
118254
118254
118254
118254
118254
118254
118254
118254
118254
118254
118254
118254
118254
118254
118254
118254
118254
118254
118254
118254
118254
118254
118254
118254
118254
118254
118254
118254
118254
118254
118254
118254
118254
118254
118254
118254
118254
118254
118254
118254
118254
118254
118254
118254
118254
118254
118254
118254
118254
118254
118254
118254
118254
118254
118254
118254
118254
118254
118254
118254
118254
118254
118254
118254
118254
118254
118254
118254
118254
118254
118254
118254
118254
118254
118254
118254
118254
118254
118254
118254
118254
118254
118254
118254
118254
118254
118254
118254
118254
118254
118254
118254
118254
118254
118254
118254
118254
118254
118254
118254
118254
118254
118254
118254
118254
118254
118254
118254
118254
118254
118254
118254
118254
118254
118254
118254
118254
118254
118254
118254
118254
118254
118254
118254
118254
118254
118254
118254
118254
118254
118254
118254
118254
118254
118254
118254
118254
118254
118254
118254
118254
118254
118254
118254
118254
118254
118254
118254
118254
118255
118255
118255
118255
118255
118255
118255
118255
118255
118255
118255
118255
118255
118255
118255
118255
118255
118255
118255
118255
118255
118255
118255
118255
118255
118255
118255
118255
118255
118255
118255
118255
118255
118255
118255
118255
118255
118255
118255
118255
118255
118255
118255
118255
118255
118255
118255
118255
118255
118255
118255
118255
118255
118255
118255
118255
118255
118255
118255
118255
118255
118255
118255
118255
118255
118255
118255
118255
118255
118255
118255
118255
118255
118255
118255
118255
118255
118255
118255
118255
118255
118255
118255
118255
118255
118255
118255
118255
118255
118255
118255
118255
118255
118255
118255
118255
118255
118255
118255
118255
118255
118255
118255
118255
118255
118255
118255
118255
118255
118255
118255
118255
118255
118255
118255
118255
118255
118255
118255
118255
118255
118255
118255
118255
118255
118255
118255
118255
118255
118255
118255
118255
118255
118255
118255
118255
118255
118255
118255
118255
118255
118255
118255
118255
118255
118255
118255
118255
118255
118255
118255
118255
118255
118255
118255
118255
118255
118255
118255
118255
118255
118255
118255
118255
118255
118255
118255
118255
118255
118257
118265
118288
118295
118336
118347
118376
118404
118416
118416
118416
118416
118416
118416
118417
118427
118445
118474
118486
118486
118486
118486
118486
118486
118486
118486
118486
118486
118486
118486
118486
118486
118486
118486
118486
118486
118486
118486
118486
118486
118486
118486
118486
118486
118486
118486
118486
118486
118486
118486
118486
118486
118486
118486
118486
118486
118486
118486
118486
118486
118486
118486
118486
118486
118486
118486
118486
118486
118486
118486
118486
118486
118486
118486
118486
118486
118486
118486
118486
118486
118486
118486
118486
118486
118486
118486
118486
118486
118486
118486
118486
118486
118486
118486
118486
118486
118486
118486
118486
118486
118486
118486
118486
118486
118486
118486
118486
118486
118486
118486
118486
118486
118486
118486
118486
118486
118486
118486
118486
118486
118486
118486
118486
118486
118486
118486
118486
118486
118486
118486
118486
118486
118486
118486
118486
118486
118486
118486
118486
118486
118486
118486
118486
118486
118486
118486
118486
118486
118486
118486
118486
118486
118486
118486
118486
118486
118486
118486
118486
118486
118486
118486
118486
118486
118486
118486
118486
118486
118486
118486
118486
118486
118486
118486
118486
118486
118486
118486
118486
118486
118486
118486
118486
118486
118486
118486
118486
118486
118486
118486
118486
118486
118486
118486
118486
118486
118486
118486
118486
118486
118486
118486
118486
118486
118486
118486
118486
118486
118486
118486
118486
118486
118486
118486
118486
118486
118486
118486
118486
118486
118486
118486
118486
118486
118486
118486
118486
118486
118486
118486
118486
118486
118486
118486
118486
118486
118486
118486
118486
118486
118486
118486
118486
118486
118486
118486
118486
118486
118486
118486
118486
118486
118486
118486
118486
118486
118486
118486
118486
118486
118486
118486
118486
118486
118486
118486
118486
118486
118486
118486
118486
118486
118486
118486
118486
118486
118486
118486
118486
118486
118486
118486
118486
118486
118486
118486
118486
118486
118486
118486
118486
118486
118486
118486
118486
118486
118486
118486
118486
118486
118486
118486
118486
118486
118486
118486
118486
118486
118486
118486
118486
118486
118486
118486
118486
118486
118486
118486
118486
118486
118486
118486
118486
118486
118486
118486
118486
118486
118486
118486
118486
118486
118486
118486
118486
118486
118486
118486
118486
118486
118486
118486
118486
118486
118486
118486
118486
118486
118486
118486
118486
118486
118486
118486
118486
118486
118486
118486
118486
118486
118486
118486
118486
118486
118486
118486
118486
118486
118486
118486
118486
118486
118486
118486
118486
118486
118486
118486
118486
118486
118486
118486
118486
118486
118486
118486
118486
118486
118486
118486
118486
118486
118486
118486
118486
118486
118486
118486
118486
118486
118486
118486
118486
118486
118486
118486
118486
118486
118486
118486
118486
118486
118486
118486
118486
118486
118486
118486
118486
118486
118486
118486
118486
118486
118486
118486
118486
118486
118486
118486
118486
118486
118486
118486
118486
118486
118486
118486
118486
118486
118486
118486
118486
118486
118486
118486
118486
118486
118486
118486
118486
118486
118486
118486
118486
118486
118486
118486
118486
118486
118486
118486
118486
118486
118486
118486
118486
118486
118486
118486
118486
118486
118486
118486
118486
118486
118486
118486
118486
118486
118486
118486
118486
118486
118486
118486
118486
118486
118486
118486
118486
118486
118486
118486
118486
118486
118486
118486
118486
118486
118486
118486
118486
118486
118486
118486
118486
118486
118486
118486
118486
118486
118486
118486
118486
118486
118486
118486
118486
118486
118486
118486
118486
118486
118486
118486
118486
118486
118486
118486
118486
118486
118486
118486
118486
118486
118486
118486
118486
118486
118486
118486
118486
118486
118486
118486
118486
118486
118486
118486
118486
118486
118486
118486
118486
118486
118486
118486
118486
118486
118486
118486
118486
118486
118486
118486
118486
118486
118486
118486
118486
118486
118486
118486
118486
118486
118486
118486
118486
118486
118486
118486
118486
118486
118486
118486
118486
118486
118486
118486
118486
118486
118486
118486
118486
118486
118486
118486
118486
118486
118486
118486
118486
118486
118486
118486
118486
118486
118486
118486
118486
118486
118486
118486
118486
118486
118486
118486
118486
118486
118486
118486
118486
118486
118486
118486
118486
118486
118488
118496
118511
118537
118573
118619
118651
118655
118674
118747
118792
118854
118914
118956
118995
119032
119074
119135
119183
119223
119250
119270
119281
119286
119288
119289
119313
119357
119401
119422
119430
119477
119545
119580
119609
119636
119656
119682
119708
119728
119759
119790
119823
119854
119868
119873
119873
119873
119873
119873
119873
119873
119873
119873
119873
119873
119873
119873
119873
119873
119873
119873
119873
119873
119873
119873
119873
119873
119873
119873
119873
119873
119873
119873
119873
119873
119873
119873
119873
119873
119873
119873
119873
119873
119873
119873
119873
119873
119873
119873
119873
119873
119873
119873
119873
119873
119873
119873
119873
119873
119873
119873
119873
119873
119879
119926
119972
119991
119992
119992
119992
119992
119997
120000
120000
120000
120000
120000
120000
120000
120000
120000
120000
120000
120000
120000
120000
120000
120000
120000
120000
120000
120000
120000
120000
120000
120000
120000
120000
120000
120000
120000
120000
120000
120000
120000
120000
120000
120000
120000
120000
120000
120000
120000
120000
120000
120000
120000
120000
120000
120000
120000
120000
120000
120000
120000
120000
120000
120000
120000
120000
120000
120000
120000
120000
120000
120000
120000
120000
120000
120000
120000
120000
120000
120000
120000
120000
120000
120000
120000
120000
120000
120000
120000
120000
120000
120000
120000
120000
120000
120000
120000
120000
120000
120000
120000
120000
120000
120000
120000
120000
120000
120000
120000
120000
120000
120000
120000
120000
120000
120000
120000
120000
120000
120000
120000
120000
120000
120000
120000
120000
120000
120000
120000
120000
120000
120000
120000
120000
120000
120000
120000
120000
120000
120000
120000
120000
120000
120000
120000
120000
120000
120000
120000
120000
120000
120000
120000
120000
120000
120000
120000
120000
120000
120000
120000
120000
120000
120000
120000
120000
120000
120000
120000
120000
120000
120000
120000
120000
120000
120000
120000
120000
120000
120000
120000
120000
120000
120000
120000
120000
120000
120000
120000
120000
120000
120000
120000
120000
120000
120000
120000
120000
120000
120000
120000
120000
120000
120000
120000
120000
120000
120000
120000
120000
120000
120000
120000
120000
120000
120000
120000
120000
120000
120000
120000
120000
120000
120000
120000
120000
120000
120000
120000
120000
120000
120000
120000
120000
120000
120000
120000
120000
120000
120000
120000
120000
120000
120000
120000
120000
120000
120000
120000
120000
120000
120000
120000
120000
120000
120000
120000
120000
120000
120000
120000
120000
120000
120000
120000
120000
120000
120000
120000
120000
120000
120000
120000
120000
120000
120000
120000
120000
120000
120000
120000
120000
120000
120000
120000
120000
120000
120000
120000
120000
120000
120000
120000
120000
120000
120000
120000
120000
120000
120000
120000
120000
120000
120000
120000
120000
120000
120000
120000
120000
120000
120000
120000
120000
120000
120000
120000
120000
120000
120000
120000
120000
120000
120000
120000
120000
120000
120000
120000
120000
120000
120000
120000
120000
120000
120000
120000
120000
120000
120000
120000
120000
120000
120000
120000
120000
120000
120000
120000
120000
120000
120000
120000
120000
120000
120000
120000
120000
120000
120000
120000
120000
120000
120000
120000
120000
120000
120000
120000
120000
120000
120000
120000
120000
120000
120000
120000
120000
120000
120000
120000
120000
120000
120000
120000
120000
120000
120000
120000
120000
120000
120000
120000
120000
120000
120000
120000
120000
120000
120000
120000
120000
120000
120000
120000
120000
120000
120000
120000
120000
120000
120000
120000
120000
120000
120000
120000
120000
120000
120000
120000
120000
120000
120000
120000
120000
120000
120000
120000
120000
120000
120000
120000
120000
120000
120000
120000
120000
120000
120000
120000
120000
120000
120000
120000
120000
120000
120000
120000
120000
120000
120000
120000
120000
120000
120000
120000
120000
120000
120000
120000
120000
120000
120000
120000
120000
120000
120000
120000
120000
120000
120000
120000
120000
120000
120000
120000
120000
120000
120000
120000
120000
120000
120000
120000
120000
120000
120000
120000
120000
120000
120000
120000
120000
120000
120000
120000
120000
120000
120000
120000
120000
120000
120000
120000
120000
120000
120000
120000
120000
120000
120000
120000
120000
120000
120000
120000
120000
120000
120000
120000
120000
120000
120000
120000
120000
120000
120000
120000
120000
120000
120000
120000
120000
120000
120000
120000
120000
120000
120000
120000
120000
120000
120000
120000
120000
120000
120000
120000
120000
120000
120000
120000
120000
120000
120000
120000
120000
120000
120000
120000
120000
120000
120000
120000
120000
120000
120000
120000
120000
120000
120000
120000
120000
120000
120000
120000
120000
120000
120000
120000
120000
120000
120000
120000
120000
120000
120000
120000
120000
120000
120000
120000
120000
120000
120000
120000
120000
120000
120000
120000
120000
120000
120000
120000
120000
120000
120000
120000
120000
120000
120000
120000
120000
120000
120000
120000
120000
120000
120000
120000
120000
120000
120000
120000
120000
120000
120000
120000
120000
120000
120000
120000
120000
120000
120000
120000
120000
120000
120000
120000
120000
120000
120000
120000
120000
120000
120000
120000
120000
120000
120000
120000
120000
120000
120000
120000
120000
120000
120000
120000
120000
120000
120000
120000
120000
120000
120000
120000
120000
120000
120000
120000
120000
120000
120000
120000
120000
120000
120000
120000
120000
120000
120000
120000
120000
120000
120000
120000
120000
120000
120000
120000
120000
120000
120000
120000
120000
120000
120000
120000
120000
120000
120000
120000
120000
120000
120000
120000
120000
120000
120000
120000
120000
120000
120000
120000
120000
120000
120000
120000
120000
120000
120000
120000
120000
120000
120000
120000
120000
120000
120000
120000
120000
120000
120000
120000
120000
120000
120000
120000
120000
120000
120000
120000
120000
120000
120000
120000
120000
120000
120000
120000
120000
120000
120000
120000
120000
120000
120000
120000
120000
120000
120000
120000
120000
120000
120000
120000
120000
120000
120000
120000
120000
120000
120000
120000
120000
120000
120000
120000
120000
120000
120000
120000
120000
120000
120000
120000
120000
120000
120000
120000
120000
120000
120000
120000
120000
120000
120000
120000
120000
120000
120000
120000
120000
120000
120000
120000
120000
120000
120000
120000
120000
120000
120000
120000
120000
