Time needed: 1124.13 s
Distance travelled: 1789.55 m
Total rotation: 36630.2°
Objects found after: 3.93 s, 105.83 s, 146.87 s

+++ following progress ticks +++
462
531
618
679
734
792
832
890
942
1025
1121
1193
1254
1312
1369
1410
1467
1525
1584
1644
1698
1786
1860
1920
1974
2026
2122
2188
2248
2308
2365
2425
2475
2548
2637
2708
2763
2822
2880
2939
2992
3064
3152
3229
3330
3435
3537
3596
3653
3711
3757
3853
3954
4020
4080
4139
4189
4248
4306
4365
4424
4465
4536
4625
4684
4742
4807
4866
4922
4983
5042
5099
5160
5210
5296
5392
5470
5528
5587
5630
5691
5749
5807
5865
5923
5981
6039
6091
6180
6276
6360
6419
6487
6542
6598
6657
6716
6776
6834
6874
6936
6995
7051
7109
7169
7226
7286
7340
7424
7486
7585
7650
7708
7766
7825
7881
7940
8000
8057
8112
8171
8222
8271
8313
8350
8383
8451
8540
8616
8673
8719
8777
8836
8893
8949
9000
9047
9080
9107
9132
9151
9168
9182
9195
9205
9224
9268
9329
9360
9392
9421
9451
9479
9533
9613
9688
9727
9740
9751
9755
9766
9786
9798
9803
9807
9856
9917
9978
10001
10022
10039
10054
10070
10092
10148
10223
10267
10307
10336
10400
10505
10587
10649
10709
10766
10811
10892
10959
11016
11073
11122
11194
11279
11360
11417
11477
11532
11592
11652
11709
11747
11827
11923
12022
12099
12158
12214
12264
12332
12389
12450
12505
12563
12623
12682
12721
12791
12876
12935
12995
13047
13124
13187
13237
13299
13359
13411
13493
13585
13651
13687
13704
13708
13717
13717
13717
13717
13717
13718
13726
13746
13798
13834
13849
13862
13921
13989
14021
14042
14059
14068
14071
14084
14128
14178
14224
14257
14280
14296
14306
14314
14318
14319
14319
14342
14382
14391
14396
14396
14412
14447
14451
14454
14456
14485
14553
14607
14700
14787
14837
14894
14984
15047
15105
15165
15223
15285
15333
15372
15408
15443
15477
15508
15541
15578
15618
15656
15685
15708
15726
15736
15744
15748
15751
15754
15780
15801
15811
15823
15850
15928
16013
16070
16176
16255
16312
16358
16437
16509
16551
16578
16581
16581
16581
16581
16581
16581
16581
16581
16581
16581
16581
16581
16581
16581
16581
16581
16582
16585
16586
16586
16586
16586
16586
16589
16600
16625
16632
16650
16710
16762
16762
16762
16762
16762
16762
16762
16762
16762
16762
16762
16763
16793
16843
16882
16894
16903
16911
16917
16924
16930
16965
17030
17109
17156
17200
17247
17299
17344
17397
17450
17503
17558
17613
17660
17711
17761
17811
17859
17908
17954
17987
18010
18049
18093
18094
18094
18094
18094
18094
18094
18097
18107
18112
18149
18181
18248
18312
18361
18404
18405
18405
18408
18411
18411
18411
18411
18411
18411
18411
18411
18411
18411
18411
18411
18414
18424
18432
18437
18441
18451
18455
18455
18455
18455
18455
18455
18455
18455
18461
18489
18525
18558
18596
18636
18679
18719
18770
18819
18868
18914
18959
19007
19040
19054
19055
19055
19055
19055
19055
19055
19055
19055
19055
19055
19056
19059
19072
19087
19097
19102
19106
19106
19106
19106
19106
19106
19106
19114
19120
19125
19139
19148
19169
19185
19199
19203
19203
19213
19239
19239
19239
19239
19239
19239
19239
19239
19239
19239
19239
19239
19239
19239
19239
19239
19239
19239
19239
19239
19239
19239
19239
19239
19239
19239
19239
19239
19239
19239
19239
19239
19239
19239
19239
19239
19239
19239
19239
19239
19239
19239
19239
19239
19239
19239
19239
19239
19239
19239
19239
19239
19239
19239
19239
19239
19239
19239
19239
19239
19239
19239
19239
19239
19239
19239
19239
19239
19239
19239
19239
19239
19239
19239
19239
19239
19239
19239
19239
19239
19239
19239
19239
19239
19239
19239
19239
19239
19239
19239
19239
19239
19239
19239
19239
19239
19239
19239
19239
19239
19239
19239
19239
19239
19239
19239
19239
19239
19239
19239
19239
19239
19239
19239
19239
19239
19239
19239
19239
19239
19239
19239
19239
19239
19239
19239
19239
19239
19239
19239
19239
19239
19239
19239
19239
19239
19239
19239
19239
19239
19239
19239
19239
19239
19239
19239
19239
19239
19239
19239
19239
19239
19239
19239
19239
19239
19239
19239
19239
19239
19239
19239
19239
19239
19239
19239
19239
19239
19239
19239
19239
19239
19239
19239
19239
19239
19239
19239
19239
19239
19239
19241
19250
19262
19262
19262
19262
19262
19262
19262
19262
19262
19262
19262
19262
19262
19262
19262
19262
19262
19262
19262
19262
19262
19262
19262
19262
19262
19262
19262
19262
19262
19262
19262
19262
19262
19262
19262
19262
19262
19262
19262
19262
19262
19262
19262
19262
19262
19262
19262
19262
19262
19262
19262
19262
19262
19262
19262
19262
19262
19262
19262
19262
19262
19262
19262
19262
19262
19262
19262
19262
19262
19262
19262
19262
19262
19262
19262
19262
19262
19262
19262
19262
19262
19262
19262
19262
19262
19262
19262
19262
19262
19262
19262
19262
19262
19262
19262
19262
19262
19262
19262
19262
19262
19262
19262
19262
19262
19262
19262
19262
19262
19262
19262
19262
19262
19262
19262
19262
19283
19344
19426
19474
19506
19546
19576
19597
19613
19625
19633
19638
19640
19643
19676
19729
19774
19827
19856
19884
19905
19957
20044
20141
20197
20254
20311
20358
20399
20435
20461
20484
20509
20533
20559
20614
20687
20745
20791
20832
20867
20902
20937
20971
21005
21037
21071
21104
21180
21272
21333
21390
21450
21495
21563
21618
21675
21733
21790
21849
21899
21974
22058
22116
22174
22236
22294
22352
22410
22469
22528
22585
22633
22705
22765
22826
22885
22936
23023
23080
23137
23197
23257
23313
23371
23428
23485
23544
23605
23666
23721
23777
23830
23890
23951
24002
24064
24124
24181
24240
24285
24356
24414
24473
24530
24591
24642
24713
24790
24848
24892
24974
25078
25174
25254
25332
25409
25522
25617
25671
25731
25791
25851
25911
25946
26016
26074
26134
26182
26210
26223
26229
26229
26229
26229
26229
26229
26229
26229
26236
26260
26307
26349
26392
26403
26435
26510
26581
26637
26704
26767
26813
26860
26894
26953
27010
27072
27123
27179
27223
27288
27341
27389
27435
27472
27540
27633
27707
27759
27800
27838
27869
27897
27917
27929
27929
27933
27945
27949
27950
27950
27950
27950
27950
27950
27950
27950
27950
27952
27952
27952
27952
27952
27952
27952
27952
27952
27952
27952
27952
27953
27972
27996
28014
28034
28049
28071
28096
28118
28173
28265
28343
28397
28497
28571
28633
28740
28844
28902
28960
29019
29077
29135
29184
29262
29323
29383
29440
29496
29557
29615
29664
29743
29793
29855
29914
29953
30013
30056
30092
30125
30154
30167
30168
30168
30168
30177
30189
30189
30189
30194
30218
30235
30238
30280
30351
30414
30493
30582
30669
30726
30785
30842
30895
30961
31019
31084
31186
31288
31360
31418
31479
31535
31594
31632
31690
31729
31767
31798
31828
31855
31874
31897
31915
31927
31940
31949
31955
31957
31968
32005
32045
32061
32077
32095
32110
32150
32224
32316
32377
32482
32589
32644
32702
32752
32837
32895
32950
33011
33055
33114
33173
33232
33290
33350
33408
33465
33529
33609
33666
33725
33785
33842
33900
33963
34023
34076
34134
34195
34253
34312
34370
34431
34483
34543
34604
34661
34720
34773
34819
34837
34859
34904
34956
35013
35059
35106
35147
35189
35222
35253
35311
35348
35388
35422
35455
35486
35514
35538
35565
35602
35672
35760
35830
35885
35937
35990
36043
36099
36152
36199
36240
36282
36323
36361
36401
36440
36476
36517
36582
36631
36680
36731
36780
36859
36918
36979
37037
37097
37157
37215
37272
37331
37389
37449
37489
37573
37653
37708
37761
37817
37871
37901
37948
37991
38036
38079
38121
38160
38206
38252
38296
38342
38379
38418
38459
38498
38536
38572
38608
38643
38678
38701
38729
38730
38748
38783
38835
38889
38931
38974
39016
39058
39085
39123
39158
39194
39230
39263
39293
39320
39345
39371
39395
39418
39448
39477
39505
39535
39563
39591
39617
39645
39668
39697
39725
39752
39809
39891
39985
40051
40107
40167
40210
40239
40257
40276
40286
40322
40378
40441
40469
40491
40513
40531
40547
40560
40599
40655
40720
40815
40925
41001
41058
41120
41167
41263
41337
41397
41454
41513
41566
41639
41703
41763
41820
41880
41936
41995
42053
42095
42158
42216
42273
42322
42389
42463
42523
42582
42642
42700
42755
42801
42873
42949
43008
43068
43129
43186
43248
43286
43354
43446
43533
43607
43708
43782
43841
43897
43953
44012
44069
44128
44182
44239
44298
44341
44410
44469
44530
44585
44644
44702
44761
44819
44862
44942
45035
45102
45159
45213
45289
45365
45422
45478
45538
45598
45654
45697
45772
45852
45911
45969
46029
46086
46145
46197
46278
46368
46449
46553
46654
46713
46768
46871
46935
46993
47051
47107
47158
47228
47319
47423
47496
47551
47630
47697
47753
47812
47871
47930
47986
48046
48098
48178
48247
48302
48360
48409
48472
48530
48587
48646
48705
48763
48818
48864
48904
48921
48931
48946
49001
49045
49059
49070
49089
49145
49195
49215
49238
49304
49393
49472
49520
49564
49637
49743
49845
49903
49962
50004
50064
50122
50181
50239
50296
50354
50414
50467
50554
50650
50732
50777
50838
50898
50986
51088
51151
51208
51266
51307
51380
51465
51523
51582
51639
51700
51750
51830
51887
51947
52010
52060
52121
52181
52238
52286
52349
52409
52466
52522
52576
52651
52734
52792
52843
52900
52959
53018
53075
53133
53192
53248
53329
53400
53461
53519
53546
53563
53575
53584
53587
53587
53587
53587
53590
53614
53646
53648
53695
53765
53830
53867
53893
53917
53940
53973
54038
54126
54212
54323
54430
54507
54568
54625
54679
54724
54801
54885
54943
55003
55058
55119
55177
55234
55275
55345
55404
55463
55521
55569
55627
55687
55747
55803
55860
55916
55960
56019
56078
56138
56192
56265
56352
56420
56478
56538
56585
56638
56697
56758
56815
56881
56956
57013
57072
57131
57190
57247
57305
57356
57439
57525
57596
57654
57715
57774
57832
57890
57954
58028
58088
58146
58205
58274
58332
58388
58446
58508
58564
58626
58682
58723
58803
58898
58975
59023
59104
59168
59219
59226
59226
59226
59226
59226
59226
59226
59237
59260
59297
59361
59428
59499
59559
59589
59618
59638
59668
59698
59726
59753
59780
59805
59831
59854
59881
59942
60024
60109
60162
60219
60280
60339
60408
60468
60521
60560
60598
60621
60627
60627
60627
60627
60627
60627
60627
60627
60628
60628
60628
60628
60628
60643
60677
60724
60782
60840
60902
60960
61012
61077
61104
61161
61218
61277
61337
61394
61452
61510
61553
61628
61697
61756
61811
61872
61923
61981
62038
62097
62158
62214
62257
62335
62406
62462
62518
62578
62638
62695
62758
62816
62872
62905
62930
62957
62992
63022
63051
63080
63109
63138
63156
63183
63208
63231
63249
63309
63390
63456
63512
63574
63628
63684
63768
63853
63911
63971
64078
64189
64270
64330
64381
64443
64500
64578
64642
64701
64753
64818
64875
64932
64990
65042
65107
65198
65290
65352
65411
65469
65528
65584
65659
65739
65796
65852
65913
65973
66029
66088
66146
66204
66266
66323
66379
66439
66479
66543
66600
66648
66715
66775
66833
66891
66950
67011
67068
67119
67205
67283
67343
67400
67432
67463
67477
67492
67503
67511
67514
67514
67547
67572
67580
67602
67664
67687
67701
67707
67707
67707
67707
67707
67707
67708
67718
67719
67719
67719
67720
67748
67806
67853
67926
68003
68037
68073
68111
68156
68196
68225
68235
68235
68235
68235
68235
68235
68235
68235
68235
68235
68235
68235
68235
68237
68247
68273
68325
68366
68439
68517
68581
68627
68677
68728
68784
68797
68826
68886
68936
68973
69012
69070
69127
69184
69233
69314
69372
69422
69454
69525
69606
69664
69722
69779
69843
69932
69992
70050
70109
70167
70222
70254
70276
70292
70305
70314
70315
70315
70315
70315
70315
70317
70321
70324
70328
70336
70346
70349
70349
70349
70350
70350
70350
70358
70392
70441
70498
70545
70594
70646
70686
70723
70757
70783
70798
70804
70805
70805
70805
70805
70805
70805
70808
70810
70813
70814
70815
70816
70819
70833
70838
70843
70846
70846
70846
70846
70846
70846
70846
70846
70846
70846
70846
70846
70846
70846
70846
70846
70846
70846
70846
70846
70846
70846
70846
70846
70846
70846
70846
70846
70846
70846
70846
70846
70846
70846
70846
70846
70846
70846
70846
70846
70846
70846
70846
70846
70846
70846
70846
70846
70846
70846
70846
70846
70846
70846
70846
70846
70846
70846
70846
70846
70846
70846
70846
70846
70846
70846
70846
70846
70846
70846
70846
70846
70846
70846
70846
70846
70846
70846
70846
70846
70846
70846
70846
70847
70847
70847
70847
70847
70847
70847
70847
70847
70847
70847
70847
70847
70847
70847
70847
70847
70847
70847
70847
70847
70847
70847
70847
70847
70847
70847
70853
70853
70853
70853
70853
70853
70853
70855
70886
70936
70987
71008
71014
71019
71023
71026
71030
71035
71064
71121
71160
71195
71233
71274
71316
71359
71412
71454
71489
71513
71532
71543
71544
71544
71544
71544
71556
71592
71634
71689
71721
71785
71835
71914
71970
72013
72053
72093
72131
72168
72195
72214
72238
72289
72350
72388
72426
72461
72492
72517
72534
72575
72609
72619
72619
72619
72619
72619
72619
72619
72619
72619
72635
72680
72741
72794
72808
72822
72834
72848
72875
72936
73018
73079
73128
73175
73224
73273
73321
73367
73416
73466
73508
73549
73588
73623
73676
73724
73773
73819
73866
73904
73944
73985
74029
74075
74125
74187
74275
74368
74441
74494
74552
74612
74670
74716
74794
74886
74938
74959
74967
74968
74968
74968
74968
74968
74968
74968
74969
74979
74984
74985
74987
74987
74987
74987
74987
74993
75038
75090
75145
75179
75213
75243
75265
75290
75332
75360
75383
75405
75419
75426
75438
75451
75462
75470
75474
75474
75492
75530
75544
75551
75561
75570
75578
75615
75660
75690
75719
75750
75781
75812
75839
75895
75938
75985
76038
76093
76153
76198
76244
76268
76293
76330
76352
76368
76383
76392
76397
76411
76454
76485
76508
76525
76545
76562
76576
76582
76585
76586
76586
76586
76586
76586
76586
76586
76586
76586
76586
76586
76586
76586
76586
76586
76586
76586
76586
76586
76586
76586
76586
76586
76586
76586
76586
76586
76592
76603
76618
76634
76653
76668
76678
76689
76702
76715
76731
76747
76754
76754
76754
76754
76754
76754
76754
76754
76754
76754
76754
76754
76754
76754
76754
76754
76754
76754
76754
76754
76754
76754
76754
76754
76754
76754
76754
76754
76754
76754
76754
76754
76754
76754
76754
76754
76754
76754
76754
76754
76754
76754
76754
76754
76754
76754
76754
76754
76754
76754
76754
76754
76754
76754
76754
76754
76754
76754
76754
76754
76754
76754
76754
76754
76754
76754
76754
76754
76754
76754
76754
76754
76754
76754
76754
76754
76754
76754
76754
76754
76754
76754
76754
76754
76754
76754
76754
76754
76754
76754
76754
76754
76754
76754
76754
76754
76754
76754
76754
76754
76754
76754
76754
76754
76754
76754
76754
76754
76754
76754
76754
76754
76754
76754
76754
76754
76754
76754
76754
76754
76754
76754
76754
76754
76754
76754
76754
76754
76754
76754
76754
76754
76754
76754
76754
76754
76754
76754
76754
76754
76754
76754
76754
76754
76754
76754
76754
76754
76754
76754
76754
76754
76754
76754
76754
76754
76754
76754
76754
76754
76754
76754
76754
76754
76754
76754
76754
76755
76760
76760
76760
76760
76760
76760
76760
76760
76760
76760
76760
76760
76760
76760
76760
76760
76760
76760
76760
76760
76760
76760
76760
76760
76760
76760
76760
76760
76763
76767
76767
76767
76767
76767
76767
76767
76767
76767
76767
76767
76767
76767
76767
76767
76767
76767
76767
76767
76767
76767
76767
76767
76767
76767
76767
76767
76767
76767
76767
76767
76767
76767
76767
76767
76767
76767
76767
76767
76767
76767
76767
76767
76767
76767
76767
76767
76767
76767
76767
76767
76767
76767
76767
76767
76767
76767
76767
76767
76767
76767
76767
76767
76767
76767
76767
76767
76767
76767
76767
76767
76767
76767
76767
76767
76767
76767
76767
76767
76767
76767
76767
76767
76767
76767
76767
76767
76767
76767
76767
76767
76767
76767
76767
76767
76767
76767
76767
76767
76767
76767
76767
76767
76767
76767
76767
76767
76767
76767
76767
76767
76767
76767
76767
76767
76767
76767
76767
76767
76767
76767
76767
76767
76767
76767
76767
76767
76767
76767
76767
76767
76767
76767
76767
76767
76767
76767
76767
76767
76767
76768
76777
76786
76797
76805
76820
76834
76836
76838
76847
76858
76866
76871
76873
76877
76882
76884
76888
76890
76890
76890
76890
76890
76890
76890
76890
76890
76890
76890
76890
76890
76890
76890
76901
76934
76981
77030
77076
77125
77170
77257
77339
77411
77463
77523
77582
77639
77698
77730
77739
77741
77741
77741
77741
77741
77752
77752
77758
77782
77797
77797
77805
77829
77833
77843
77892
77959
78011
78026
78044
78050
78075
78111
78138
78138
78138
78138
78138
78138
78138
78138
78138
78138
78138
78138
78138
78142
78157
78177
78194
78230
78251
78257
78257
78257
78262
78272
78286
78318
78333
78348
78385
78416
78446
78450
78450
78450
78450
78450
78450
78450
78450
78450
78450
78450
78450
78450
78450
78450
78450
78450
78450
78450
78450
78450
78450
78450
78450
78450
78450
78450
78450
78450
78450
78450
78450
78450
78450
78450
78450
78450
78450
78450
78450
78450
78450
78450
78450
78450
78450
78450
78450
78450
78450
78450
78450
78450
78450
78450
78450
78450
78450
78450
78450
78450
78450
78450
78450
78450
78450
78450
78450
78450
78450
78450
78450
78450
78450
78450
78450
78450
78450
78450
78450
78450
78450
78450
78450
78450
78450
78450
78450
78452
78460
78471
78483
78483
78483
78488
78498
78503
78503
78509
78517
78523
78526
78527
78527
78527
78527
78527
78527
78527
78527
78527
78527
78527
78527
78527
78527
78527
78527
78527
78527
78527
78527
78527
78527
78527
78527
78527
78527
78527
78527
78527
78527
78527
78527
78527
78527
78527
78527
78527
78527
78527
78527
78527
78527
78527
78527
78527
78527
78527
78527
78527
78527
78527
78527
78527
78527
78527
78527
78527
78527
78527
78527
78527
78527
78527
78527
78527
78527
78527
78527
78527
78527
78527
78527
78527
78527
78527
78527
78527
78527
78527
78527
78527
78527
78527
78527
78527
78527
78527
78527
78527
78527
78527
78527
78527
78527
78527
78527
78527
78528
78531
78535
78538
78539
78539
78539
78539
78539
78539
78539
78539
78539
78539
78539
78539
78539
78539
78539
78539
78539
78539
78539
78539
78544
78561
78586
78614
78645
78667
78730
78802
78851
78884
78911
78938
78962
78990
79019
79048
79077
79104
79137
79198
79236
79278
79321
79364
79406
79433
79488
79543
79576
79600
79652
79734
79814
79851
79877
79909
79938
79964
79987
80014
80049
80059
80068
80072
80074
80074
80082
80108
80141
80141
80141
80141
80141
80141
80141
80141
80141
80141
80141
80146
80163
80184
80206
80222
80233
80256
80274
80286
80303
80319
80327
80350
80398
80412
80419
80425
80431
80431
80431
80431
80431
80431
80431
80431
80431
80431
80431
80431
80431
80431
80431
80431
80431
80431
80431
80431
80431
80431
80431
80431
80431
80431
80431
80431
80431
80431
80431
80431
80431
80431
80431
80431
80431
80431
80431
80431
80431
80431
80431
80431
80431
80431
80431
80431
80431
80431
80431
80431
80431
80431
80431
80431
80431
80431
80431
80431
80431
80431
80431
80431
80431
80431
80431
80431
80431
80431
80431
80431
80431
80431
80431
80431
80431
80431
80431
80431
80431
80431
80431
80431
80431
80431
80431
80431
80431
80431
80431
80431
80431
80431
80431
80431
80431
80431
80431
80431
80431
80431
80431
80431
80431
80431
80431
80431
80431
80431
80431
80431
80431
80431
80431
80431
80431
80431
80431
80431
80431
80431
80431
80431
80431
80431
80431
80431
80431
80431
80431
80431
80431
80431
80431
80431
80431
80431
80431
80431
80431
80431
80431
80431
80431
80431
80431
80431
80431
80431
80431
80431
80431
80431
80431
80431
80431
80431
80431
80431
80431
80431
80431
80431
80431
80431
80431
80431
80431
80431
80431
80431
80431
80431
80431
80431
80431
80431
80431
80431
80431
80431
80431
80431
80431
80431
80431
80431
80431
80431
80431
80431
80431
80431
80431
80431
80431
80431
80431
80431
80431
80431
80431
80431
80431
80431
80431
80435
80452
80476
80491
80491
80491
80491
80496
80502
80505
80505
80505
80505
80505
80505
80505
80505
80505
80505
80505
80505
80505
80505
80505
80505
80505
80505
80505
80505
80505
80505
80505
80505
80505
80505
80505
80505
80505
80505
80505
80505
80505
80505
80505
80505
80505
80505
80505
80505
80505
80505
80505
80505
80505
80505
80505
80505
80505
80505
80505
80505
80505
80505
80505
80505
80505
80505
80505
80505
80505
80505
80505
80505
80505
80505
80505
80505
80505
80505
80505
80505
80505
80505
80505
80505
80505
80505
80505
80505
80505
80505
80505
80505
80505
80505
80505
80505
80505
80505
80505
80505
80505
80505
80505
80505
80505
80505
80505
80505
80505
80505
80505
80505
80505
80505
80505
80505
80505
80505
80505
80505
80505
80505
80505
80505
80505
80505
80505
80505
80505
80505
80505
80505
80505
80505
80505
80505
80505
80505
80505
80505
80505
80505
80505
80505
80505
80505
80505
80505
80505
80505
80505
80505
80505
80505
80505
80505
80505
80505
80505
80505
80505
80505
80505
80505
80505
80505
80505
80505
80505
80505
80505
80505
80505
80505
80505
80505
80505
80505
80505
80505
80505
80505
80505
80505
80505
80505
80505
80505
80505
80505
80505
80505
80505
80505
80505
80505
80505
80505
80505
80505
80505
80505
80505
80505
80505
80505
80505
80505
80505
80505
80505
80505
80505
80505
80505
80505
80505
80505
80505
80505
80513
80537
80578
80634
80693
80752
80807
80875
80918
80955
80992
81035
81106
81181
81226
81270
81307
81332
81361
81380
81389
81389
81397
81403
81403
81403
81403
81408
81417
81455
81524
81578
81595
81595
81595
81601
81619
81632
81641
81650
81659
81671
81678
81684
81693
81727
81764
81791
81818
81841
81864
81886
81898
81917
81937
81959
81985
82019
82059
82100
82139
82175
82188
82188
82188
82188
82188
82188
82188
82188
82188
82188
82188
82188
82188
82188
82188
82188
82188
82188
82188
82188
82188
82188
82189
82190
82190
82190
82190
82190
82190
82190
82194
82207
82230
82250
82266
82281
82290
82295
82295
82295
82295
82295
82295
82295
82295
82295
82295
82295
82295
82295
82295
82295
82295
82295
82295
82295
82295
82295
82295
82295
82295
82295
82295
82295
82295
82295
82295
82295
82295
82295
82295
82295
82295
82295
82295
82295
82295
82295
82295
82295
82295
82295
82295
82295
82295
82295
82295
82295
82295
82295
82295
82295
82295
82295
82295
82295
82295
82295
82295
82295
82295
82295
82295
82295
82295
82295
82295
82295
82295
82295
82295
82295
82295
82295
82295
82295
82295
82295
82295
82295
82295
82295
82295
82295
82295
82295
82295
82295
82295
82295
82295
82295
82295
82295
82295
82295
82295
82295
82295
82295
82295
82295
82295
82295
82295
82295
82295
82295
82295
82295
82295
82295
82295
82295
82295
82295
82295
82295
82295
82295
82295
82295
82295
82295
82295
82295
82295
82295
82295
82295
82295
82295
82295
82295
82295
82295
82295
82295
82296
82296
82296
82296
82296
82296
82296
82296
82296
82296
82296
82296
82296
82296
82296
82296
82296
82296
82296
82296
82296
82296
82296
82296
82296
82296
82296
82296
82296
82296
82296
82296
82296
82296
82296
82296
82296
82296
82296
82296
82296
82296
82296
82296
82296
82296
82296
82296
82296
82296
82296
82296
82296
82296
82296
82296
82296
82296
82296
82296
82296
82296
82296
82296
82296
82296
82296
82296
82296
82296
82296
82296
82296
82296
82296
82296
82296
82296
82296
82296
82308
82331
82352
82371
82391
82406
82406
82409
82411
82411
82411
82411
82411
82411
82411
82411
82411
82411
82411
82411
82413
82419
82437
82472
82503
82548
82551
82570
82596
82619
82641
82661
82680
82700
82718
82742
82806
82878
82929
82983
83017
83049
83125
83194
83237
83275
83301
83301
83301
83301
83301
83301
83301
83303
83306
83318
83347
83371
83396
83410
83417
83417
83417
83417
83417
83417
83422
83439
83448
83448
83452
83458
83466
83475
83496
83498
83498
83498
83498
83498
83498
83498
83498
83498
83498
83498
83498
83498
83498
83498
83498
83498
83498
83498
83498
83498
83498
83498
83498
83498
83498
83498
83498
83498
83498
83498
83498
83498
83498
83498
83498
83498
83498
83498
83498
83498
83498
83498
83498
83498
83498
83498
83498
83498
83498
83498
83498
83498
83498
83498
83498
83498
83498
83498
83498
83498
83498
83498
83498
83498
83498
83498
83498
83498
83498
83498
83498
83498
83498
83498
83498
83498
83498
83498
83498
83498
83498
83498
83498
83498
83498
83498
83498
83498
83498
83498
83498
83498
83498
83498
83498
83498
83498
83498
83498
83498
83498
83498
83498
83498
83498
83498
83498
83498
83498
83498
83498
83498
83498
83498
83498
83498
83498
83498
83498
83498
83498
83498
83498
83498
83498
83498
83498
83498
83498
83498
83498
83498
83498
83498
83498
83498
83498
83498
83498
83498
83498
83498
83498
83498
83498
83498
83498
83498
83498
83498
83498
83498
83498
83498
83498
83498
83498
83498
83498
83498
83498
83498
83498
83498
83498
83498
83498
83498
83498
83498
83498
83498
83498
83498
83498
83498
83498
83498
83498
83498
83498
83498
83498
83498
83498
83498
83498
83498
83498
83498
83498
83498
83498
83498
83498
83498
83498
83498
83498
83498
83498
83498
83498
83498
83498
83498
83498
83498
83498
83498
83498
83498
83498
83498
83498
83498
83498
83498
83498
83498
83498
83498
83498
83498
83498
83498
83498
83498
83498
83498
83498
83498
83498
83498
83498
83498
83498
83498
83498
83498
83498
83498
83498
83498
83498
83498
83498
83498
83498
83498
83498
83498
83498
83498
83498
83498
83498
83498
83498
83498
83498
83498
83498
83498
83498
83498
83498
83498
83498
83498
83498
83498
83498
83498
83498
83498
83498
83498
83498
83498
83498
83498
83498
83498
83498
83498
83498
83498
83498
83498
83498
83498
83498
83498
83498
83498
83498
83498
83498
83498
83498
83498
83498
83498
83498
83498
83498
83498
83498
83498
83498
83498
83498
83498
83498
83498
83498
83498
83498
83498
83498
83498
83498
83498
83498
83498
83498
83498
83498
83498
83498
83498
83498
83498
83498
83498
83498
83498
83498
83498
83498
83498
83498
83498
83498
83498
83498
83498
83498
83498
83498
83498
83498
83498
83498
83498
83498
83498
83498
83498
83498
83498
83498
83498
83498
83498
83498
83498
83498
83498
83498
83498
83498
83498
83498
83498
83498
83498
83498
83498
83498
83498
83498
83498
83498
83498
83498
83498
83498
83498
83498
83498
83498
83498
83498
83498
83498
83498
83498
83498
83498
83498
83498
83498
83498
83498
83498
83498
83498
83498
83498
83498
83498
83498
83498
83498
83498
83498
83498
83498
83498
83498
83498
83498
83498
83498
83498
83498
83498
83498
83498
83498
83498
83498
83498
83498
83498
83498
83498
83498
83498
83498
83498
83498
83498
83498
83498
83498
83512
83544
83587
83635
83688
83744
83802
83861
83922
83977
84036
84095
84151
84194
84267
84325
84383
84441
84498
84552
84619
84681
84737
84792
84848
84901
84958
84996
85005
85005
85005
85005
85005
85005
85005
85019
85055
85115
85175
85224
85262
85288
85311
85332
85350
85360
85365
85368
85374
85379
85380
85403
85450
85506
85542
85607
85662
85758
85845
85900
85958
86018
86076
86133
86188
86220
86266
86298
86323
86349
86373
86394
86414
86426
86467
86520
86604
86706
86772
86829
86887
86948
87013
87096
87158
87205
87246
87286
87324
87356
87425
87513
87574
87632
87692
87749
87806
87857
87908
87984
88047
88108
88165
88224
88281
88343
88393
88465
88551
88644
88702
88800
88867
88940
89055
89129
89176
89289
89396
89475
89531
89582
89642
89701
89755
89814
89875
89935
89979
90058
90131
90188
90246
90304
90363
90422
90472
90554
90645
90710
90766
90822
90875
90910
90922
90922
90922
90922
90922
90922
90922
90922
90922
90922
90922
90922
90922
90922
90922
90922
90922
90922
90922
90922
90922
90922
90922
90922
90922
90922
90922
90922
90922
90922
90922
90922
90925
90950
90997
91063
91133
91169
91203
91230
91308
91404
91456
91508
91551
91593
91633
91670
91704
91733
91769
91806
91845
91886
91926
91959
91990
92013
92063
92133
92173
92212
92251
92289
92329
92358
92381
92398
92411
92426
92441
92456
92470
92510
92541
92541
92541
92541
92541
92541
92541
92541
92541
92541
92541
92547
92575
92634
92679
92755
92832
92861
92869
92872
92872
92872
92872
92872
92872
92872
92872
92872
92872
92872
92872
92872
92872
92872
92872
92872
92872
92872
92872
92872
92872
92872
92872
92872
92872
92872
92872
92872
92872
92872
92872
92872
92872
92872
92872
92888
92931
92977
93025
93074
93125
93171
93217
93233
93244
93252
93252
93267
93283
93297
93308
93330
93386
93443
93478
93510
93541
93578
93617
93645
93671
93707
93739
93769
93800
93831
93863
93884
93916
93945
93965
93982
93996
94011
94022
94028
94035
94040
94043
94048
94071
94132
94190
94233
94240
94246
94250
94258
94302
94366
94427
94462
94498
94531
94558
94591
94630
94666
94687
94718
94744
94761
94761
94761
94761
94761
94761
94761
94761
94761
94761
94762
94777
94843
94900
94964
94992
95022
95052
95082
95099
95109
95136
95175
95216
95275
95330
95345
95350
95350
95350
95350
95350
95350
95350
95350
95350
95350
95350
95350
95350
95350
95350
95350
95350
95350
95350
95350
95350
95350
95350
95350
95350
95350
95350
95350
95358
95371
95393
95441
95489
95524
95547
95547
95547
95547
95547
95547
95547
95547
95565
95610
95683
95746
95792
95801
95801
95801
95801
95801
95801
95801
95801
95801
95801
95801
95801
95801
95801
95801
95801
95801
95801
95801
95801
95801
95801
95801
95801
95801
95801
95801
95801
95801
95801
95801
95801
95801
95801
95801
95801
95801
95801
95801
95801
95801
95801
95801
95801
95801
95801
95801
95801
95801
95801
95801
95801
95801
95801
95801
95801
95801
95801
95801
95801
95801
95801
95801
95801
95801
95801
95801
95801
95801
95801
95801
95801
95801
95801
95801
95801
95801
95801
95801
95801
95801
95801
95801
95801
95801
95801
95801
95801
95801
95801
95801
95801
95801
95801
95801
95801
95801
95801
95801
95801
95801
95801
95801
95801
95801
95801
95801
95801
95801
95801
95801
95801
95801
95801
95801
95801
95801
95801
95801
95801
95801
95801
95801
95801
95801
95801
95801
95801
95801
95801
95801
95801
95801
95801
95801
95801
95801
95801
95801
95801
95801
95801
95801
95801
95801
95801
95801
95801
95801
95801
95801
95801
95801
95801
95801
95801
95801
95801
95801
95801
95801
95801
95801
95801
95801
95801
95801
95801
95801
95801
95801
95801
95801
95801
95801
95801
95801
95801
95801
95801
95801
95801
95801
95801
95801
95801
95801
95801
95801
95801
95801
95801
95801
95801
95801
95801
95801
95801
95820
95843
95875
95915
95959
95999
96045
96097
96144
96196
96254
96312
96371
96431
96488
96538
96598
96656
96715
96773
96824
96872
96925
96980
97046
97104
97162
97220
97278
97332
97366
97392
97406
97409
97410
97411
97411
97411
97411
97411
97411
97411
97411
97411
97411
97411
97411
97413
97426
97446
97473
97507
97537
97558
97604
97650
97683
97712
97740
97764
97783
97800
97810
97816
97818
97827
97862
97912
97932
97944
97952
97958
97972
98026
98083
98169
98267
98365
98443
98554
98658
98722
98803
98860
98894
98926
98951
99006
99060
99108
99158
99206
99250
99321
99411
99485
99543
99600
99658
99717
99775
99827
99913
99970
100030
100088
100142
100200
100256
100309
100363
100418
100455
100494
100526
100551
100578
100602
100630
100659
100681
100730
100791
100825
100855
100884
100915
100943
100966
100980
100997
101009
101011
101011
101011
101011
101011
101011
101011
101011
101011
101011
101011
101011
101011
101011
101011
101011
101013
101024
101053
101093
101150
101208
101244
101261
101281
101307
101341
101372
101405
101441
101474
101513
101553
101592
101632
101679
101734
101781
101839
101894
101951
102012
102066
102123
102176
102260
102345
102397
102445
102490
102520
102558
102584
102607
102627
102648
102670
102722
102788
102834
102847
102852
102852
102852
102852
102852
102852
102852
102852
102852
102852
102852
102852
102852
102852
102852
102852
102852
102852
102852
102852
102861
102884
102925
102960
103015
103058
103074
103092
103113
103157
103158
103158
103158
103158
103158
103158
103158
103158
103158
103158
103158
103158
103162
103197
103254
103313
103362
103392
103407
103426
103454
103474
103474
103474
103474
103474
103474
103474
103474
103474
103474
103474
103474
103474
103476
103495
103526
103548
103573
103574
103575
103575
103575
103575
103575
103575
103575
103575
103575
103575
103575
103575
103584
103621
103670
103717
103770
103830
103887
103932
103995
104049
104105
104165
104224
104283
104341
104397
104456
104503
104577
104661
104721
104782
104837
104896
104948
105032
105116
105174
105234
105287
105327
105362
105389
105446
105512
105582
105621
105658
105690
105716
105728
105745
105751
105751
105751
105755
105760
105776
105824
105883
105949
106016
106083
106181
106282
106374
106425
106468
106504
106532
106560
106592
106626
106661
106687
106757
106847
106937
107029
107088
107137
107165
107182
107197
107213
107223
107229
107254
107294
107305
107313
107315
107316
107336
107354
107356
107366
107398
107425
107425
107425
107425
107441
107470
107521
107563
107568
107570
107582
107636
107704
107723
107741
107757
107821
107884
107943
108001
108022
108026
108026
108026
108026
108026
108026
108026
108026
108026
108026
108026
108026
108026
108026
108026
108026
108026
108026
108026
108026
108026
108026
108026
108026
108026
108026
108026
108026
108026
108026
108026
108026
108026
108026
108026
108026
108026
108026
108026
108026
108026
108026
108026
108026
108026
108026
108026
108026
108026
108026
108026
108026
108026
108026
108026
108030
108036
108047
108060
108069
108069
108069
108069
108069
108069
108069
108072
108088
108110
108132
108144
108163
108190
108229
108282
108307
108307
108307
108307
108307
108307
108307
108307
108307
108307
108307
108307
108307
108307
108307
108307
108307
108307
108307
108307
108307
108307
108307
108307
108307
108307
108307
108307
108311
108331
108357
108361
108361
108361
108370
108370
108370
108370
108370
108370
108370
108370
108370
108370
108370
108370
108370
108370
108373
108385
108392
108399
108409
108418
108418
108418
108418
108418
108418
108421
108426
108428
108429
108430
108430
108430
108442
108465
108475
108475
108475
108475
108475
108475
108475
108475
108475
108475
108477
108480
108481
108481
108481
108481
108481
108481
108481
108481
108481
108481
108481
108481
108481
108481
108481
108481
108481
108481
108481
108481
108481
108481
108481
108481
108481
108481
108481
108481
108481
108481
108481
108481
108481
108481
108481
108481
108481
108481
108481
108490
108517
108545
108578
108603
108605
108605
108605
108605
108605
108609
108637
108643
108644
108645
108673
108728
108793
108839
108868
108900
108934
108966
109001
109033
109064
109095
109159
109242
109314
109357
109392
109417
109435
109443
109444
109444
109444
109444
109444
109444
109444
109444
109444
109444
109444
109444
109444
109444
109444
109444
109444
109444
109444
109444
109444
109444
109444
109444
109444
109444
109444
109444
109453
109491
109542
109592
109647
109681
109718
109753
109778
109786
109787
109798
109817
109830
109830
109830
109830
109830
109830
109830
109830
109830
109830
109830
109836
109849
109892
109927
109945
109949
109949
109949
109949
109949
109949
109949
109949
109949
109949
109951
109962
109979
109979
109979
109979
109979
109979
109979
109979
109979
109979
109979
109979
109979
109979
109979
109979
109979
109979
109981
109983
109983
109983
109983
109983
109983
109983
109983
109983
109983
109983
109983
109983
109983
109983
109983
109983
109983
109983
109983
109983
109983
109983
109983
109983
109983
109983
109983
109983
109983
109983
109983
109983
109983
109983
109983
109983
109983
109983
109983
109983
109983
109983
109983
109983
109983
109983
109983
109983
109983
109983
109983
109983
109983
109983
109983
109983
109983
109983
109983
109983
109983
109983
109983
109983
109983
109983
109983
109983
109983
109983
109983
109983
109983
109983
109983
109983
109983
109983
109983
109983
109983
109983
109983
109983
109983
109983
109983
109983
109983
109983
109983
109983
109983
109983
109983
109983
109983
109983
109983
109983
109983
109983
109983
109983
109983
109983
109983
109983
109983
109983
109983
109983
109983
109983
109983
109983
109983
109983
109983
109983
109983
109983
109983
109983
109983
109983
109983
109983
109983
109983
109983
109983
109983
109983
109983
109983
109983
109983
109983
109983
109983
109983
109983
109983
109983
109983
109983
109983
109983
109983
109983
109983
109983
109983
109983
109983
109983
109983
109983
109983
109983
109983
109983
109983
109983
109983
109983
109983
109983
109983
109983
109983
109983
109983
109983
109983
109983
109983
109983
109983
109983
109983
109983
109983
109983
109983
109983
109983
109983
109983
109983
109983
109983
109983
109983
109983
109983
109983
109983
109983
109983
109983
109983
109983
109983
109983
109983
109983
109983
109983
109983
109983
109983
109983
109983
109983
109983
109983
109983
109983
109983
109983
109983
109983
109983
109983
109983
109983
109983
109983
109983
109983
109983
109983
109983
109983
109983
109983
109983
109983
109983
109983
109983
109983
109983
109983
109983
109983
109983
109983
109983
109983
109983
109983
109983
109983
109983
109983
109983
109983
109983
109983
109983
109983
109983
109983
109983
109983
109983
109983
109983
109983
109983
109983
109983
109983
109983
109983
109983
109983
109983
109983
109983
109983
109983
109983
109983
109983
109983
109983
109983
109983
109983
109983
109983
109983
109983
109983
109983
109983
109983
109983
109983
109983
109983
109983
109983
109983
109983
109983
109983
109983
109983
109983
109983
109983
109983
109983
109983
109983
109983
109983
109983
109983
109983
109983
109983
109983
109983
109983
109983
109983
109983
109983
109983
109983
109983
109983
109983
109983
109983
109983
109983
109983
109983
109983
109983
109983
109983
109983
109983
109983
109983
109983
109983
109983
109983
109983
109983
109983
109983
109983
109983
109983
109983
109983
109983
109983
109983
109983
109983
109983
109983
109983
109983
109983
109983
109983
109983
109983
109983
109983
109983
109983
109983
109983
109983
109983
109983
109983
109983
109983
109983
109983
109983
109983
109983
109983
109983
109983
109983
109983
109986
109994
110003
110011
110014
110014
110014
110014
110014
110014
110014
110014
110014
110014
110014
110014
110014
110014
110014
110014
110014
110014
110014
110014
110014
110014
110014
110014
110014
110014
110014
110014
110014
110014
110014
110014
110014
110014
110014
110014
110014
110014
110014
110014
110014
110014
110014
110014
110014
110014
110014
110014
110014
110014
110014
110014
110014
110014
110014
110014
110014
110014
110014
110014
110014
110014
110014
110014
110014
110014
110014
110014
110014
110014
110014
110014
110014
110014
110014
110014
110014
110014
110014
110014
110014
110014
110014
110014
110014
110014
110014
110014
110014
110014
110014
110014
110014
110014
110014
110014
110014
110014
110014
110014
110014
110014
110014
110014
110014
110014
110014
110014
110014
110014
110014
110014
110014
110014
110014
110014
110014
110014
110014
110014
110014
110014
110014
110014
110014
110014
110014
110014
110014
110014
110014
110014
110014
110014
110014
110014
110014
110014
110014
110014
110014
110014
110014
110014
110014
110014
110014
110014
110014
110014
110014
110014
110014
110014
110014
110014
110014
110014
110014
110014
110014
110014
110014
110014
110014
110014
110014
110014
110014
110014
110014
110014
110014
110014
110014
110014
110014
110014
110014
110014
110014
110014
110014
110014
110014
110014
110014
110014
110014
110014
110014
110014
110014
110014
110014
110014
110014
110014
110014
110014
110014
110014
110014
110014
110014
110014
110014
110014
110014
110014
110014
110014
110014
110014
110014
110014
110014
110014
110014
110015
110020
110029
110038
110043
110043
110043
110043
110043
110043
110043
110052
110053
110053
110053
110053
110053
110053
110053
110053
110053
110053
110053
110053
110053
110053
110053
110053
110053
110053
110053
110053
110053
110053
110053
110053
110053
110053
110053
110053
110053
110053
110053
110053
110053
110053
110053
110053
110053
110053
110053
110053
110053
110053
110053
110053
110053
110053
110053
110053
110053
110053
110053
110053
110053
110053
110053
110053
110053
110053
110053
110053
110053
110053
110053
110053
110053
110053
110053
110053
110053
110053
110053
110053
110053
110053
110053
110053
110053
110053
110053
110053
110053
110053
110053
110053
110053
110053
110053
110053
110053
110053
110053
110053
110053
110053
110053
110053
110053
110053
110053
110053
110053
110053
110053
110053
110053
110053
110053
110053
110053
110053
110053
110053
110053
110053
110053
110053
110054
110058
110063
110064
110064
110064
110064
110064
110064
110064
110064
110064
110064
110064
110064
110064
110064
110064
110064
110064
110064
110064
110064
110064
110064
110064
110064
110064
110064
110064
110064
110064
110064
110064
110064
110064
110064
110064
110064
110064
110064
110064
110064
110064
110064
110064
110064
110064
110064
110064
110064
110064
110064
110064
110064
110064
110064
110064
110064
110064
110064
110064
110064
110064
110064
110064
110071
110078
110078
110078
110078
110078
110078
110078
110078
110078
110078
110078
110078
110078
110078
110078
110078
110078
110078
110078
110078
110078
110078
110078
110078
110078
110078
110078
110078
110078
110078
110078
110078
110078
110078
110078
110078
110078
110078
110078
110078
110078
110078
110078
110078
110078
110078
110078
110078
110078
110078
110078
110078
110078
110078
110078
110078
110078
110078
110078
110078
110078
110078
110078
110078
110078
110078
110078
110078
110078
110078
110078
110078
110078
110078
110078
110078
110078
110078
110078
110078
110078
110078
110078
110078
110078
110078
110078
110078
110078
110078
110078
110078
110078
110078
110078
110078
110078
110078
110078
110078
110078
110078
110078
110078
110078
110078
110078
110078
110078
110078
110078
110078
110078
110078
110078
110078
110078
110078
110078
110078
110078
110078
110078
110078
110078
110078
110078
110078
110078
110078
110078
110078
110078
110078
110078
110078
110078
110078
110078
110078
110078
110078
110078
110078
110078
110078
110078
110078
110078
110078
110078
110078
110078
110078
110078
110078
110078
110078
110078
110078
110078
110078
110078
110078
110078
110078
110078
110078
110078
110078
110078
110078
110078
110078
110078
110078
110078
110078
110078
110078
110078
110078
110078
110078
110078
110078
110078
110078
110078
110078
110078
110078
110078
110078
110078
110078
110078
110078
110078
110078
110078
110078
110085
110098
110110
110111
110111
110111
110111
110111
110111
110111
110111
110111
110111
110111
110111
110111
110111
110111
110111
110111
110111
110111
110111
110111
110111
110111
110111
110115
110127
110140
110154
110173
110187
110187
110190
110198
110203
110206
110217
110220
110220
110220
110220
110220
110220
110220
110220
110220
110220
110220
110220
110220
110220
110220
110220
110220
110220
110220
110220
110220
110220
110220
110220
110220
110220
110220
110220
110220
110220
110220
110220
110220
110220
110220
110220
110220
110220
110220
110220
110220
110220
110220
110220
110220
110220
110220
110220
110220
110220
110220
110220
110220
110220
110220
110220
110220
110220
110220
110220
110220
110220
110220
110220
110220
110220
110220
110220
110220
110220
110220
110220
110220
110220
110220
110220
110220
110220
110220
110220
110220
110220
110220
110220
110220
110220
110220
110220
110220
110220
110220
110220
110220
110220
110220
110220
110220
110220
110220
110220
110220
110220
110220
110220
110220
110220
110220
110220
110220
110220
110220
110220
110220
110220
110220
110220
110220
110220
110220
110220
110220
110220
110220
110220
110220
110220
110220
110220
110220
110220
110221
110226
110226
110231
110239
110249
110261
110268
110269
110269
110269
110269
110269
110269
110269
110269
110269
110269
110269
110269
110269
110269
110269
110269
110269
110269
110269
110269
110269
110269
110269
110269
110269
110269
110269
110269
110269
110269
110269
110269
110269
110269
110269
110269
110269
110269
110269
110269
110269
110269
110269
110269
110269
110269
110269
110269
110269
110269
110269
110269
110269
110269
110269
110269
110269
110269
110269
110269
110269
110269
110269
110269
110269
110269
110269
110269
110269
110269
110269
110269
110269
110269
110269
110269
110269
110269
110269
110269
110269
110269
110269
110269
110269
110269
110269
110269
110269
110269
110269
110269
110269
110269
110269
110269
110269
110269
110269
110269
110269
110269
110269
110269
110269
110269
110269
110269
110269
110269
110269
110269
110269
110269
110269
110269
110269
110269
110269
110269
110269
110269
110269
110269
110269
110269
110269
110269
110269
110269
110269
110269
110269
110269
110269
110269
110269
110269
110269
110269
110269
110269
110269
110269
110269
110269
110269
110269
110269
110269
110269
110269
110269
110269
110269
110269
110269
110269
110269
110269
110269
110269
110269
110269
110269
110269
110269
110269
110269
110269
110269
110269
110269
110269
110269
110269
110269
110269
110269
110269
110269
110269
110269
110269
110269
110269
110269
110269
110269
110269
110269
110269
110269
110269
110269
110269
110269
110269
110269
110269
110269
110269
110269
110269
110269
110269
110269
110269
110269
110269
110269
110269
110269
110269
110269
110269
110269
110269
110269
110269
110269
110269
110269
110269
110269
110269
110269
110269
110269
110269
110269
110269
110269
110269
110269
110269
110269
110269
110269
110269
110269
110269
110269
110269
110269
110269
110269
110269
110269
110269
110269
110269
110269
110269
110269
110269
110269
110269
110269
110269
110269
110269
110269
110269
110269
110269
110269
110269
110269
110269
110269
110269
110269
110269
110269
110269
110269
110269
110269
110269
110269
110269
110269
110269
110269
110269
110269
110269
110269
110269
110269
110269
110269
110269
110269
110269
110269
110269
110269
110269
110269
110269
110269
110269
110269
110269
110269
110269
110269
110269
110269
110269
110269
110269
110269
110269
110269
110269
110269
110269
110269
110269
110269
110269
110269
110269
110269
110269
110269
110269
110269
110269
110269
110269
110269
110269
110269
110269
110269
110269
110269
110269
110269
110269
110269
110269
110269
110269
110269
110269
110269
110269
110269
110269
110269
110269
110269
110269
110269
110269
110269
110269
110269
110269
110269
110269
110269
110269
110269
110269
110269
110269
110269
110269
110269
110269
110269
110269
110269
110269
110269
110269
110269
110269
110269
110269
110269
110269
110269
110269
110269
110269
110269
110269
110269
110269
110269
110269
110269
110269
110269
110269
110269
110269
110269
110269
110269
110269
110269
110269
110269
110269
110269
110269
110269
110269
110269
110269
110269
110269
110269
110269
110269
110269
110269
110269
110269
110269
110269
110269
110269
110269
110269
110269
110269
110269
110269
110269
110269
110269
110269
110269
110269
110269
110269
110269
110269
110269
110269
110269
110269
110269
110269
110269
110269
110269
110269
110269
110269
110269
110269
110269
110269
110269
110269
110269
110269
110269
110269
110269
110269
110269
110269
110269
110269
110269
110269
110269
110269
110269
110269
110269
110269
110269
110269
110269
110269
110269
110269
110269
110269
110269
110269
110269
110269
110269
110269
110269
110269
110269
110269
110269
110269
110269
110269
110269
110269
110269
110269
110269
110269
110269
110269
110269
110269
110269
110269
110295
110351
110417
110471
110523
110575
110630
110681
110693
110693
110693
110693
110693
110693
110693
110693
110693
110693
110693
110693
110708
110733
110767
110816
110872
110930
110978
111031
111081
111099
111104
111106
111106
111106
111106
111106
111106
111106
111106
111106
111106
111106
111106
111106
111106
111106
111106
111106
111106
111106
111106
111106
111106
111106
111106
111106
111106
111106
111106
111106
111106
111106
111106
111106
111106
111106
111106
111106
111106
111106
111106
111106
111106
111106
111106
111106
111106
111106
111106
111106
111106
111106
111108
111115
111127
111165
111210
111255
111269
111287
111354
111413
111443
111473
111502
111532
111612
111698
111759
111791
111838
111881
111893
111895
111905
111921
111935
111939
111941
111941
111941
111941
111947
111962
111970
111975
111975
111981
111992
111995
111995
111995
111995
111995
111995
111995
111995
111995
111995
111995
111995
111995
111995
111995
111995
111995
111995
111995
111995
111995
111995
111995
111995
111995
111995
111995
111995
111995
111995
111995
112012
112046
112097
112124
112126
112126
112126
112126
112126
112126
112126
112126
112126
112126
112127
112127
112127
112128
112133
112137
112140
112142
112144
112146
112148
112152
112155
112159
112165
112171
112178
112186
112194
112197
112201
112204
112205
112205
112207
112210
112213
112215
112216
112216
112216
112216
112216
112216
112216
112216
112216
112216
112216
112216
112216
112216
112216
112216
112216
112216
112216
112216
112216
112216
112216
112216
112216
112216
112216
112216
112216
112216
112216
112216
112216
112216
112216
112216
112216
112216
112216
112216
112216
112216
112216
112216
112216
112216
112216
112216
112216
112216
112216
112216
112216
112216
112216
112216
112216
112216
112216
112216
112216
112216
112216
112216
112216
112216
112216
112216
112216
112216
112216
112216
112216
112216
112216
112216
112216
112216
112216
112216
112216
112216
112216
112216
112216
112216
112216
112216
112216
112216
112216
112216
112216
112216
112216
112216
112216
112216
112216
112216
112216
112216
112216
112216
112216
112216
112216
112216
112216
112216
112216
112216
112216
112216
112216
112216
112216
112216
112216
112216
112216
112216
112216
112216
112216
112216
112216
112216
112216
112216
112216
112216
112216
112216
112216
112216
112216
112216
112216
112216
112216
112216
112216
112216
112216
112216
112216
112216
112216
112216
112216
112216
112216
112216
112216
112216
112216
112216
112216
112235
112273
112315
112344
112404
112485
112557
112609
112665
112711
112726
112726
112726
112726
112726
112726
112726
112726
112726
112726
112726
112726
112726
112726
112726
112726
112726
112726
112726
112726
112726
112726
112726
112726
112726
112726
112726
112726
112726
112726
112726
112726
112726
112726
112726
112726
112726
112726
112726
112726
112726
112726
112726
112726
112726
112726
112731
112748
112777
112812
112840
112855
112862
112864
112864
112864
112864
112864
112864
112869
112869
112869
112871
112902
112940
112979
113024
113071
113120
113165
113213
113236
113246
113247
113247
113247
113247
113252
113269
113275
113302
113367
113434
113479
113503
113525
113547
113564
113568
113568
113568
113568
113568
113568
113568
113568
113568
113568
113568
113568
113568
113568
113568
113568
113568
113568
113568
113568
113568
113568
113568
113568
113568
113568
113570
113570
113573
113582
113599
113618
113630
113632
113652
113674
113692
113701
113705
113705
113705
113705
113705
113705
113705
113705
113705
113705
113705
113705
113705
113705
113705
113705
113705
113705
113705
113705
113705
113705
113705
113705
113705
113705
113705
113705
113705
113705
113705
113705
113705
113705
113705
113705
113705
113705
113705
113705
113705
113705
113705
113705
113705
113705
113705
113705
113705
113705
113705
113705
113705
113705
113705
113705
113705
113705
113705
113705
113705
113705
113705
113705
113705
113705
113705
113705
113705
113705
113705
113705
113705
113705
113705
113705
113705
113705
113705
113705
113705
113705
113705
113705
113705
113705
113705
113705
113705
113705
113705
113705
113705
113705
113705
113705
113705
113707
113718
113730
113742
113746
113766
113795
113814
113814
113814
113814
113814
113814
113814
113814
113814
113814
113814
113848
113905
113947
114012
114082
114132
114183
114235
114293
114351
114389
114434
114472
114512
114549
114587
114622
114649
114694
114744
114763
114780
114793
114829
114900
114964
115043
115149
115213
115227
115232
115233
115233
115233
115237
115254
115257
115257
115257
115260
115260
115260
115260
115260
115260
115260
115260
115260
115260
115260
115260
115260
115260
115260
115260
115260
115260
115260
115260
115260
115260
115260
115260
115260
115260
115263
115270
115273
115273
115273
115273
115282
115296
115308
115321
115331
115343
115355
115365
115366
115366
115372
115382
115392
115400
115400
115400
115400
115400
115400
115400
115400
115400
115400
115400
115400
115400
115400
115400
115400
115400
115400
115400
115400
115400
115400
115400
115400
115400
115400
115400
115400
115400
115400
115400
115400
115400
115400
115400
115400
115400
115400
115400
115400
115400
115400
115400
115400
115400
115400
115400
115400
115400
115400
115400
115400
115400
115400
115400
115400
115400
115400
115400
115400
115400
115400
115400
115400
115400
115400
115400
115400
115400
115400
115400
115400
115400
115400
115400
115400
115400
115400
115400
115400
115400
115400
115400
115400
115400
115400
115400
115400
115400
115400
115400
115400
115400
115400
115400
115400
115400
115400
115400
115400
115400
115400
115400
115400
115400
115400
115400
115400
115403
115411
115416
115419
115424
115426
115426
115426
115426
115426
115426
115426
115426
115426
115426
115426
115426
115426
115426
115426
115426
115426
115426
115426
115426
115426
115426
115426
115426
115426
115426
115426
115426
115426
115426
115426
115426
115426
115426
115426
115426
115426
115426
115426
115426
115426
115426
115426
115426
115426
115426
115426
115426
115426
115426
115426
115426
115426
115426
115426
115426
115426
115426
115426
115426
115426
115426
115426
115426
115426
115426
115426
115426
115426
115426
115426
115426
115426
115426
115426
115426
115426
115426
115426
115426
115426
115426
115426
115426
115426
115426
115426
115426
115426
115426
115426
115426
115426
115426
115426
115426
115426
115426
115426
115426
115426
115426
115426
115426
115426
115426
115426
115426
115426
115426
115426
115426
115426
115426
115426
115426
115426
115426
115426
115426
115426
115426
115426
115426
115426
115426
115426
115426
115426
115426
115426
115426
115426
115426
115426
115426
115426
115426
115426
115426
115426
115426
115426
115426
115426
115426
115426
115426
115426
115426
115426
115426
115426
115426
115427
115438
115469
115499
115527
115558
115563
115563
115563
115563
115563
115563
115563
115563
115563
115563
115563
115563
115563
115563
115594
115618
115642
115669
115669
115669
115669
115669
115669
115669
115669
115669
115669
115669
115669
115669
115669
115669
115669
115669
115669
115669
115669
115669
115669
115671
115693
115708
115714
115714
115714
115714
115714
115714
115714
115714
115714
115714
115714
115714
115714
115739
115749
115749
115749
115749
115749
115749
115749
115749
115749
115749
115749
115749
115749
115749
115749
115749
115749
115749
115749
115749
115749
115749
115749
115749
115749
115749
115749
115749
115749
115749
115749
115749
115749
115749
115749
115749
115749
115749
115749
115749
115749
115749
115749
115749
115749
115749
115749
115749
115749
115749
115749
115749
115749
115749
115749
115749
115749
115749
115749
115749
115749
115749
115749
115749
115749
115749
115749
115749
115749
115749
115749
115749
115749
115749
115749
115749
115749
115749
115749
115749
115749
115749
115749
115749
115749
115749
115749
115749
115749
115749
115749
115749
115749
115749
115749
115749
115749
115749
115749
115749
115749
115749
115749
115749
115749
115749
115749
115749
115749
115749
115749
115749
115749
115749
115749
115749
115749
115749
115749
115749
115749
115749
115749
115749
115749
115749
115749
115749
115749
115749
115749
115749
115749
115749
115749
115749
115749
115749
115749
115749
115749
115749
115749
115749
115749
115749
115749
115749
115749
115749
115749
115749
115749
115749
115749
115749
115749
115749
115749
115749
115749
115749
115749
115749
115749
115749
115749
115749
115749
115749
115749
115749
115749
115749
115749
115749
115749
115749
115749
115749
115749
115749
115749
115749
115749
115749
115749
115749
115749
115749
115749
115749
115749
115749
115749
115749
115749
115749
115749
115749
115749
115749
115749
115749
115749
115749
115749
115749
115749
115749
115749
115749
115749
115749
115749
115749
115749
115749
115749
115749
115749
115749
115749
115749
115749
115749
115749
115749
115749
115749
115749
115749
115749
115749
115749
115749
115749
115749
115749
115749
115749
115749
115749
115749
115749
115749
115749
115749
115749
115749
115749
115749
115749
115749
115749
115749
115749
115749
115749
115749
115749
115749
115749
115749
115749
115749
115749
115749
115749
115749
115749
115749
115749
115749
115749
115749
115749
115749
115749
115749
115749
115749
115749
115749
115749
115749
115749
115749
115749
115749
115749
115749
115749
115749
115749
115749
115749
115749
115749
115749
115749
115749
115749
115749
115749
115749
115749
115749
115749
115749
115749
115749
115749
115749
115749
115749
115749
115749
115749
115749
115749
115749
115749
115749
115749
115749
115749
115749
115749
115749
115749
115749
115749
115749
115749
115749
115749
115749
115749
115749
115749
115749
115749
115749
115749
115749
115749
115749
115749
115749
115749
115749
115749
115749
115749
115749
115749
115749
115749
115749
115749
115749
115749
115749
115749
115749
115749
115749
115749
115749
115749
115749
115749
115749
115749
115749
115749
115749
115749
115749
115749
115749
115749
115749
115749
115749
115749
115749
115749
115749
115749
115749
115749
115749
115749
115749
115749
115749
115749
115749
115749
115749
115749
115749
115749
115749
115749
115749
115749
115749
115749
115749
115749
115749
115749
115749
115749
115749
115749
115749
115749
115749
115749
115749
115749
115749
115749
115749
115749
115749
115749
115749
115749
115749
115749
115749
115749
115749
115749
115749
115749
115749
115749
115749
115749
115749
115749
115749
115749
115749
115749
115749
115749
115749
115749
115749
115749
115749
115749
115749
115749
115749
115749
115749
115749
115749
115749
115749
115749
115749
115749
115749
115749
115749
115749
115749
115749
115749
115749
115749
115749
115749
115749
115749
115749
115749
115749
115749
115749
115749
115749
115749
115749
115749
115749
115749
115749
115749
115762
115790
115829
115871
115916
115964
116009
116048
116078
116136
116203
116270
116325
116380
116439
116499
116557
116598
116667
116723
116782
116841
116895
116966
117038
117097
117156
117214
117272
117327
117402
117484
117546
117586
117624
117659
117693
117721
117768
117835
117892
117951
118000
118061
118119
118179
118209
118219
118222
118222
118222
118222
118222
118222
118222
118222
118227
118255
118306
118349
118372
118387
118388
118388
118388
118388
118388
118388
118388
118388
118388
118390
118393
118394
118394
118397
118398
118398
118398
118398
118398
118398
118398
118400
118406
118419
118434
118448
118467
118481
118493
118507
118519
118529
118564
118590
118602
118611
118615
118616
118619
118624
118628
118628
118629
118629
118629
118632
118640
118646
118657
118657
118657
118657
118657
118657
118657
118657
118657
118657
118657
118657
118657
118657
118657
118657
118657
118657
118657
118657
118657
118657
118657
118657
118657
118657
118657
118657
118657
118657
118657
118657
118657
118657
118659
118662
118666
118668
118669
118669
118669
118669
118669
118669
118669
118669
118669
118669
118669
118669
118669
118669
118669
118669
118669
118669
118669
118669
118669
118669
118669
118669
118669
118669
118669
118669
118669
118669
118669
118669
118669
118669
118669
118669
118669
118669
118669
118669
118669
118669
118669
118669
118669
118669
118669
118669
118669
118669
118669
118669
118669
118669
118669
118669
118669
118669
118669
118669
118669
118669
118669
118669
118669
118669
118669
118669
118669
118669
118669
118669
118669
118669
118669
118669
118669
118669
118669
118669
118669
118669
118669
118669
118669
118669
118669
118669
118669
118669
118669
118669
118669
118669
118669
118669
118669
118669
118669
118669
118669
118669
118669
118669
118669
118669
118669
118679
118719
118758
118796
118833
118871
118906
118951
118993
119028
119076
119092
119097
119097
119097
119097
119097
119097
119097
119098
119104
119128
119171
119216
119235
119256
119270
119287
119306
119328
119350
119372
119394
119416
119437
119454
119468
119479
119481
119489
119490
119490
119491
119495
119497
119497
119497
119497
119497
119497
119497
119497
119497
119497
119497
119497
119497
119497
119497
119497
119497
119497
119497
119497
119497
119497
119497
119497
119497
119497
119497
119497
119497
119497
119497
119497
119497
119497
119497
119497
119497
119497
119498
119498
119498
119498
119498
119501
119508
119522
119541
119565
119586
119600
119600
119600
119600
119600
119600
119600
119600
119600
119600
119600
119600
119600
119600
119600
119600
119600
119600
119600
119600
119600
119600
119600
119600
119600
119600
119600
119600
119600
119600
119600
119600
119600
119600
119600
119600
119600
119600
119600
119600
119600
119600
119600
119600
119600
119600
119600
119600
119600
119600
119600
119600
119600
119600
119600
119600
119600
119600
119600
119600
119600
119600
119600
119600
119600
119600
119600
119600
119600
119600
119600
119600
119600
119600
119600
119600
119600
119600
119600
119600
119600
119600
119600
119600
119600
119600
119600
119600
119600
119600
119600
119600
119600
119600
119600
119600
119600
119600
119600
119600
119600
119600
119600
119600
119600
119600
119600
119600
119600
119600
119600
119600
119600
119600
119600
119600
119600
119600
119600
119600
119600
119600
119600
119600
119600
119600
119600
119600
119600
119600
119600
119600
119600
119600
119600
119600
119600
119600
119600
119600
119600
119600
119600
119600
119600
119600
119600
119600
119600
119600
119600
119600
119600
119600
119600
119600
119600
119600
119600
119600
119600
119600
119600
119600
119600
119600
119600
119600
119600
119600
119600
119600
119600
119600
119600
119600
119600
119600
119600
119600
119600
119600
119600
119600
119600
119600
119600
119600
119600
119600
119600
119600
119600
119600
119600
119600
119600
119600
119600
119600
119600
119600
119600
119600
119600
119600
119600
119600
119600
119600
119600
119600
119600
119600
119600
119600
119600
119600
119600
119600
119600
119600
119600
119600
119600
119600
119600
119600
119600
119600
119600
119600
119600
119600
119600
119600
119600
119600
119600
119600
119600
119600
119600
119600
119600
119600
119600
119600
119600
119600
119600
119600
119600
119600
119600
119600
119600
119600
119600
119600
119600
119600
119600
119600
119600
119600
119600
119600
119600
119600
119600
119600
119600
119600
119600
119600
119600
119600
119600
119600
119600
119600
119600
119600
119600
119600
119600
119600
119600
119600
119600
119600
119600
119600
119600
119600
119600
119600
119600
119600
119600
119600
119600
119600
119600
119600
119600
119600
119600
119600
119600
119600
119600
119600
119600
119600
119600
119600
119600
119600
119600
119600
119600
119600
119600
119600
119600
119600
119600
119600
119600
119600
119600
119600
119600
119600
119600
119600
119600
119600
119600
119600
119600
119600
119600
119600
119600
119600
119600
119600
119600
119600
119600
119600
119600
119600
119600
119600
119600
119600
119600
119600
119600
119600
119600
119600
119600
119600
119600
119600
119600
119600
119600
119600
119600
119600
119600
119600
119600
119600
119600
119600
119600
119600
119600
119600
119600
119600
119600
119600
119600
119600
119600
119600
119600
119600
119600
119600
119600
119600
119600
119600
119600
119600
119600
119600
119600
119600
119600
119600
119600
119600
119600
119600
119600
119600
119600
119600
119600
119600
119600
119600
119600
119600
119600
119600
119600
119600
119600
119600
119600
119600
119600
119600
119600
119600
119600
119600
119600
119600
119600
119600
119600
119600
119600
119600
119600
119600
119600
119600
119600
119600
119600
119600
119600
119600
119600
119600
119600
119600
119600
119600
119600
119600
119600
119600
119600
119600
119600
119600
119600
119600
119600
119600
119600
119600
119600
119600
119600
119600
119600
119600
119600
119600
119600
119600
119600
119600
119600
119600
119600
119600
119600
119600
119600
119600
119600
119600
119600
119600
119600
119600
119600
119600
119600
119600
119600
119600
119600
119600
119600
119600
119600
119600
119600
119600
119600
119600
119600
119600
119600
119600
119600
119600
119600
119600
119600
119601
119609
119617
119617
119617
119617
119617
119617
119617
119617
119617
119617
119617
119617
119617
119617
119617
119617
119617
119617
119617
119617
119617
119617
119617
119617
119617
119617
119617
119617
119617
119617
119617
119617
119617
119617
119617
119617
119617
119617
119617
119617
119617
119617
119617
119617
119617
119617
119617
119617
119617
119617
119617
119617
119617
119617
119617
119617
119617
119617
119617
119617
119617
119617
119617
119617
119617
119617
119617
119617
119617
119617
119617
119617
119617
119617
119617
119617
119617
119617
119617
119617
119617
119617
119617
119617
119617
119617
119617
119617
119617
119617
119617
119617
119617
119617
119617
119617
119617
119617
119617
119617
119617
119617
119617
119617
119617
119617
119617
119617
119617
119617
119617
119617
119617
119617
119617
119620
119627
119642
119647
119663
119675
119683
119683
119683
119683
119683
119683
119683
119683
119683
119683
119683
119683
119683
119683
119683
119683
119683
119683
119683
119683
119683
119683
119683
119683
119683
119683
119683
119683
119683
119683
119683
119683
119683
119683
119683
119683
119683
119683
119683
119683
119683
119683
119683
119683
119683
119683
119683
119683
119683
119683
119683
119683
119683
119683
119683
119683
119683
119683
119683
119683
119683
119683
119683
119683
119683
119683
119683
119683
119683
119683
119683
119683
119683
119683
119683
119683
119683
119683
119683
119683
119683
119683
119683
119683
119683
119683
119683
119683
119683
119683
119683
119683
119683
119683
119683
119683
119683
119683
119683
119683
119683
119683
119683
119683
119683
119683
119683
119683
119683
119683
119683
119683
119683
119683
119683
119683
119683
119683
119683
119683
119683
119683
119683
119683
119683
119683
119683
119683
119683
119683
119683
119683
119683
119683
119683
119683
119683
119683
119683
119683
119683
119683
119683
119683
119683
119683
119683
119683
119683
119683
119683
119683
119683
119683
119683
119683
119683
119683
119683
119683
119683
119683
119683
119683
119683
119683
119683
119683
119683
119683
119683
119683
119683
119683
119683
119683
119683
119683
119683
119683
119683
119683
119683
119683
119683
119683
119683
119683
119683
119683
119683
119683
119683
119683
119683
119683
119683
119683
119683
119683
119683
119683
119683
119683
119683
119683
119683
119683
119683
119683
119683
119683
119683
119683
119683
119683
119683
119683
119683
119683
119683
119683
119683
119683
119683
119683
119683
119683
119683
119683
119683
119683
119683
119683
119683
119683
119683
119683
119683
119683
119683
119683
119683
119683
119683
119683
119683
119683
119683
119683
119683
119683
119683
119683
119683
119683
119683
119683
119683
119683
119683
119683
119683
119683
119683
119683
119683
119683
119683
119683
119683
119683
119683
119683
119683
119683
119683
119683
119683
119683
119683
119683
119683
119683
119683
119683
119683
119683
119683
119683
119683
119683
119683
119683
119683
119683
119683
119683
119683
119683
119683
119683
119683
119683
119683
119683
119683
119683
119683
119683
119683
119683
119683
119683
119683
119683
119683
119683
119683
119683
119683
119683
119683
119683
119683
119683
119683
119683
119683
119683
119683
119683
119683
119683
119683
119683
119683
119683
119683
119683
119683
119683
119683
119683
119683
119683
119683
119683
119683
119683
119683
119683
119683
119683
119683
119683
119683
119683
119683
119683
119683
119683
119683
119683
119683
119683
119683
119683
119683
119683
119683
119683
119683
119683
119683
119683
119683
119683
119683
119683
119683
119683
119683
119683
119683
119683
119683
119683
119683
119683
119683
119683
119683
119683
119683
119683
119683
119683
119683
119683
119683
119683
119683
119683
119683
119683
119683
119683
119683
119683
119683
119683
119683
119683
119683
119683
119683
119683
119683
119683
119683
119683
119683
119685
119685
119685
119685
119685
119685
119685
119685
119685
119685
119685
119685
119685
119685
119685
119692
119702
119713
119728
119745
119760
119777
119794
119845
119890
119903
119903
119903
119903
119903
119903
119903
119903
119903
119903
119903
119903
119903
119904
119904
119904
119904
119904
119904
119904
119904
119904
119904
119904
119904
119904
119904
119904
119904
119904
119904
119904
119904
119904
119904
119904
119904
119904
119904
119904
119904
119904
119904
119904
119904
119904
119904
119904
119904
119904
119904
119904
119904
119904
119904
119904
119904
119904
119904
119904
119904
119904
119904
119904
119904
119904
119904
119904
119904
119904
119904
119904
119904
119904
119904
119904
119904
119904
119904
119904
119904
119904
119904
119904
119904
119904
119904
119904
119904
119904
119904
119904
119904
119904
119904
119904
119904
119904
119904
119904
119904
119904
119904
119904
119904
119904
119904
119904
119904
119904
119904
119904
119904
119904
119904
119904
119904
119904
119904
119904
119904
119904
119904
119904
119904
119904
119904
119904
119904
119904
119904
119904
119904
119904
119904
119904
119905
119908
119908
119908
119908
119908
119908
119921
119944
119959
119968
119970
119970
119970
119970
119970
119970
119970
119970
119970
119970
119970
119970
119970
119970
119970
119970
119970
119970
119970
119970
119970
119970
119970
119970
119970
119970
119970
119970
119970
119970
119970
119970
119970
119970
119970
119970
119970
119970
119970
119970
119970
119970
119970
119970
119970
119970
119970
119970
119970
119970
119970
119970
119970
119970
119970
119970
119970
119970
119970
119970
119970
119970
119970
119970
119970
119970
119970
119970
119970
119970
119970
119970
119970
119970
119970
119970
119970
119970
119970
119970
119970
119970
119970
119970
119970
119970
119970
119970
119970
119970
119970
119970
119970
119970
119970
119970
119970
119970
119970
119970
119970
119970
119970
119970
119970
119970
119970
119970
119970
119970
119970
119970
119970
119970
119970
119970
119970
119970
119970
119970
119970
119970
119970
119970
119970
119970
119970
119970
119970
119970
119970
119970
119970
119970
119970
119970
119970
119970
119970
119970
119970
119970
119970
119970
119970
119970
119970
119970
119970
119970
119970
119970
119970
119970
119970
119970
119970
119970
119970
119970
119970
119970
119970
119970
119970
119970
119970
119970
119970
119970
119970
119970
119970
119970
119970
119970
119970
119970
119970
119970
119970
119970
119970
119970
119970
119970
119970
119970
119970
119970
119970
119970
119970
119970
119970
119970
119970
119970
119970
119970
119970
119970
119970
119970
119970
119970
119970
119970
119970
119970
119970
119970
119970
119970
119970
119970
119970
119970
119970
119970
119970
119970
119970
119970
119970
119970
119970
119970
119970
119970
119970
119970
119970
119970
119970
119970
119970
119970
119970
119970
119970
119970
119970
119970
119970
119970
119970
119970
119970
119970
119970
119970
119970
119970
119970
119970
119970
119970
119970
119970
119970
119970
119970
119970
119970
119970
119970
119970
119970
119970
119970
119970
119970
119970
119970
119970
119970
119970
119970
119970
119970
119970
119970
119970
119970
119974
119979
119979
119979
119979
119979
119979
119979
119979
119979
119979
119979
119979
119979
119979
119979
119979
119979
119979
119979
119979
119979
119979
119979
119979
119979
119979
119979
119979
119979
119979
119979
119979
119979
119979
119979
119979
119979
119979
119979
119979
119979
119979
119979
119979
119979
119979
119979
119979
119979
119979
119979
119979
119979
119979
119979
119979
119979
119979
119979
119979
119979
119979
119979
119979
119979
119979
119979
119979
119979
119979
119979
119979
119979
119979
119979
119979
119979
119979
119979
119979
119979
119979
119979
119979
119979
119979
119979
119979
119979
119979
119979
119979
119979
119979
119979
119979
119979
119979
119979
119979
119979
119979
119979
119979
119979
119979
119979
119979
119979
119979
119979
119979
119979
119979
119979
119979
119979
119979
119979
119979
119979
119979
119979
119979
119979
119979
119979
119979
119979
119979
119979
119979
119979
119979
119979
119979
119979
119979
119980
119982
119986
119997
120000
120000
120000
120000
120000
120000
120000
120000
120000
120000
120000
120000
120000
120000
120000
120000
120000
120000
120000
120000
120000
120000
120000
120000
120000
120000
120000
120000
120000
120000
120000
120000
120000
120000
120000
120000
120000
120000
120000
120000
120000
120000
120000
120000
120000
120000
120000
120000
120000
120000
120000
120000
120000
120000
120000
120000
120000
120000
120000
120000
120000
120000
120000
120000
120000
120000
120000
120000
120000
120000
120000
120000
120000
120000
120000
120000
120000
120000
120000
120000
120000
120000
120000
120000
120000
120000
120000
120000
120000
120000
120000
120000
120000
120000
120000
120000
120000
120000
120000
120000
120000
120000
120000
120000
120000
120000
120000
120000
120000
120000
120000
120000
120000
120000
120000
120000
120000
120000
120000
120000
120000
120000
120000
120000
120000
120000
120000
120000
120000
120000
120000
120000
120000
120000
120000
120000
120000
120000
120000
120000
120000
120000
120000
120000
120000
120000
120000
120000
120000
120000
120000
120000
120000
120000
120000
120000
120000
120000
120000
120000
120000
120000
120000
120000
120000
120000
120000
120000
120000
120000
120000
120000
120000
120000
120000
120000
120000
120000
120000
120000
120000
120000
120000
120000
120000
120000
120000
120000
120000
120000
120000
120000
120000
120000
120000
120000
120000
120000
120000
120000
120000
120000
120000
120000
120000
120000
120000
120000
120000
120000
120000
120000
120000
120000
120000
120000
120000
120000
120000
120000
120000
120000
120000
120000
120000
120000
120000
120000
120000
120000
120000
120000
120000
120000
120000
120000
120000
120000
120000
120000
120000
120000
120000
120000
120000
120000
120000
120000
120000
120000
120000
120000
120000
120000
120000
120000
120000
120000
120000
120000
120000
120000
120000
120000
120000
120000
120000
120000
120000
120000
120000
120000
120000
120000
120000
120000
120000
120000
120000
120000
120000
120000
120000
120000
120000
120000
120000
120000
120000
120000
120000
120000
120000
120000
120000
120000
120000
120000
120000
120000
120000
120000
120000
120000
120000
120000
120000
120000
120000
120000
120000
120000
120000
120000
120000
120000
120000
120000
120000
120000
120000
120000
120000
120000
120000
120000
120000
120000
120000
120000
120000
120000
120000
120000
120000
120000
120000
120000
120000
120000
120000
120000
120000
120000
120000
120000
120000
120000
120000
120000
120000
120000
120000
120000
120000
120000
120000
120000
120000
120000
120000
120000
120000
120000
120000
120000
120000
120000
120000
120000
120000
120000
120000
120000
120000
120000
120000
120000
120000
120000
120000
120000
120000
120000
120000
120000
120000
120000
120000
120000
120000
120000
120000
120000
120000
120000
120000
120000
120000
120000
120000
120000
120000
120000
120000
120000
120000
120000
120000
120000
120000
120000
120000
120000
120000
120000
120000
120000
120000
120000
120000
120000
120000
120000
120000
120000
120000
120000
120000
120000
