Time needed: 1128.60 s
Distance travelled: 1777.70 m
Total rotation: 38296.8°
Objects found after: 1.13 s, 88.77 s, 292.97 s

+++ following progress ticks +++
463
532
625
684
743
799
835
895
954
1007
1079
1169
1269
1348
1438
1497
1558
1668
1771
1829
1887
1945
2004
2062
2118
2164
2255
2305
2359
2419
2478
2537
2597
2655
2715
2766
2835
2917
2973
3031
3089
3147
3206
3264
3322
3394
3449
3547
3606
3659
3697
3724
3747
3764
3774
3804
3857
3907
3928
3950
3964
4002
4080
4167
4221
4265
4298
4329
4354
4382
4410
4432
4472
4502
4532
4560
4585
4613
4641
4698
4742
4782
4822
4917
4999
5060
5116
5173
5230
5293
5361
5422
5481
5539
5598
5654
5714
5768
5840
5911
5992
6091
6192
6256
6311
6369
6416
6494
6556
6607
6665
6723
6781
6839
6898
6956
7014
7072
7129
7187
7244
7301
7342
7414
7480
7536
7595
7654
7713
7772
7829
7887
7945
8005
8064
8113
8202
8289
8348
8392
8455
8535
8601
8661
8718
8775
8829
8898
8986
9082
9140
9200
9254
9315
9373
9428
9510
9568
9629
9686
9745
9790
9842
9862
9878
9889
9894
9896
9896
9896
9897
9908
9928
9947
9972
10011
10071
10138
10207
10267
10295
10314
10371
10407
10443
10475
10517
10549
10554
10554
10554
10554
10554
10554
10554
10554
10554
10554
10554
10556
10575
10618
10671
10740
10809
10864
10882
10901
10918
10935
10941
10950
10977
10983
10986
10990
10992
10998
11009
11017
11030
11042
11064
11066
11066
11066
11066
11066
11066
11066
11066
11069
11079
11098
11125
11156
11185
11248
11305
11364
11408
11459
11475
11475
11501
11547
11598
11656
11713
11773
11831
11889
11940
12003
12043
12115
12183
12241
12298
12357
12416
12473
12523
12606
12698
12782
12829
12938
13021
13074
13096
13114
13126
13134
13149
13190
13214
13225
13266
13302
13325
13346
13364
13377
13414
13461
13490
13520
13548
13575
13603
13628
13656
13719
13776
13824
13871
13917
13965
14012
14045
14083
14112
14137
14158
14205
14247
14285
14323
14361
14400
14438
14473
14561
14654
14733
14793
14854
14908
14967
15010
15077
15165
15256
15302
15369
15417
15451
15477
15506
15534
15564
15593
15620
15646
15670
15693
15712
15734
15758
15809
15867
15906
15944
15982
16009
16040
16069
16099
16125
16153
16180
16205
16229
16266
16330
16371
16411
16453
16493
16536
16579
16622
16664
16706
16777
16852
16912
16973
17030
17092
17130
17187
17238
17272
17302
17324
17341
17356
17364
17364
17364
17364
17364
17372
17404
17455
17515
17552
17633
17707
17751
17793
17835
17876
17918
17960
18044
18143
18216
18279
18342
18400
18460
18521
18576
18635
18695
18740
18800
18857
18917
18972
19031
19090
19151
19191
19271
19364
19446
19506
19564
19624
19666
19736
19829
19906
19963
20020
20080
20134
20221
20310
20372
20415
20491
20551
20611
20669
20726
20781
20841
20900
20942
21006
21065
21118
21199
21255
21314
21374
21435
21488
21544
21622
21687
21784
21873
21911
22012
22096
22155
22212
22272
22328
22410
22487
22547
22602
22662
22721
22763
22826
22886
22939
23000
23059
23103
23179
23241
23299
23341
23416
23515
23605
23654
23746
23847
23908
24026
24093
24159
24236
24345
24387
24455
24528
24596
24654
24711
24769
24828
24888
24942
25026
25090
25148
25208
25268
25325
25386
25436
25504
25562
25618
25677
25734
25795
25854
25901
25979
26060
26118
26179
26235
26294
26352
26414
26498
26559
26614
26675
26719
26782
26840
26900
26955
27003
27053
27086
27144
27202
27250
27294
27334
27374
27407
27431
27448
27459
27468
27475
27478
27504
27555
27614
27631
27707
27798
27894
27952
28008
28068
28127
28183
28230
28298
28358
28419
28461
28546
28646
28721
28778
28836
28896
28953
28992
29064
29155
29225
29285
29336
29398
29456
29511
29580
29669
29751
29796
29901
29999
30053
30113
30172
30232
30293
30350
30428
30522
30588
30651
30725
30792
30848
30903
30960
31014
31086
31147
31203
31263
31319
31379
31440
31502
31557
31613
31668
31740
31829
31908
31994
32092
32195
32280
32370
32426
32485
32543
32601
32660
32718
32776
32828
32913
32978
33037
33095
33155
33209
33260
33336
33394
33451
33511
33570
33625
33666
33724
33783
33841
33886
33964
34058
34144
34204
34265
34309
34394
34463
34523
34580
34638
34698
34755
34815
34859
34918
34978
35037
35095
35151
35227
35297
35352
35408
35462
35533
35629
35735
35805
35862
35921
35971
36036
36094
36153
36211
36267
36350
36447
36511
36569
36629
36684
36742
36812
36870
36913
36942
36969
36992
36994
36994
36994
37004
37036
37073
37085
37092
37123
37188
37243
37324
37381
37423
37465
37507
37549
37591
37674
37760
37815
37918
37999
38056
38117
38172
38228
38270
38334
38394
38453
38511
38562
38636
38724
38812
38873
38929
38989
39036
39106
39166
39224
39283
39340
39398
39470
39557
39654
39705
39753
39799
39839
39875
39909
39933
39979
40015
40044
40081
40134
40174
40210
40242
40278
40304
40340
40370
40405
40437
40468
40497
40528
40555
40589
40631
40665
40687
40738
40780
40822
40865
40907
40949
40991
41025
41067
41110
41139
41177
41214
41252
41283
41304
41321
41333
41346
41356
41363
41368
41372
41372
41372
41372
41372
41372
41372
41372
41372
41372
41372
41372
41372
41377
41409
41449
41481
41512
41545
41575
41606
41627
41653
41677
41706
41731
41756
41784
41812
41843
41883
41914
41983
42057
42115
42172
42232
42292
42347
42407
42466
42549
42605
42664
42714
42796
42857
42911
42970
43031
43090
43144
43203
43268
43318
43420
43523
43602
43662
43719
43760
43837
43922
43987
44046
44121
44179
44239
44296
44354
44426
44513
44578
44636
44694
44752
44810
44868
44928
44986
45044
45099
45189
45267
45325
45386
45438
45497
45554
45622
45697
45755
45813
45872
45928
45988
46047
46097
46158
46218
46279
46335
46393
46452
46527
46582
46640
46700
46760
46815
46870
46928
46986
47044
47100
47159
47205
47283
47340
47389
47440
47488
47530
47600
47685
47765
47824
47885
47942
48001
48057
48138
48211
48264
48318
48411
48517
48607
48666
48716
48775
48833
48891
48948
49008
49067
49124
49179
49250
49333
49383
49469
49528
49584
49643
49701
49753
49815
49874
49924
49968
50004
50043
50082
50119
50152
50182
50218
50279
50317
50352
50385
50406
50420
50429
50434
50435
50435
50435
50435
50437
50442
50448
50448
50448
50448
50448
50453
50459
50463
50463
50463
50463
50469
50473
50480
50501
50543
50593
50606
50617
50659
50733
50785
50823
50864
50913
50966
51005
51040
51068
51090
51110
51132
51158
51192
51225
51295
51383
51446
51489
51563
51639
51698
51755
51812
51863
51923
51977
52037
52097
52156
52206
52277
52338
52397
52454
52516
52570
52632
52678
52758
52848
52917
52976
53035
53088
53160
53254
53317
53381
53439
53499
53557
53616
53674
53732
53764
53804
53831
53852
53869
53879
53885
53885
53889
53898
53898
53898
53911
53925
53937
53974
54015
54070
54128
54190
54237
54256
54273
54284
54325
54405
54496
54555
54604
54653
54689
54766
54863
54929
54990
55051
55103
55150
55228
55292
55350
55394
55455
55515
55572
55632
55690
55748
55807
55863
55938
56021
56091
56151
56206
56239
56255
56263
56265
56265
56265
56265
56265
56265
56267
56293
56339
56372
56375
56375
56375
56375
56381
56399
56399
56399
56399
56399
56403
56411
56412
56412
56416
56426
56434
56442
56451
56468
56480
56485
56485
56507
56558
56612
56660
56702
56748
56793
56840
56883
56925
56957
56986
57002
57019
57032
57042
57052
57060
57067
57070
57072
57101
57146
57183
57194
57196
57198
57228
57290
57348
57397
57457
57477
57517
57556
57590
57617
57641
57664
57685
57705
57725
57744
57757
57764
57765
57765
57765
57765
57765
57765
57765
57765
57765
57765
57765
57765
57765
57765
57765
57765
57765
57765
57765
57765
57765
57765
57765
57765
57765
57765
57765
57765
57765
57765
57765
57765
57765
57765
57765
57765
57765
57765
57765
57765
57765
57765
57765
57774
57807
57841
57870
57896
57920
57941
57956
57972
57985
57998
58010
58023
58030
58032
58050
58081
58109
58113
58148
58185
58218
58270
58296
58296
58296
58296
58296
58296
58297
58300
58302
58314
58332
58350
58383
58394
58402
58432
58447
58447
58447
58447
58447
58447
58447
58447
58447
58447
58447
58447
58447
58447
58447
58447
58447
58447
58447
58447
58447
58447
58447
58447
58447
58447
58447
58447
58447
58447
58447
58447
58447
58447
58447
58447
58447
58447
58450
58452
58452
58452
58452
58452
58452
58452
58452
58452
58452
58452
58452
58465
58492
58523
58565
58608
58652
58692
58724
58744
58752
58758
58758
58758
58758
58758
58760
58762
58762
58762
58762
58762
58762
58762
58803
58863
58920
58981
59036
59094
59154
59215
59271
59331
59387
59437
59514
59572
59629
59689
59750
59805
59864
59925
60002
60059
60123
60184
60242
60299
60355
60415
60474
60531
60593
60678
60776
60852
60906
60956
61015
61044
61057
61062
61063
61063
61064
61064
61064
61064
61064
61064
61064
61064
61068
61083
61109
61160
61215
61260
61294
61364
61430
61498
61579
61674
61745
61802
61852
61886
61910
61944
61958
61965
61975
61996
62005
62010
62010
62010
62012
62014
62015
62015
62015
62015
62015
62015
62015
62015
62015
62015
62015
62015
62015
62015
62015
62015
62015
62015
62015
62015
62015
62015
62016
62018
62020
62020
62023
62029
62057
62084
62095
62095
62095
62095
62095
62095
62095
62095
62095
62095
62095
62095
62095
62095
62095
62095
62095
62095
62095
62095
62095
62095
62095
62095
62095
62095
62095
62095
62095
62095
62095
62095
62095
62095
62095
62095
62095
62095
62095
62095
62095
62095
62095
62095
62095
62095
62095
62095
62095
62095
62095
62095
62095
62095
62095
62095
62095
62095
62095
62095
62095
62095
62095
62095
62095
62095
62095
62095
62095
62095
62095
62095
62095
62120
62156
62200
62244
62296
62351
62387
62387
62387
62387
62397
62428
62450
62467
62483
62491
62497
62498
62498
62498
62498
62498
62498
62498
62498
62498
62498
62498
62498
62498
62498
62498
62498
62498
62498
62498
62498
62498
62498
62498
62498
62498
62498
62498
62498
62498
62498
62498
62498
62498
62498
62498
62498
62498
62498
62498
62498
62498
62498
62498
62498
62498
62498
62498
62498
62498
62498
62498
62498
62498
62498
62498
62498
62498
62498
62498
62498
62498
62498
62498
62498
62498
62498
62498
62498
62498
62498
62498
62498
62498
62498
62498
62498
62498
62498
62498
62498
62498
62498
62498
62498
62498
62498
62498
62498
62498
62498
62498
62498
62498
62498
62498
62498
62498
62498
62498
62498
62498
62498
62498
62498
62498
62498
62498
62498
62498
62498
62498
62498
62498
62498
62498
62498
62498
62498
62498
62498
62498
62498
62498
62498
62498
62498
62498
62498
62498
62498
62498
62498
62498
62498
62498
62498
62498
62498
62501
62523
62570
62617
62687
62763
62829
62863
62896
62931
63001
63082
63127
63170
63214
63250
63279
63300
63311
63321
63330
63336
63341
63344
63346
63346
63363
63401
63424
63431
63435
63436
63436
63436
63436
63436
63436
63437
63440
63446
63448
63448
63448
63448
63448
63448
63448
63448
63448
63448
63448
63448
63448
63448
63448
63448
63448
63448
63448
63448
63448
63448
63448
63448
63448
63448
63448
63448
63448
63448
63448
63448
63448
63448
63448
63448
63448
63448
63448
63448
63448
63448
63448
63448
63448
63448
63448
63448
63448
63448
63448
63448
63448
63448
63448
63448
63455
63500
63533
63607
63690
63779
63829
63880
63943
63991
64022
64045
64066
64082
64097
64118
64143
64168
64236
64284
64331
64376
64424
64472
64522
64570
64636
64725
64810
64854
64883
64911
64934
64950
64964
64975
65003
65015
65023
65028
65031
65033
65033
65033
65033
65033
65033
65033
65033
65033
65033
65033
65033
65033
65033
65033
65033
65038
65078
65132
65170
65183
65191
65196
65199
65199
65206
65217
65217
65217
65217
65220
65227
65238
65243
65243
65248
65252
65255
65262
65270
65278
65292
65307
65314
65320
65326
65329
65330
65330
65330
65330
65330
65330
65330
65330
65330
65330
65330
65330
65330
65330
65330
65330
65330
65330
65330
65330
65330
65330
65330
65330
65330
65330
65330
65330
65330
65330
65330
65330
65341
65367
65388
65408
65421
65428
65430
65430
65430
65430
65430
65430
65430
65430
65430
65430
65430
65430
65430
65430
65430
65430
65430
65430
65430
65430
65430
65430
65430
65430
65430
65430
65430
65430
65430
65430
65430
65430
65430
65430
65430
65430
65430
65430
65430
65430
65430
65430
65430
65430
65430
65430
65430
65430
65430
65430
65430
65430
65430
65430
65430
65430
65430
65430
65430
65430
65430
65430
65430
65430
65430
65430
65430
65430
65430
65430
65430
65430
65430
65430
65430
65430
65430
65430
65430
65430
65430
65430
65430
65430
65430
65430
65430
65430
65430
65430
65430
65430
65430
65430
65430
65430
65430
65430
65430
65430
65430
65430
65430
65430
65430
65430
65430
65430
65430
65430
65430
65430
65430
65430
65430
65430
65430
65430
65430
65430
65430
65432
65444
65464
65494
65523
65554
65579
65628
65675
65725
65759
65807
65861
65919
65970
66013
66037
66039
66039
66039
66039
66039
66039
66039
66039
66039
66039
66039
66039
66039
66039
66039
66039
66039
66039
66039
66039
66041
66051
66068
66093
66124
66157
66181
66221
66256
66291
66322
66407
66472
66530
66588
66647
66706
66760
66843
66901
66962
67019
67075
67119
67192
67250
67309
67365
67422
67479
67536
67583
67622
67649
67667
67687
67708
67727
67746
67770
67799
67828
67856
67887
67916
67936
67953
67953
67953
67953
67953
67953
67953
67953
67953
67953
67953
67953
67953
67953
67953
67953
67953
67953
67953
67953
67954
67955
67955
67955
67955
67955
67955
67955
67955
67955
67955
67955
67955
67955
67955
67955
67955
67955
67955
67955
67955
67955
67955
67955
67955
67955
67955
67955
67955
67955
67955
67955
67955
67955
67955
67955
67955
67955
67955
67955
67955
67955
67955
67955
67955
67956
67973
67981
67981
67982
67982
67982
67982
67982
67982
67982
67984
67986
67987
67987
67987
67987
67987
67987
67987
67987
67987
67987
67987
67987
67987
67987
67987
67987
67987
67987
67987
67987
67987
67987
67987
67987
67987
67987
67987
67987
67987
67987
67987
67999
68012
68026
68029
68029
68029
68029
68029
68029
68029
68029
68029
68029
68029
68029
68029
68029
68029
68029
68029
68029
68029
68029
68029
68029
68029
68029
68029
68029
68029
68029
68029
68029
68029
68029
68029
68029
68029
68029
68029
68029
68029
68029
68029
68029
68029
68029
68029
68029
68029
68029
68029
68029
68029
68029
68029
68029
68029
68029
68029
68029
68029
68029
68029
68029
68029
68029
68032
68040
68047
68079
68118
68147
68164
68182
68199
68247
68273
68301
68327
68349
68371
68427
68483
68512
68531
68545
68555
68563
68570
68587
68633
68696
68723
68795
68837
68880
68920
68952
69009
69091
69167
69220
69280
69331
69416
69500
69559
69624
69679
69737
69790
69828
69828
69828
69828
69828
69828
69828
69828
69828
69828
69828
69828
69828
69828
69828
69828
69828
69828
69833
69843
69855
69878
69939
70005
70074
70099
70119
70136
70200
70277
70350
70380
70400
70412
70416
70416
70416
70416
70416
70416
70432
70445
70457
70475
70496
70507
70507
70520
70570
70594
70655
70733
70806
70848
70943
71020
71033
71033
71033
71033
71053
71114
71174
71250
71300
71325
71325
71325
71325
71325
71325
71325
71325
71325
71325
71325
71325
71325
71329
71340
71365
71410
71453
71483
71500
71500
71500
71500
71500
71504
71524
71548
71570
71586
71586
71586
71586
71588
71606
71623
71637
71645
71656
71679
71711
71735
71744
71749
71752
71755
71764
71773
71774
71774
71774
71774
71774
71774
71774
71774
71774
71774
71774
71774
71774
71774
71774
71774
71774
71774
71774
71774
71774
71774
71774
71774
71774
71774
71774
71774
71774
71774
71774
71774
71774
71774
71774
71774
71774
71774
71774
71774
71774
71774
71774
71774
71774
71774
71774
71774
71774
71774
71774
71774
71774
71774
71774
71774
71774
71774
71774
71774
71774
71774
71774
71774
71774
71774
71774
71774
71774
71774
71774
71774
71774
71774
71774
71774
71774
71774
71774
71774
71774
71774
71774
71774
71774
71774
71774
71774
71774
71774
71774
71774
71774
71774
71774
71774
71774
71774
71774
71774
71774
71774
71774
71774
71774
71774
71774
71774
71774
71774
71774
71774
71774
71774
71774
71774
71774
71774
71774
71774
71774
71774
71774
71774
71774
71774
71774
71774
71774
71774
71774
71774
71774
71774
71774
71774
71774
71774
71774
71774
71774
71774
71774
71774
71774
71774
71774
71774
71774
71774
71774
71774
71774
71774
71774
71774
71774
71774
71774
71774
71774
71774
71774
71774
71774
71774
71774
71774
71774
71774
71774
71774
71774
71774
71774
71774
71774
71774
71774
71774
71774
71774
71774
71774
71774
71774
71774
71774
71774
71774
71774
71774
71774
71774
71774
71774
71774
71774
71774
71774
71774
71774
71774
71774
71774
71774
71774
71774
71774
71774
71774
71774
71774
71774
71776
71777
71777
71778
71782
71791
71796
71796
71796
71796
71796
71796
71796
71796
71796
71796
71796
71796
71796
71796
71796
71796
71796
71796
71796
71796
71796
71796
71796
71796
71796
71796
71796
71796
71796
71796
71796
71796
71796
71796
71796
71796
71796
71796
71796
71796
71796
71796
71796
71796
71796
71796
71796
71796
71796
71796
71796
71796
71796
71796
71796
71796
71796
71796
71796
71796
71796
71796
71796
71796
71796
71796
71796
71796
71796
71796
71796
71796
71796
71796
71796
71796
71796
71796
71796
71796
71796
71796
71796
71796
71796
71796
71796
71796
71796
71796
71796
71796
71796
71796
71796
71796
71796
71796
71796
71796
71796
71796
71796
71796
71796
71796
71796
71796
71796
71796
71796
71796
71796
71796
71796
71796
71796
71796
71796
71796
71796
71796
71796
71796
71796
71796
71796
71796
71796
71796
71796
71796
71796
71796
71796
71796
71796
71796
71796
71796
71796
71796
71796
71796
71796
71796
71796
71796
71796
71796
71796
71796
71796
71796
71796
71796
71796
71796
71796
71796
71796
71796
71796
71796
71796
71796
71796
71796
71796
71796
71796
71796
71796
71796
71796
71796
71796
71796
71796
71796
71796
71796
71796
71796
71796
71796
71796
71796
71796
71796
71796
71796
71796
71796
71796
71796
71796
71796
71796
71796
71796
71796
71796
71796
71796
71796
71796
71796
71796
71796
71796
71796
71796
71796
71796
71796
71796
71796
71796
71796
71796
71796
71796
71796
71796
71796
71796
71796
71796
71796
71796
71796
71796
71796
71796
71796
71796
71796
71796
71796
71796
71796
71796
71796
71796
71796
71796
71796
71796
71796
71796
71796
71796
71796
71796
71796
71796
71796
71801
71851
71914
71963
71989
72013
72034
72048
72061
72079
72133
72193
72259
72285
72324
72375
72422
72458
72488
72518
72546
72573
72595
72601
72604
72604
72604
72604
72604
72604
72604
72604
72604
72604
72604
72604
72604
72611
72660
72718
72751
72781
72823
72917
73011
73066
73128
73186
73244
73304
73359
73436
73522
73590
73648
73707
73766
73826
73881
73937
74013
74071
74128
74186
74247
74306
74364
74418
74497
74576
74629
74687
74772
74873
74909
74928
74950
74967
74983
74995
75007
75017
75037
75091
75161
75208
75244
75289
75320
75386
75478
75566
75624
75682
75708
75728
75770
75794
75817
75836
75883
75921
75960
75999
76040
76082
76121
76163
76204
76244
76279
76317
76354
76387
76412
76430
76445
76450
76451
76451
76451
76451
76451
76451
76451
76453
76453
76453
76453
76453
76461
76472
76502
76556
76580
76581
76581
76581
76581
76581
76581
76581
76581
76581
76581
76586
76599
76649
76709
76771
76822
76844
76868
76890
76911
76930
76944
76966
76977
76984
76985
76985
76985
76985
76985
76985
76985
76985
77009
77060
77118
77177
77238
77292
77351
77398
77441
77508
77566
77612
77657
77700
77747
77797
77848
77890
77950
77996
78055
78113
78171
78228
78287
78344
78404
78457
78537
78595
78654
78713
78770
78827
78881
78941
78998
79041
79102
79157
79214
79274
79331
79392
79449
79508
79564
79646
79716
79773
79831
79890
79938
80015
80074
80131
80190
80248
80306
80365
80416
80472
80499
80519
80539
80556
80572
80581
80620
80675
80736
80766
80793
80820
80848
80876
80908
80974
81063
81164
81220
81275
81334
81387
81470
81537
81593
81682
81733
81789
81846
81904
81962
82022
82082
82162
82249
82308
82360
82395
82453
82526
82589
82612
82634
82651
82664
82675
82683
82691
82701
82712
82721
82757
82793
82829
82869
82914
82963
83006
83050
83086
83116
83149
83184
83215
83251
83280
83305
83325
83343
83357
83372
83382
83392
83401
83432
83472
83480
83480
83480
83480
83480
83480
83480
83480
83480
83480
83495
83531
83599
83668
83741
83771
83800
83826
83848
83913
84007
84089
84142
84195
84253
84298
84350
84390
84432
84513
84584
84637
84685
84729
84770
84798
84869
84964
85058
85166
85276
85368
85429
85485
85543
85594
85655
85716
85771
85827
85880
85956
86029
86087
86147
86205
86264
86321
86357
86431
86520
86611
86671
86739
86850
86953
87002
87085
87168
87192
87207
87219
87224
87225
87225
87225
87225
87227
87234
87254
87270
87298
87351
87399
87466
87529
87539
87544
87545
87550
87568
87595
87620
87634
87648
87674
87722
87748
87771
87778
87778
87778
87778
87778
87778
87778
87778
87778
87786
87822
87868
87919
87969
88018
88069
88101
88138
88168
88189
88235
88282
88324
88367
88407
88450
88489
88525
88554
88577
88595
88596
88596
88596
88596
88596
88596
88596
88596
88596
88596
88596
88596
88596
88596
88596
88596
88596
88596
88596
88596
88596
88597
88600
88607
88610
88619
88643
88707
88769
88827
88915
88975
89018
89060
89099
89135
89172
89204
89267
89338
89378
89424
89464
89507
89552
89594
89636
89681
89726
89774
89817
89868
89919
89975
90033
90079
90152
90238
90293
90347
90418
90501
90579
90637
90695
90753
90811
90858
90934
91004
91062
91110
91215
91315
91363
91459
91549
91606
91627
91631
91631
91631
91631
91631
91631
91631
91631
91631
91631
91631
91631
91631
91631
91631
91631
91631
91651
91701
91752
91810
91869
91924
91973
92037
92093
92152
92203
92261
92319
92379
92436
92497
92554
92613
92690
92788
92865
92906
92948
92991
93027
93060
93082
93103
93122
93140
93158
93177
93198
93245
93280
93314
93347
93380
93408
93443
93479
93518
93560
93601
93649
93694
93742
93794
93879
93948
93964
93972
93975
93975
93975
93975
93975
93975
93975
93975
93975
93975
93975
93976
93978
93978
93978
93978
93978
93978
93978
93978
93978
93978
93978
93978
93978
93978
93978
93978
93978
93978
93978
93978
93978
93978
93978
93978
93978
93978
93978
93978
93978
93978
93978
93978
93978
93978
93978
93978
93978
93989
94019
94057
94103
94146
94185
94232
94273
94306
94335
94362
94382
94402
94416
94438
94490
94553
94585
94618
94653
94691
94733
94776
94841
94899
94942
95014
95078
95137
95194
95249
95309
95369
95426
95487
95545
95606
95661
95719
95768
95827
95876
95922
95958
96019
96104
96179
96238
96296
96352
96407
96454
96464
96498
96548
96598
96674
96714
96776
96833
96893
96950
97008
97067
97113
97144
97176
97236
97293
97313
97323
97331
97331
97331
97331
97331
97331
97331
97331
97331
97331
97331
97334
97334
97334
97334
97334
97334
97334
97334
97334
97334
97334
97334
97339
97352
97370
97397
97434
97477
97526
97574
97623
97675
97711
97777
97837
97895
97948
98025
98090
98145
98201
98258
98313
98370
98438
98522
98587
98628
98648
98661
98676
98689
98712
98727
98743
98760
98772
98801
98849
98890
98903
98903
98903
98903
98903
98903
98903
98903
98903
98903
98903
98903
98903
98903
98903
98903
98903
98903
98903
98903
98903
98903
98903
98903
98903
98903
98903
98903
98903
98903
98917
98970
99007
99016
99023
99028
99056
99082
99082
99082
99082
99082
99082
99082
99082
99082
99082
99082
99082
99082
99082
99082
99082
99082
99082
99082
99082
99082
99084
99104
99142
99178
99209
99238
99241
99241
99241
99241
99241
99242
99242
99242
99242
99242
99242
99242
99242
99243
99243
99243
99243
99243
99243
99243
99243
99243
99243
99243
99243
99243
99243
99243
99243
99243
99243
99243
99243
99243
99243
99243
99243
99243
99243
99243
99243
99243
99243
99243
99243
99250
99261
99272
99278
99278
99278
99278
99278
99278
99278
99278
99278
99278
99278
99278
99278
99278
99278
99278
99278
99278
99278
99278
99284
99301
99328
99355
99384
99417
99445
99492
99552
99585
99613
99640
99662
99678
99678
99678
99678
99678
99678
99678
99678
99678
99678
99678
99678
99678
99678
99678
99678
99678
99681
99695
99699
99699
99699
99699
99699
99700
99700
99700
99700
99700
99700
99700
99700
99701
99702
99704
99712
99712
99712
99712
99712
99712
99712
99712
99712
99712
99712
99712
99712
99712
99712
99712
99712
99712
99712
99712
99712
99712
99712
99712
99712
99712
99712
99712
99712
99712
99712
99712
99712
99712
99712
99712
99712
99712
99712
99712
99712
99712
99712
99712
99712
99712
99712
99712
99712
99712
99712
99712
99712
99712
99712
99712
99712
99712
99712
99712
99712
99712
99712
99712
99712
99712
99712
99712
99712
99712
99712
99712
99712
99712
99712
99712
99712
99712
99712
99712
99712
99712
99712
99712
99712
99712
99712
99712
99712
99712
99712
99712
99712
99712
99712
99712
99712
99712
99712
99712
99712
99712
99712
99712
99712
99712
99712
99712
99712
99712
99712
99712
99712
99712
99712
99712
99712
99712
99712
99712
99712
99712
99712
99712
99712
99712
99712
99712
99712
99712
99712
99712
99712
99712
99712
99712
99712
99712
99712
99712
99712
99712
99712
99712
99712
99712
99712
99712
99712
99712
99712
99712
99712
99712
99712
99712
99712
99712
99712
99712
99712
99712
99712
99712
99712
99712
99712
99712
99712
99712
99712
99712
99712
99712
99712
99712
99712
99712
99712
99712
99712
99712
99712
99712
99712
99712
99712
99712
99712
99712
99712
99712
99712
99712
99712
99712
99712
99712
99712
99712
99712
99712
99712
99712
99712
99712
99712
99712
99712
99712
99712
99712
99712
99712
99712
99712
99712
99712
99712
99712
99712
99712
99712
99712
99712
99712
99712
99712
99712
99712
99712
99712
99712
99712
99712
99712
99712
99712
99712
99712
99712
99718
99738
99762
99804
99856
99913
99981
100030
100055
100072
100080
100082
100082
100082
100082
100082
100082
100082
100082
100082
100082
100082
100082
100082
100082
100082
100082
100082
100082
100082
100082
100088
100097
100107
100123
100140
100148
100156
100162
100163
100163
100163
100163
100163
100163
100163
100163
100163
100163
100163
100163
100163
100163
100164
100166
100169
100172
100176
100183
100192
100196
100203
100207
100207
100207
100207
100207
100207
100207
100207
100207
100207
100207
100207
100207
100207
100207
100207
100207
100207
100207
100207
100207
100207
100207
100207
100207
100207
100207
100207
100207
100207
100207
100207
100207
100207
100207
100207
100207
100207
100207
100207
100207
100207
100207
100207
100207
100207
100207
100207
100207
100207
100207
100207
100207
100207
100207
100207
100207
100207
100207
100207
100207
100207
100207
100207
100207
100207
100207
100207
100207
100207
100207
100207
100207
100207
100207
100207
100212
100227
100239
100239
100239
100239
100239
100239
100239
100239
100239
100239
100239
100239
100239
100239
100239
100239
100239
100239
100239
100239
100239
100239
100239
100239
100239
100239
100239
100239
100239
100239
100239
100239
100239
100239
100239
100239
100239
100239
100239
100239
100239
100239
100239
100239
100239
100239
100239
100239
100239
100239
100239
100239
100239
100239
100239
100239
100239
100239
100239
100239
100239
100239
100239
100239
100246
100256
100268
100294
100298
100298
100298
100334
100391
100434
100448
100502
100573
100616
100644
100662
100681
100694
100709
100720
100736
100783
100845
100869
100893
100916
100936
100955
100968
100971
100971
100971
100971
100971
100971
100971
100971
100971
100971
101012
101061
101145
101231
101298
101340
101380
101446
101497
101548
101598
101648
101689
101733
101767
101784
101791
101794
101795
101795
101795
101795
101795
101795
101795
101795
101795
101795
101795
101795
101795
101795
101795
101795
101795
101795
101796
101800
101801
101801
101801
101801
101801
101801
101801
101801
101801
101801
101801
101801
101801
101801
101801
101801
101801
101801
101803
101811
101821
101821
101821
101821
101821
101821
101821
101821
101821
101821
101821
101821
101821
101821
101821
101821
101821
101821
101821
101821
101821
101821
101821
101821
101821
101821
101821
101821
101821
101821
101821
101821
101821
101821
101821
101821
101821
101821
101821
101821
101821
101821
101821
101821
101821
101821
101821
101828
101875
101916
101976
102019
102050
102078
102105
102131
102152
102168
102209
102238
102248
102248
102248
102248
102248
102248
102248
102248
102248
102248
102248
102280
102331
102380
102397
102397
102397
102397
102397
102397
102397
102397
102397
102397
102397
102397
102397
102397
102397
102397
102397
102399
102422
102470
102521
102574
102625
102676
102684
102684
102684
102710
102760
102800
102830
102849
102862
102872
102899
102912
102912
102912
102912
102912
102912
102912
102912
102912
102912
102912
102921
102946
102958
102973
102975
102975
102975
102975
102975
102975
102975
102975
102975
102975
102975
102975
102975
102975
102975
102975
102975
102975
102975
102975
102975
102975
102975
102975
102975
102975
102975
102975
102975
102975
102975
102975
102975
102975
102975
102975
102975
102975
102975
102975
102975
102975
102975
102975
102975
102975
102975
102975
102975
102975
102975
102975
102975
102975
102975
102975
102975
102975
102975
102975
102975
102975
102975
102975
102975
102975
102975
102975
102975
102975
102975
102975
102975
102975
102975
102975
102975
102975
102975
102975
102975
102975
102975
102975
102975
102975
102975
102975
102975
102975
102975
102975
102975
102975
102975
102975
102975
102975
102975
102975
102975
102975
102975
102975
102975
102975
102975
102975
102975
102975
102975
102975
102975
102975
102975
102975
102975
102975
102975
102975
102975
102975
102975
102975
102975
102975
102975
102975
102975
102975
102975
102975
102975
102975
102975
102975
102975
102975
102975
102975
102975
102975
102975
102975
102975
102975
102975
102975
102975
102975
102975
102975
102975
102975
102975
102975
102975
102975
102975
102975
102975
102975
102975
102975
102975
102975
102975
102975
102975
102975
102975
102975
102975
102975
102975
102975
102975
102975
102975
102975
102975
102975
102975
102975
102975
102975
102975
102982
103009
103039
103074
103106
103143
103178
103212
103243
103265
103286
103304
103305
103305
103305
103305
103305
103305
103305
103305
103305
103305
103306
103315
103331
103341
103341
103341
103342
103352
103393
103428
103446
103452
103453
103453
103453
103453
103453
103453
103455
103463
103479
103483
103484
103484
103484
103484
103484
103484
103484
103484
103484
103484
103484
103484
103484
103484
103484
103484
103484
103484
103484
103484
103484
103484
103484
103484
103484
103484
103484
103484
103484
103484
103484
103484
103484
103484
103484
103484
103484
103484
103484
103484
103484
103484
103484
103484
103484
103484
103484
103484
103484
103484
103484
103484
103484
103484
103484
103496
103529
103571
103599
103630
103666
103701
103733
103774
103841
103904
103969
104071
104141
104204
104276
104331
104387
104443
104503
104563
104604
104670
104740
104834
104922
104973
104989
105001
105010
105041
105065
105075
105097
105152
105199
105223
105243
105259
105274
105288
105306
105360
105432
105472
105508
105600
105673
105725
105760
105793
105827
105860
105903
105984
106059
106099
106167
106225
106279
106331
106386
106439
106491
106528
106566
106599
106619
106626
106641
106656
106673
106709
106761
106791
106824
106854
106890
106936
107010
107069
107125
107182
107242
107297
107358
107415
107473
107532
107577
107658
107748
107833
107881
107926
107968
108025
108080
108118
108152
108177
108197
108217
108234
108243
108251
108254
108255
108259
108268
108277
108301
108322
108349
108375
108379
108395
108440
108480
108522
108576
108633
108679
108721
108763
108805
108839
108915
109007
109081
109151
109196
109227
109260
109289
109312
109330
109341
109353
109365
109379
109395
109405
109455
109515
109573
109612
109653
109684
109701
109707
109722
109735
109735
109735
109744
109793
109859
109921
109994
110069
110099
110124
110147
110162
110164
110164
110164
110164
110165
110165
110165
110165
110168
110178
110190
110221
110279
110321
110352
110369
110375
110375
110375
110375
110375
110375
110375
110384
110398
110412
110429
110442
110446
110446
110446
110446
110446
110446
110446
110446
110446
110446
110446
110446
110446
110446
110446
110446
110446
110446
110446
110446
110446
110446
110446
110446
110446
110446
110446
110446
110446
110446
110446
110446
110446
110446
110446
110446
110446
110446
110446
110446
110446
110446
110446
110446
110446
110446
110446
110446
110446
110446
110446
110446
110446
110446
110446
110446
110446
110446
110446
110446
110446
110446
110446
110446
110446
110446
110446
110446
110446
110446
110446
110446
110446
110446
110446
110446
110446
110446
110446
110446
110446
110446
110446
110446
110446
110446
110446
110446
110446
110446
110446
110446
110446
110446
110446
110446
110446
110446
110446
110446
110446
110446
110446
110446
110446
110446
110446
110446
110446
110446
110446
110446
110446
110446
110446
110446
110446
110446
110446
110450
110467
110471
110471
110471
110471
110471
110471
110471
110471
110471
110471
110481
110504
110533
110561
110593
110626
110662
110682
110689
110700
110705
110706
110710
110712
110713
110713
110713
110713
110713
110713
110713
110713
110713
110713
110713
110713
110713
110713
110713
110713
110713
110714
110714
110716
110720
110721
110723
110724
110724
110724
110724
110724
110724
110724
110724
110724
110724
110724
110724
110724
110724
110724
110724
110724
110724
110724
110724
110724
110724
110724
110733
110750
110750
110756
110777
110798
110818
110837
110852
110863
110876
110877
110877
110877
110877
110877
110877
110877
110877
110877
110877
110877
110877
110877
110877
110877
110877
110877
110877
110877
110877
110883
110909
110950
110990
111013
111013
111013
111021
111031
111031
111031
111031
111031
111031
111031
111031
111031
111031
111031
111031
111031
111031
111031
111031
111031
111031
111031
111031
111031
111031
111031
111031
111031
111031
111031
111031
111031
111031
111031
111031
111031
111031
111033
111033
111033
111033
111033
111033
111033
111033
111033
111033
111033
111033
111033
111033
111033
111033
111033
111033
111033
111033
111033
111033
111033
111033
111033
111033
111033
111033
111033
111033
111033
111033
111033
111033
111033
111033
111033
111033
111033
111033
111033
111033
111033
111033
111033
111033
111033
111033
111033
111033
111033
111033
111033
111033
111033
111033
111033
111033
111033
111033
111033
111033
111033
111033
111033
111033
111033
111033
111033
111033
111033
111033
111033
111033
111033
111033
111033
111033
111033
111033
111033
111033
111033
111033
111033
111033
111033
111033
111033
111033
111033
111033
111033
111033
111033
111033
111033
111033
111033
111033
111033
111033
111033
111033
111033
111033
111033
111033
111033
111033
111033
111033
111033
111033
111033
111033
111033
111033
111033
111033
111033
111033
111033
111033
111033
111033
111033
111033
111033
111033
111033
111033
111033
111033
111033
111033
111033
111033
111033
111033
111033
111033
111033
111033
111033
111033
111033
111033
111033
111033
111033
111033
111033
111033
111033
111033
111033
111033
111033
111033
111033
111033
111033
111033
111033
111033
111033
111033
111033
111033
111033
111033
111033
111033
111033
111033
111033
111033
111033
111033
111033
111033
111033
111033
111033
111033
111033
111033
111033
111033
111033
111033
111033
111033
111033
111033
111033
111033
111033
111033
111033
111033
111033
111033
111033
111033
111033
111033
111033
111033
111033
111033
111033
111033
111033
111033
111033
111033
111033
111033
111033
111035
111035
111035
111035
111035
111035
111035
111035
111035
111035
111035
111035
111035
111035
111035
111035
111035
111035
111035
111035
111035
111035
111035
111035
111035
111035
111035
111035
111035
111035
111035
111035
111035
111035
111035
111035
111035
111035
111035
111035
111035
111035
111035
111035
111035
111035
111035
111035
111035
111035
111035
111035
111035
111035
111035
111035
111035
111035
111035
111035
111035
111035
111035
111035
111035
111035
111035
111035
111035
111035
111035
111035
111035
111035
111035
111035
111035
111035
111035
111035
111035
111035
111035
111035
111035
111035
111035
111035
111035
111035
111035
111035
111035
111035
111035
111035
111035
111035
111035
111035
111035
111035
111035
111035
111035
111035
111035
111035
111035
111035
111035
111035
111035
111035
111035
111035
111035
111035
111035
111035
111035
111035
111035
111035
111035
111035
111035
111035
111035
111035
111035
111035
111035
111035
111035
111035
111035
111035
111035
111035
111035
111035
111035
111035
111035
111035
111035
111035
111035
111035
111035
111035
111035
111035
111035
111035
111035
111035
111035
111035
111035
111035
111035
111035
111035
111035
111035
111035
111035
111035
111035
111035
111035
111035
111035
111035
111035
111035
111035
111035
111035
111035
111035
111035
111035
111035
111035
111035
111035
111035
111035
111035
111035
111035
111035
111035
111035
111035
111035
111035
111035
111035
111035
111035
111035
111035
111035
111035
111035
111035
111035
111035
111035
111035
111035
111035
111035
111035
111035
111035
111035
111035
111035
111035
111035
111035
111035
111035
111035
111035
111035
111035
111035
111035
111035
111035
111035
111035
111035
111035
111035
111035
111035
111035
111035
111035
111035
111035
111035
111035
111035
111035
111035
111035
111035
111035
111035
111035
111035
111035
111035
111035
111035
111035
111035
111035
111035
111035
111035
111035
111035
111035
111035
111035
111035
111035
111035
111035
111035
111035
111035
111035
111035
111035
111035
111035
111035
111035
111035
111035
111035
111035
111035
111035
111035
111035
111035
111035
111035
111035
111035
111035
111035
111035
111035
111035
111035
111035
111035
111035
111035
111035
111035
111035
111035
111035
111035
111035
111035
111035
111035
111035
111035
111035
111035
111035
111035
111035
111035
111035
111035
111035
111035
111035
111035
111035
111035
111035
111035
111035
111035
111035
111035
111035
111035
111035
111035
111035
111035
111035
111035
111036
111060
111098
111136
111150
111178
111201
111219
111235
111247
111254
111257
111258
111261
111294
111343
111392
111424
111451
111476
111501
111523
111541
111562
111586
111606
111627
111649
111672
111693
111711
111729
111748
111770
111791
111814
111838
111868
111903
111937
111975
112013
112039
112067
112088
112093
112093
112093
112093
112093
112093
112093
112093
112093
112093
112093
112093
112093
112093
112093
112093
112093
112093
112093
112093
112093
112093
112093
112093
112093
112093
112093
112093
112093
112093
112093
112093
112093
112093
112093
112093
112093
112093
112093
112093
112093
112093
112093
112093
112093
112093
112093
112093
112093
112093
112093
112093
112093
112093
112093
112093
112093
112093
112093
112093
112093
112093
112093
112093
112093
112093
112093
112093
112093
112093
112093
112093
112093
112093
112093
112093
112093
112093
112093
112093
112093
112093
112093
112093
112093
112093
112093
112093
112093
112093
112093
112093
112093
112093
112093
112093
112093
112093
112093
112093
112093
112093
112093
112098
112107
112123
112143
112179
112188
112242
112277
112307
112334
112341
112341
112341
112341
112341
112341
112341
112341
112341
112341
112343
112343
112343
112343
112343
112343
112343
112343
112343
112343
112343
112343
112343
112343
112343
112343
112343
112343
112343
112343
112343
112343
112343
112343
112343
112343
112343
112343
112343
112343
112343
112343
112343
112343
112343
112343
112343
112343
112343
112343
112343
112343
112343
112343
112343
112343
112343
112343
112343
112343
112343
112343
112343
112343
112343
112343
112343
112343
112343
112343
112343
112343
112343
112343
112343
112343
112343
112343
112343
112343
112343
112343
112343
112343
112343
112343
112343
112343
112343
112343
112343
112343
112343
112343
112343
112343
112343
112343
112343
112343
112343
112343
112343
112343
112343
112343
112343
112343
112343
112343
112343
112343
112343
112343
112343
112343
112343
112343
112343
112343
112343
112343
112343
112343
112343
112343
112343
112343
112343
112343
112343
112343
112343
112343
112343
112343
112343
112343
112343
112343
112343
112343
112343
112343
112343
112343
112343
112343
112343
112343
112343
112343
112343
112343
112343
112343
112343
112343
112343
112343
112343
112343
112343
112343
112343
112343
112343
112343
112343
112343
112343
112343
112343
112343
112343
112343
112343
112343
112343
112343
112343
112343
112343
112343
112343
112343
112343
112343
112343
112343
112343
112343
112343
112343
112343
112343
112343
112343
112343
112343
112343
112343
112343
112343
112343
112343
112343
112343
112343
112343
112343
112343
112343
112343
112343
112343
112343
112343
112343
112343
112343
112343
112343
112343
112343
112343
112343
112343
112343
112343
112343
112343
112343
112343
112343
112343
112343
112343
112343
112343
112343
112343
112343
112343
112343
112343
112343
112343
112343
112343
112343
112343
112343
112343
112343
112343
112343
112343
112343
112343
112343
112343
112343
112343
112343
112343
112343
112343
112343
112343
112343
112343
112343
112343
112343
112343
112343
112343
112343
112343
112343
112343
112343
112343
112343
112343
112343
112343
112343
112343
112343
112343
112343
112343
112343
112343
112343
112343
112343
112343
112343
112343
112343
112343
112343
112343
112343
112343
112343
112343
112343
112343
112343
112343
112343
112343
112343
112343
112343
112343
112343
112343
112343
112343
112343
112343
112343
112343
112343
112343
112343
112343
112343
112343
112343
112343
112343
112343
112343
112343
112343
112343
112343
112343
112343
112343
112343
112343
112343
112343
112343
112343
112343
112343
112343
112343
112343
112343
112343
112343
112343
112343
112343
112352
112384
112430
112481
112538
112596
112633
112654
112655
112655
112655
112655
112655
112655
112655
112655
112655
112655
112655
112655
112655
112655
112655
112655
112655
112655
112655
112655
112655
112655
112655
112655
112655
112655
112655
112655
112655
112655
112655
112655
112655
112655
112655
112655
112655
112655
112655
112655
112655
112655
112655
112655
112655
112655
112655
112655
112655
112655
112655
112665
112729
112785
112829
112848
112854
112854
112854
112854
112854
112854
112855
112866
112884
112909
112926
112942
112958
112980
113042
113114
113158
113193
113202
113203
113203
113203
113203
113203
113203
113203
113203
113203
113206
113222
113249
113264
113274
113274
113274
113274
113274
113274
113281
113296
113311
113323
113331
113334
113335
113335
113335
113335
113335
113335
113337
113337
113337
113337
113337
113337
113337
113337
113337
113337
113337
113337
113337
113337
113337
113337
113337
113337
113337
113337
113337
113337
113337
113337
113337
113337
113337
113337
113337
113337
113337
113337
113337
113337
113337
113337
113337
113337
113337
113337
113337
113337
113337
113337
113337
113337
113337
113337
113337
113337
113337
113337
113337
113337
113337
113337
113337
113337
113337
113337
113337
113337
113337
113337
113337
113337
113337
113337
113337
113337
113337
113337
113337
113337
113337
113337
113337
113337
113337
113337
113337
113337
113337
113337
113337
113337
113337
113337
113337
113337
113337
113337
113337
113337
113337
113337
113337
113337
113337
113337
113337
113337
113337
113337
113337
113337
113337
113337
113337
113337
113337
113337
113337
113337
113337
113337
113337
113337
113337
113337
113337
113337
113337
113337
113337
113337
113337
113337
113337
113337
113337
113337
113337
113337
113337
113337
113337
113337
113337
113337
113337
113337
113337
113337
113337
113337
113337
113337
113337
113337
113337
113337
113337
113337
113337
113337
113337
113337
113337
113337
113337
113337
113337
113337
113337
113337
113337
113337
113337
113337
113337
113337
113337
113337
113337
113337
113337
113337
113337
113337
113337
113337
113337
113337
113337
113337
113337
113337
113337
113337
113337
113337
113337
113337
113337
113337
113337
113337
113337
113337
113337
113337
113337
113337
113337
113337
113337
113337
113337
113337
113337
113337
113337
113337
113337
113337
113337
113337
113337
113337
113337
113337
113337
113337
113337
113337
113337
113337
113337
113337
113337
113337
113337
113337
113337
113337
113337
113337
113337
113337
113337
113337
113337
113337
113337
113337
113337
113337
113337
113337
113337
113337
113337
113337
113337
113337
113337
113337
113337
113337
113337
113337
113337
113337
113337
113337
113346
113362
113383
113386
113386
113386
113386
113386
113386
113403
113421
113431
113432
113439
113457
113481
113507
113538
113572
113608
113649
113695
113745
113795
113834
113856
113869
113873
113873
113873
113874
113878
113883
113886
113893
113895
113895
113895
113895
113895
113895
113895
113895
113895
113895
113895
113895
113895
113895
113895
113895
113895
113895
113895
113895
113895
113895
113895
113895
113895
113895
113895
113895
113895
113896
113896
113896
113896
113896
113896
113896
113896
113896
113896
113896
113896
113896
113896
113896
113896
113896
113896
113896
113896
113896
113896
113896
113896
113896
113896
113896
113896
113896
113896
113896
113896
113896
113896
113896
113896
113896
113896
113896
113896
113896
113896
113896
113896
113896
113896
113896
113896
113896
113896
113896
113896
113896
113896
113896
113896
113896
113896
113896
113896
113896
113896
113896
113896
113896
113896
113896
113896
113896
113896
113896
113896
113896
113896
113896
113896
113896
113896
113896
113896
113896
113896
113896
113896
113896
113896
113896
113896
113896
113896
113896
113896
113896
113896
113896
113896
113896
113896
113896
113896
113896
113896
113896
113896
113896
113896
113896
113896
113896
113896
113896
113896
113896
113896
113896
113896
113896
113896
113896
113896
113896
113896
113896
113896
113896
113896
113896
113896
113896
113896
113896
113896
113896
113896
113896
113896
113896
113896
113896
113896
113896
113896
113896
113896
113896
113896
113896
113896
113896
113896
113896
113896
113896
113896
113896
113896
113896
113896
113896
113896
113896
113896
113896
113896
113896
113896
113896
113896
113896
113896
113896
113896
113896
113896
113896
113896
113896
113896
113896
113896
113896
113896
113896
113896
113896
113896
113897
113897
113897
113897
113897
113897
113897
113897
113897
113897
113897
113897
113897
113897
113897
113897
113897
113897
113897
113897
113897
113897
113897
113897
113897
113900
113901
113902
113902
113902
113902
113902
113902
113902
113902
113902
113902
113902
113902
113902
113902
113902
113902
113902
113902
113902
113902
113902
113902
113902
113902
113902
113902
113902
113902
113902
113902
113902
113902
113902
113902
113902
113902
113902
113902
113902
113902
113902
113902
113902
113902
113902
113902
113902
113902
113902
113902
113902
113902
113902
113902
113902
113902
113902
113902
113902
113902
113902
113902
113902
113902
113902
113902
113902
113902
113902
113902
113902
113902
113902
113902
113902
113902
113902
113902
113902
113902
113902
113902
113902
113902
113902
113902
113902
113902
113902
113902
113902
113902
113902
113902
113902
113902
113902
113902
113902
113902
113902
113902
113902
113902
113902
113902
113902
113902
113902
113902
113902
113902
113902
113902
113902
113902
113902
113902
113902
113902
113902
113902
113902
113902
113902
113902
113902
113902
113902
113903
113922
113948
113982
114026
114064
114082
114082
114082
114082
114082
114082
114082
114082
114082
114082
114082
114082
114082
114082
114082
114082
114082
114082
114082
114082
114082
114082
114082
114082
114082
114082
114082
114082
114082
114082
114082
114082
114082
114082
114082
114082
114082
114082
114082
114082
114082
114082
114082
114082
114082
114082
114082
114082
114082
114082
114082
114082
114082
114082
114082
114082
114082
114082
114082
114082
114082
114082
114082
114082
114082
114082
114082
114082
114082
114082
114082
114082
114082
114082
114082
114082
114082
114082
114082
114082
114082
114082
114082
114082
114082
114082
114082
114082
114082
114082
114082
114082
114082
114082
114082
114082
114082
114082
114082
114082
114082
114082
114082
114082
114082
114082
114082
114082
114082
114082
114082
114082
114082
114082
114082
114082
114082
114082
114082
114082
114082
114082
114082
114082
114082
114082
114082
114082
114082
114082
114082
114082
114082
114082
114082
114082
114082
114082
114082
114082
114082
114082
114082
114082
114082
114082
114082
114082
114082
114082
114082
114082
114082
114082
114082
114082
114082
114082
114082
114082
114082
114082
114082
114082
114082
114082
114082
114082
114082
114082
114082
114082
114082
114082
114082
114082
114082
114082
114082
114082
114082
114082
114082
114082
114082
114082
114082
114082
114082
114082
114082
114082
114082
114082
114082
114082
114082
114082
114082
114082
114082
114082
114082
114082
114082
114082
114082
114082
114082
114082
114082
114082
114082
114082
114082
114082
114082
114082
114082
114082
114082
114082
114082
114082
114082
114082
114082
114082
114082
114082
114082
114082
114082
114082
114082
114082
114082
114082
114082
114082
114082
114082
114082
114082
114082
114082
114082
114082
114082
114082
114082
114082
114082
114082
114082
114082
114082
114082
114082
114082
114082
114082
114082
114082
114082
114082
114082
114082
114082
114082
114082
114082
114082
114082
114082
114082
114082
114082
114082
114082
114082
114082
114082
114082
114082
114082
114082
114082
114082
114082
114082
114082
114082
114082
114082
114082
114082
114082
114082
114082
114082
114082
114082
114082
114082
114082
114082
114082
114082
114082
114082
114082
114082
114082
114082
114082
114082
114082
114082
114082
114082
114082
114082
114082
114082
114082
114082
114082
114082
114082
114082
114082
114082
114082
114082
114082
114082
114082
114082
114082
114082
114082
114082
114082
114082
114082
114082
114082
114082
114082
114082
114082
114082
114082
114082
114082
114082
114082
114082
114082
114082
114082
114082
114082
114082
114082
114082
114082
114082
114082
114082
114082
114082
114082
114082
114082
114082
114082
114082
114082
114082
114082
114082
114082
114082
114082
114082
114082
114082
114082
114082
114082
114082
114082
114082
114082
114082
114082
114082
114082
114082
114082
114082
114082
114082
114082
114082
114082
114082
114082
114082
114082
114082
114082
114082
114082
114082
114082
114082
114082
114082
114082
114082
114082
114082
114082
114082
114082
114082
114082
114082
114082
114082
114082
114082
114089
114115
114150
114173
114186
114188
114188
114188
114188
114188
114188
114188
114188
114188
114188
114188
114188
114188
114188
114188
114188
114188
114188
114188
114188
114188
114188
114188
114188
114188
114188
114188
114188
114188
114188
114188
114188
114188
114188
114188
114188
114188
114188
114190
114200
114209
114211
114212
114216
114221
114247
114282
114308
114308
114308
114308
114308
114308
114308
114308
114308
114308
114308
114308
114308
114308
114308
114308
114308
114308
114308
114308
114308
114308
114308
114308
114308
114308
114308
114308
114308
114308
114308
114308
114308
114308
114308
114308
114308
114308
114308
114308
114308
114308
114308
114308
114308
114308
114308
114308
114308
114308
114308
114308
114308
114308
114308
114308
114308
114308
114308
114308
114308
114308
114308
114308
114308
114308
114308
114308
114308
114308
114308
114308
114308
114308
114308
114308
114308
114308
114308
114308
114308
114308
114308
114308
114308
114308
114308
114308
114308
114308
114308
114308
114308
114308
114308
114308
114308
114308
114308
114308
114308
114308
114308
114308
114308
114308
114308
114308
114308
114308
114308
114308
114308
114308
114308
114308
114308
114308
114308
114308
114308
114308
114308
114308
114308
114308
114308
114308
114308
114308
114308
114308
114308
114308
114308
114308
114308
114308
114308
114308
114308
114308
114308
114308
114308
114308
114308
114308
114308
114308
114308
114308
114308
114308
114308
114308
114308
114308
114308
114308
114308
114308
114308
114308
114308
114308
114308
114308
114308
114308
114308
114308
114308
114308
114308
114308
114308
114308
114308
114308
114308
114309
114310
114310
114310
114312
114316
114323
114323
114323
114323
114323
114323
114323
114323
114323
114323
114323
114327
114343
114397
114457
114523
114616
114709
114766
114824
114881
114937
115017
115121
115225
115296
115364
115380
115389
115393
115393
115393
115396
115396
115396
115397
115409
115425
115443
115471
115508
115541
115567
115574
115574
115574
115574
115574
115577
115582
115595
115625
115662
115684
115688
115688
115688
115688
115688
115688
115688
115690
115696
115713
115728
115731
115731
115731
115731
115731
115731
115731
115731
115731
115731
115731
115731
115731
115731
115731
115731
115731
115731
115731
115731
115731
115731
115731
115731
115731
115731
115731
115731
115731
115731
115731
115731
115731
115731
115731
115731
115731
115731
115731
115731
115731
115731
115731
115731
115731
115731
115731
115731
115731
115731
115731
115731
115731
115731
115731
115731
115731
115731
115732
115739
115745
115745
115771
115835
115885
115950
116012
116066
116129
116180
116184
116184
116184
116184
116184
116184
116184
116184
116184
116184
116184
116184
116184
116184
116184
116184
116184
116184
116184
116184
116184
116184
116184
116184
116184
116184
116184
116184
116184
116184
116184
116184
116184
116184
116184
116184
116184
116192
116206
116222
116234
116237
116241
116242
116242
116242
116245
116249
116250
116252
116252
116254
116254
116254
116254
116254
116254
116254
116254
116254
116254
116254
116254
116254
116254
116254
116254
116254
116254
116254
116254
116254
116254
116254
116254
116254
116254
116254
116254
116254
116254
116254
116254
116254
116254
116254
116254
116254
116254
116254
116254
116254
116254
116254
116254
116254
116254
116254
116254
116254
116254
116254
116254
116254
116254
116254
116254
116254
116254
116254
116254
116254
116254
116254
116254
116254
116254
116254
116254
116254
116254
116254
116254
116254
116254
116254
116254
116254
116254
116254
116254
116254
116254
116254
116254
116254
116254
116254
116254
116254
116254
116254
116254
116254
116254
116254
116254
116254
116254
116254
116254
116254
116254
116254
116254
116254
116254
116254
116254
116254
116254
116254
116254
116254
116254
116254
116254
116254
116254
116254
116254
116254
116254
116254
116254
116254
116254
116254
116254
116254
116254
116254
116254
116254
116254
116254
116254
116254
116254
116254
116254
116254
116254
116254
116254
116254
116254
116254
116254
116254
116254
116254
116254
116254
116254
116254
116254
116254
116254
116254
116254
116254
116254
116254
116254
116254
116254
116254
116254
116254
116254
116254
116254
116254
116254
116254
116254
116254
116254
116254
116254
116254
116254
116254
116254
116254
116254
116254
116254
116254
116254
116254
116254
116254
116254
116254
116254
116254
116254
116254
116254
116254
116254
116254
116254
116254
116254
116254
116254
116254
116254
116254
116254
116254
116254
116254
116254
116254
116254
116254
116254
116254
116254
116254
116254
116254
116254
116254
116254
116254
116254
116254
116254
116254
116254
116254
116254
116254
116254
116254
116254
116254
116254
116254
116254
116254
116254
116254
116254
116254
116254
116254
116254
116254
116254
116254
116254
116254
116254
116254
116254
116254
116254
116254
116254
116254
116254
116254
116254
116254
116254
116254
116254
116254
116254
116254
116254
116254
116254
116254
116254
116254
116254
116254
116254
116254
116254
116254
116254
116254
116254
116254
116254
116254
116254
116254
116254
116254
116254
116254
116254
116254
116254
116254
116254
116254
116266
116287
116315
116344
116370
116376
116376
116376
116376
116376
116376
116376
116376
116376
116376
116376
116376
116376
116376
116376
116376
116376
116376
116376
116376
116376
116376
116376
116376
116376
116376
116376
116376
116376
116376
116376
116376
116376
116376
116376
116376
116376
116376
116376
116376
116376
116376
116376
116376
116376
116376
116376
116376
116376
116376
116376
116376
116376
116376
116376
116376
116376
116376
116376
116376
116376
116376
116376
116376
116376
116376
116376
116376
116376
116376
116376
116376
116376
116376
116376
116376
116376
116376
116376
116376
116376
116376
116376
116376
116376
116376
116376
116376
116376
116376
116376
116376
116376
116376
116376
116376
116376
116376
116376
116376
116376
116376
116376
116376
116376
116376
116376
116376
116376
116376
116376
116376
116376
116376
116376
116376
116376
116376
116376
116376
116376
116376
116376
116376
116376
116376
116376
116376
116376
116376
116376
116376
116376
116376
116376
116376
116376
116376
116376
116376
116376
116376
116376
116376
116376
116376
116376
116376
116376
116376
116376
116376
116376
116376
116376
116376
116376
116376
116376
116376
116376
116376
116376
116376
116376
116376
116376
116376
116376
116376
116376
116376
116376
116376
116376
116376
116376
116376
116376
116376
116376
116376
116376
116376
116376
116376
116376
116376
116376
116376
116376
116376
116376
116376
116376
116376
116376
116376
116376
116376
116376
116376
116376
116376
116376
116376
116376
116376
116376
116376
116376
116376
116376
116376
116376
116376
116376
116376
116376
116376
116376
116376
116376
116376
116376
116376
116376
116376
116376
116376
116376
116376
116376
116376
116376
116376
116376
116376
116376
116376
116376
116376
116376
116376
116376
116376
116376
116376
116376
116376
116376
116376
116376
116376
116376
116376
116376
116376
116376
116376
116376
116376
116376
116376
116376
116376
116376
116376
116376
116376
116376
116376
116376
116376
116376
116376
116376
116376
116376
116376
116376
116376
116376
116376
116376
116376
116376
116376
116376
116376
116376
116376
116376
116376
116376
116376
116376
116376
116376
116376
116376
116376
116376
116376
116376
116376
116376
116376
116376
116376
116376
116376
116376
116376
116376
116376
116376
116376
116376
116377
116378
116378
116378
116378
116378
116378
116378
116378
116378
116378
116378
116378
116378
116378
116378
116378
116378
116378
116378
116378
116378
116378
116378
116378
116378
116378
116378
116378
116378
116378
116378
116378
116378
116378
116378
116378
116378
116378
116378
116378
116378
116378
116378
116378
116378
116378
116378
116378
116378
116378
116378
116378
116378
116378
116378
116378
116378
116378
116378
116378
116378
116378
116378
116378
116378
116378
116378
116378
116378
116378
116378
116378
116380
116406
116444
116487
116544
116602
116657
116697
116769
116856
116924
116985
117045
117086
117114
117138
117153
117164
117168
117168
117177
117200
117217
117217
117217
117217
117217
117217
117217
117217
117217
117217
117220
117260
117314
117357
117441
117527
117597
117637
117677
117710
117742
117768
117793
117816
117830
117878
117953
118034
118134
118208
118255
118284
118304
118320
118334
118344
118345
118345
118348
118357
118364
118378
118399
118426
118454
118472
118472
118472
118472
118472
118472
118472
118472
118472
118474
118483
118502
118526
118546
118553
118555
118556
118556
118556
118556
118556
118556
118556
118556
118556
118556
118556
118556
118556
118556
118556
118556
118556
118556
118556
118556
118556
118556
118556
118556
118556
118556
118556
118556
118556
118556
118556
118556
118556
118556
118556
118556
118556
118556
118556
118557
118557
118557
118557
118557
118557
118557
118557
118557
118557
118557
118557
118557
118557
118557
118557
118557
118557
118557
118557
118557
118557
118557
118557
118557
118557
118557
118557
118557
118557
118557
118557
118557
118557
118557
118557
118557
118557
118557
118557
118557
118557
118557
118557
118557
118557
118557
118557
118557
118557
118557
118557
118557
118557
118557
118558
118558
118558
118558
118558
118558
118558
118558
118558
118558
118558
118558
118558
118558
118558
118558
118558
118558
118558
118558
118558
118558
118558
118558
118558
118558
118558
118558
118558
118558
118558
118558
118558
118558
118558
118558
118558
118558
118558
118558
118558
118558
118558
118558
118558
118558
118558
118558
118558
118558
118558
118558
118558
118558
118558
118558
118558
118558
118558
118558
118558
118558
118558
118558
118558
118558
118558
118558
118558
118558
118558
118558
118558
118558
118558
118558
118558
118565
118600
118640
118656
118663
118663
118663
118663
118666
118677
118686
118686
118692
118695
118699
118724
118745
118769
118786
118794
118803
118810
118817
118820
118820
118820
118820
118820
118820
118820
118820
118820
118820
118820
118820
118820
118820
118820
118820
118820
118820
118820
118820
118820
118820
118820
118820
118820
118820
118820
118820
118820
118820
118820
118820
118820
118820
118820
118820
118820
118820
118820
118820
118820
118820
118820
118820
118820
118820
118820
118820
118820
118820
118820
118820
118820
118820
118820
118820
118820
118820
118820
118820
118820
118820
118820
118820
118820
118820
118820
118820
118820
118820
118820
118820
118820
118820
118820
118820
118820
118820
118820
118820
118820
118820
118820
118820
118820
118820
118820
118820
118820
118820
118820
118820
118828
118850
118895
118929
118929
118944
118944
118944
118944
118944
118944
118944
118944
118944
118944
118944
118944
118944
118944
118944
118944
118944
118944
118944
118944
118944
118944
118944
118944
118944
118944
118944
118944
118944
118944
118944
118944
118944
118944
118944
118944
118944
118944
118944
118944
118944
118944
118944
118944
118944
118944
118944
118944
118944
118944
118944
118944
118944
118944
118944
118944
118944
118944
118944
118944
118944
118944
118944
118944
118944
118944
118944
118944
118944
118944
118944
118944
118944
118944
118944
118944
118944
118944
118944
118944
118944
118944
118944
118944
118944
118944
118944
118944
118944
118944
118944
118944
118944
118944
118944
118944
118944
118944
118944
118944
118944
118944
118944
118944
118944
118944
118974
119019
119065
119111
119152
119187
119212
119236
119257
119270
119283
119293
119295
119295
119295
119295
119295
119295
119295
119295
119298
119310
119310
119310
119310
119310
119310
119313
119318
119324
119328
119331
119331
119331
119331
119331
119331
119331
119331
119331
119331
119331
119331
119331
119331
119331
119331
119331
119331
119331
119331
119331
119331
119331
119331
119331
119331
119331
119331
119331
119331
119331
119331
119331
119331
119331
119331
119331
119331
119331
119331
119331
119331
119331
119331
119331
119331
119331
119331
119331
119331
119331
119331
119331
119331
119331
119331
119331
119331
119331
119331
119331
119331
119331
119331
119331
119331
119331
119331
119331
119331
119331
119331
119331
119331
119331
119331
119331
119331
119331
119331
119331
119331
119331
119331
119331
119331
119331
119331
119331
119331
119331
119331
119331
119331
119331
119331
119331
119331
119331
119331
119331
119347
119406
119462
119495
119495
119495
119502
119519
119532
119534
119534
119538
119542
119547
119561
119575
119586
119591
119591
119591
119591
119591
119591
119591
119591
119592
119606
119616
119626
119636
119637
119637
119638
119640
119643
119643
119643
119643
119643
119643
119643
119643
119643
119643
119643
119643
119643
119643
119643
119643
119643
119643
119643
119643
119643
119643
119643
119643
119643
119643
119643
119643
119643
119643
119643
119643
119643
119643
119643
119643
119643
119643
119643
119643
119643
119643
119643
119643
119643
119643
119643
119643
119643
119643
119643
119643
119643
119643
119643
119643
119643
119643
119643
119643
119643
119643
119643
119643
119643
119643
119643
119643
119643
119643
119643
119643
119643
119643
119643
119643
119643
119643
119643
119643
119643
119643
119643
119643
119643
119643
119643
119643
119643
119643
119643
119643
119643
119643
119643
119643
119643
119643
119643
119643
119643
119643
119643
119643
119643
119643
119643
119643
119643
119643
119643
119643
119643
119643
119643
119643
119643
119643
119643
119643
119643
119643
119643
119643
119643
119643
119643
119643
119643
119643
119643
119643
119643
119643
119643
119643
119643
119643
119643
119643
119643
119643
119643
119644
119644
119644
119644
119644
119644
119644
119644
119644
119644
119644
119644
119644
119644
119644
119644
119644
119644
119644
119644
119644
119644
119644
119644
119644
119644
119644
119644
119644
119644
119644
119644
119644
119644
119644
119644
119644
119644
119644
119644
119644
119644
119644
119644
119644
119644
119644
119644
119644
119644
119644
119644
119644
119644
119644
119644
119644
119644
119644
119653
119690
119702
119702
119702
119702
119702
119702
119702
119702
119702
119702
119702
119702
119702
119702
119702
119702
119702
119702
119702
119702
119702
119702
119702
119702
119702
119702
119702
119702
119702
119702
119702
119702
119702
119702
119702
119702
119702
119702
119702
119702
119702
119702
119702
119702
119702
119702
119702
119702
119702
119702
119702
119702
119702
119702
119702
119702
119702
119702
119702
119702
119702
119702
119702
119702
119702
119702
119702
119702
119702
119702
119702
119702
119702
119702
119702
119702
119702
119702
119702
119702
119702
119702
119702
119702
119702
119702
119702
119702
119702
119702
119702
119702
119702
119702
119702
119702
119702
119702
119702
119702
119702
119702
119702
119702
119702
119702
119702
119702
119702
119702
119702
119702
119702
119702
119702
119702
119702
119702
119702
119702
119702
119702
119702
119702
119702
119702
119702
119702
119702
119702
119702
119702
119702
119702
119702
119702
119702
119702
119702
119702
119702
119702
119702
119702
119702
119702
119702
119702
119702
119702
119702
119702
119702
119702
119702
119702
119702
119702
119702
119702
119702
119702
119702
119702
119702
119702
119702
119702
119702
119702
119702
119702
119702
119702
119702
119702
119702
119702
119702
119702
119702
119702
119702
119702
119702
119702
119702
119702
119702
119702
119702
119702
119702
119702
119702
119702
119702
119702
119702
119702
119702
119702
119702
119702
119702
119702
119702
119702
119702
119702
119702
119702
119702
119702
119702
119702
119702
119702
119702
119702
119702
119702
119702
119702
119702
119702
119702
119702
119702
119702
119702
119702
119702
119702
119702
119702
119702
119702
119702
119702
119702
119702
119702
119702
119702
119702
119702
119702
119702
119702
119702
119702
119702
119702
119702
119702
119702
119702
119702
119702
119702
119702
119702
119702
119702
119702
119702
119702
119702
119702
119702
119702
119702
119702
119702
119702
119702
119702
119702
119702
119702
119702
119702
119702
119702
119702
119702
119702
119702
119702
119702
119702
119702
119702
119702
119702
119702
119702
119702
119702
119702
119702
119702
119702
119702
119702
119702
119702
119702
119702
119702
119702
119702
119702
119702
119702
119702
119702
119702
119702
119702
119702
119702
119702
119702
119702
119702
119702
119702
119702
119702
119702
119702
119702
119702
119702
119702
119702
119702
119702
119702
119702
119702
119702
119702
119702
119702
119702
119702
119702
119702
119702
119702
119702
119702
119702
119702
119702
119702
119702
119702
119702
119702
119702
119702
119702
119702
119702
119702
119702
119702
119702
119702
119702
119702
119702
119702
119702
119702
119702
119702
119702
119702
119702
119702
119702
119702
119702
119702
119702
119702
119702
119702
119702
119702
119702
119702
119702
119702
119702
119702
119702
119702
119702
119702
119702
119702
119702
119702
119702
119702
119702
119702
119702
119702
119702
119702
119702
119702
119702
119702
119702
119702
119702
119702
119702
119702
119702
119702
119702
119702
119702
119702
119702
119702
119702
119702
119702
119702
119702
119702
119702
119702
119702
119702
119702
119702
119702
119702
119702
119702
119702
119702
119702
119702
119702
119702
119702
119702
119702
119702
119702
119702
119702
119702
119702
119702
119702
119702
119702
119702
119702
119702
119702
119702
119702
119702
119702
119702
119702
119702
119702
119702
119702
119702
119702
119702
119702
119702
119702
119702
119702
119702
119702
119702
119702
119702
119702
119702
119702
119702
119702
119702
119702
119702
119702
119702
119702
119702
119702
119702
119702
119702
119702
119702
119702
119702
119702
119702
119702
119702
119702
119702
119702
119702
119702
119702
119702
119702
119702
119702
119702
119702
119702
119702
119702
119702
119702
119702
119702
119702
119702
119702
119702
119702
119702
119702
119702
119702
119702
119702
119702
119702
119702
119702
119702
119702
119702
119702
119702
119702
119702
119702
119702
119702
119702
119702
119702
119702
119702
119702
119702
119702
119702
119702
119702
119702
119702
119702
119702
119702
119702
119702
119702
119702
119702
119702
119702
119702
119702
119702
119702
119702
119702
119702
119702
119702
119702
119702
119702
119702
119702
119702
119702
119702
119702
119702
119702
119702
119702
119702
119702
119702
119702
119702
119702
119702
119702
119702
119702
119702
119702
119702
119702
119702
119702
119702
119702
119702
119702
119702
119702
119702
119702
119702
119702
119702
119702
119702
119702
119702
119702
119702
119702
119702
119702
119702
119702
119702
119702
119702
119702
119702
119702
119702
119702
119702
119702
119702
119702
119702
119702
119702
119702
119702
119702
119702
119702
119702
119702
119702
119702
119702
119702
119702
119702
119702
119702
119702
119702
119702
119702
119702
119702
119702
119702
119702
119702
119702
119702
119702
119702
119702
119702
119702
119702
119702
119702
119702
119702
119702
119702
119702
119702
119702
119702
119702
119702
119702
119702
119702
119702
119702
119702
119702
119702
119702
119702
119702
119702
119702
119702
119702
119702
119702
119702
119702
119702
119702
119702
119702
119702
119702
119702
119702
119702
119702
119702
119702
119702
119702
119702
119702
119702
119702
119702
119702
119702
119702
119702
119702
119702
119702
119702
119702
119702
119702
119702
119702
119702
119702
119702
119702
119702
119702
119702
119702
119702
119702
119702
119702
119702
119702
119702
119702
119702
119702
119702
119702
119702
119702
119702
119702
119702
119702
119702
119702
119702
119702
119702
119702
119702
119702
119702
119702
119702
119702
119702
119702
119702
119702
119702
119702
119702
119702
119702
119702
119702
119702
119702
119702
119702
119702
119702
119702
119702
119702
119702
119702
119702
119702
119702
119702
119702
119702
119702
119702
119702
119702
119702
119702
119702
119702
119702
119702
119702
119702
119702
119702
119702
119702
119702
119702
119702
119702
119702
119702
119702
119702
119702
119702
119702
119702
119702
119702
119702
119702
119702
119702
119702
119702
119702
119702
119702
119702
119702
119702
119702
119702
119702
119702
119702
119702
119702
119702
119702
119702
119702
119702
119702
119702
119702
119702
119702
119702
119702
119702
119702
119702
119702
119702
119702
119702
119702
119702
119702
119702
119702
119702
119702
119702
119702
119702
119702
119702
119702
119702
119702
119702
119702
119702
119702
119702
119702
119702
119702
119702
119702
119702
119702
119702
119702
119702
119702
119702
119702
119702
119702
119702
119702
119702
119702
119702
119702
119702
119702
119702
119702
119702
119702
119702
119702
119702
119702
119702
119702
119702
119702
119702
119702
119702
119702
119702
119702
119702
119702
119702
119702
119702
119702
119702
119702
119702
119702
119702
119702
119702
119702
119702
119702
119702
119702
119702
119702
119702
119702
119702
119702
119702
119702
119702
119702
119702
119702
119702
119702
119702
119702
119702
119702
119702
119702
119702
119702
119702
119702
119702
119702
119702
119702
119702
119702
119702
119702
119702
119702
119702
119702
119702
119702
119702
119702
119702
119702
119702
119702
119702
119702
119702
119702
119702
119702
119702
119702
119702
119702
119702
119702
119702
119702
119702
119702
119702
119702
119702
119702
119702
119702
119702
119702
119702
119702
119702
119702
119702
119702
119702
119702
119702
119702
119702
119702
119702
119702
119702
119702
119702
119702
119702
119705
119712
119719
119733
119744
119747
119747
119747
119747
119747
119747
119747
119747
119747
119747
119747
119747
119747
119747
119747
119747
119747
119747
119747
119747
119747
119747
119747
119747
119747
119747
119747
119747
119747
119747
119747
119747
119747
119747
119747
119747
119747
119747
119747
119747
119747
119747
119747
119747
119747
119747
119747
119747
119747
119747
119747
119747
119747
119747
119747
119747
119747
119747
119747
119747
119747
119747
119747
119747
119747
119747
119747
119747
119747
119747
119747
119747
119747
119747
119747
119747
119747
119747
119747
119747
119747
119747
119747
119747
119747
119747
119747
119747
119747
119750
119753
119753
119753
119753
119753
119753
119753
119753
119753
119753
119753
119753
119753
119753
119753
119753
119753
119753
119753
119753
119753
119753
119753
119753
119753
119753
119753
119753
119753
119753
119753
119753
119753
119753
119753
119753
119753
119753
119753
119753
119753
119753
119753
119753
119753
119753
119753
119753
119753
119753
119753
119753
119753
119753
119753
119753
119753
119753
119753
119753
119753
119753
119753
119753
119753
119753
119753
119753
119753
119753
119753
119753
119753
119753
119753
119753
119753
119753
119753
119753
119753
119753
119753
119753
119753
119753
119753
119753
119753
119753
119753
119753
119753
119753
119753
119753
119753
119753
119753
119753
119753
119753
119753
119753
119753
119753
119753
119753
119753
119753
119753
119753
119753
119753
119753
119753
119755
119764
119782
119802
119814
119828
119842
119851
119863
119891
119915
119954
119989
119998
120000
120000
120000
120000
120000
120000
120000
120000
120000
120000
120000
120000
120000
120000
120000
120000
120000
120000
120000
120000
120000
120000
120000
120000
120000
120000
120000
120000
120000
120000
120000
120000
120000
120000
120000
120000
120000
120000
120000
120000
120000
120000
120000
120000
120000
120000
120000
120000
120000
120000
120000
120000
120000
120000
120000
120000
120000
120000
120000
120000
120000
120000
120000
120000
120000
120000
120000
120000
120000
120000
120000
120000
120000
120000
120000
120000
120000
120000
120000
120000
120000
120000
120000
120000
120000
120000
120000
120000
120000
120000
120000
120000
120000
120000
120000
120000
120000
120000
120000
120000
120000
120000
120000
120000
120000
120000
120000
120000
120000
120000
120000
120000
120000
120000
120000
120000
120000
120000
120000
120000
120000
120000
120000
120000
120000
120000
120000
120000
120000
120000
120000
120000
120000
120000
120000
120000
120000
120000
120000
120000
120000
120000
120000
120000
120000
120000
120000
120000
120000
120000
120000
120000
120000
120000
120000
120000
120000
120000
120000
120000
120000
120000
120000
120000
120000
120000
120000
120000
120000
120000
120000
120000
120000
120000
120000
120000
120000
120000
120000
120000
120000
120000
120000
120000
120000
120000
120000
120000
120000
120000
120000
120000
120000
120000
120000
120000
120000
120000
120000
120000
120000
120000
120000
120000
120000
120000
120000
120000
120000
120000
120000
120000
120000
120000
120000
120000
120000
120000
120000
120000
120000
120000
120000
120000
120000
120000
120000
120000
120000
120000
120000
120000
120000
120000
120000
120000
120000
120000
120000
120000
120000
120000
120000
120000
120000
120000
120000
120000
120000
120000
120000
120000
120000
120000
120000
120000
120000
120000
120000
120000
120000
120000
120000
120000
120000
120000
120000
120000
120000
120000
120000
120000
120000
120000
120000
120000
120000
120000
120000
120000
120000
120000
120000
120000
120000
120000
120000
120000
120000
120000
120000
120000
120000
120000
120000
120000
120000
120000
120000
120000
120000
120000
120000
120000
120000
120000
120000
120000
120000
120000
120000
120000
120000
120000
120000
120000
120000
120000
120000
120000
120000
120000
120000
120000
120000
120000
120000
120000
120000
120000
120000
120000
120000
120000
120000
120000
120000
120000
120000
120000
120000
120000
120000
120000
120000
120000
120000
120000
120000
120000
120000
120000
120000
120000
120000
120000
120000
120000
120000
120000
120000
120000
120000
120000
120000
120000
120000
120000
120000
120000
120000
120000
120000
120000
120000
120000
120000
120000
120000
120000
120000
120000
120000
120000
120000
120000
120000
120000
120000
120000
120000
120000
120000
120000
120000
120000
120000
120000
120000
120000
120000
120000
120000
120000
120000
120000
120000
120000
120000
120000
120000
120000
120000
120000
120000
120000
120000
120000
120000
120000
120000
120000
120000
120000
120000
120000
