Time needed: 1101.43 s
Distance travelled: 1742.40 m
Total rotation: 37048.9°
Objects found after: 63.03 s, 77.27 s, 560.83 s

+++ following progress ticks +++
460
502
583
643
688
774
841
943
1016
1075
1129
1180
1246
1305
1364
1416
1471
1531
1586
1644
1705
1763
1822
1879
1925
1987
2061
2122
2180
2238
2295
2384
2461
2518
2574
2633
2681
2768
2831
2888
2945
3007
3062
3120
3179
3232
3313
3401
3481
3539
3597
3655
3705
3776
3836
3892
3950
4008
4066
4122
4185
4254
4313
4370
4430
4488
4546
4589
4650
4711
4768
4823
4881
4941
5000
5068
5150
5201
5304
5401
5491
5551
5609
5670
5730
5774
5858
5949
6011
6079
6177
6258
6321
6425
6516
6574
6632
6684
6760
6822
6879
6936
6994
7053
7112
7169
7225
7316
7400
7435
7454
7465
7471
7477
7479
7479
7484
7524
7576
7614
7626
7636
7642
7669
7711
7731
7749
7797
7860
7935
8037
8143
8203
8260
8321
8335
8385
8457
8506
8586
8676
8762
8818
8876
8967
9040
9105
9178
9218
9242
9258
9264
9265
9265
9265
9265
9265
9265
9265
9265
9265
9265
9265
9269
9293
9316
9346
9367
9373
9373
9373
9373
9373
9373
9373
9373
9373
9374
9387
9402
9413
9420
9423
9425
9426
9452
9498
9551
9583
9605
9624
9640
9655
9694
9757
9793
9826
9858
9892
9927
10008
10104
10164
10219
10274
10331
10391
10449
10510
10569
10627
10685
10734
10804
10861
10921
10974
11053
11121
11164
11206
11249
11284
11346
11425
11483
11525
11564
11604
11635
11662
11687
11710
11729
11746
11775
11815
11842
11870
11895
11920
11946
11969
11997
12041
12075
12109
12143
12177
12210
12250
12331
12424
12489
12545
12599
12662
12724
12778
12836
12893
12952
13017
13075
13135
13191
13243
13317
13366
13413
13461
13509
13550
13589
13621
13655
13664
13664
13664
13664
13664
13664
13664
13664
13664
13664
13664
13664
13664
13664
13664
13664
13664
13664
13664
13664
13664
13667
13682
13705
13744
13770
13823
13883
13933
13955
13978
14036
14067
14098
14122
14150
14177
14202
14227
14251
14281
14309
14336
14364
14389
14415
14440
14473
14541
14627
14678
14730
14785
14842
14896
14943
14989
15036
15082
15131
15180
15228
15276
15311
15351
15390
15430
15468
15506
15544
15581
15613
15657
15699
15741
15783
15826
15880
15928
15976
16012
16057
16098
16140
16182
16224
16266
16308
16342
16414
16506
16565
16654
16726
16785
16844
16951
17031
17087
17155
17212
17250
17327
17385
17425
17527
17633
17716
17766
17837
17896
17954
18009
18069
18116
18198
18289
18365
18412
18500
18605
18679
18720
18757
18797
18821
18845
18869
18891
18921
18955
19029
19104
19161
19220
19279
19338
19388
19438
19483
19523
19567
19606
19641
19715
19803
19865
19922
19972
19993
20024
20064
20078
20088
20090
20090
20090
20090
20090
20090
20090
20090
20090
20090
20090
20090
20090
20090
20090
20090
20090
20090
20090
20090
20090
20090
20090
20090
20090
20090
20090
20090
20090
20090
20090
20090
20090
20090
20090
20090
20090
20090
20090
20090
20090
20090
20090
20090
20090
20090
20090
20090
20090
20090
20090
20090
20090
20090
20090
20090
20090
20090
20090
20090
20090
20090
20090
20090
20090
20090
20090
20090
20090
20090
20090
20090
20090
20090
20090
20090
20090
20090
20090
20090
20090
20090
20090
20090
20090
20090
20090
20090
20090
20090
20090
20090
20090
20090
20090
20090
20090
20090
20090
20090
20090
20090
20090
20090
20090
20090
20090
20090
20090
20090
20090
20090
20090
20090
20098
20109
20115
20117
20118
20124
20125
20126
20126
20126
20126
20126
20126
20126
20126
20126
20126
20126
20126
20126
20126
20126
20126
20126
20126
20126
20151
20201
20249
20297
20348
20445
20547
20625
20684
20732
20805
20887
20945
21003
21059
21120
21176
21230
21281
21364
21455
21515
21618
21712
21756
21865
21971
22068
22135
22197
22253
22308
22399
22489
22547
22593
22661
22745
22812
22870
22909
22985
23087
23176
23234
23291
23351
23395
23472
23532
23590
23650
23709
23796
23879
23937
23995
24052
24101
24161
24216
24275
24333
24383
24444
24503
24559
24617
24676
24737
24800
24858
24916
24975
25034
25092
25130
25200
25259
25317
25375
25434
25489
25548
25606
25650
25721
25778
25836
25897
25952
26012
26061
26144
26203
26263
26316
26400
26475
26531
26584
26633
26702
26773
26832
26889
26946
27002
27073
27131
27192
27252
27309
27369
27418
27506
27592
27667
27771
27889
27973
28027
28118
28226
28316
28378
28434
28493
28554
28611
28669
28727
28751
28756
28756
28756
28761
28780
28780
28780
28780
28780
28780
28780
28788
28815
28868
28928
28985
29048
29080
29114
29150
29188
29264
29323
29382
29439
29498
29558
29607
29674
29728
29795
29875
29946
30004
30060
30118
30177
30240
30328
30421
30494
30553
30605
30665
30725
30769
30831
30899
30973
31060
31120
31179
31238
31294
31333
31408
31484
31540
31602
31661
31717
31796
31858
31917
31973
32032
32074
32148
32240
32338
32408
32466
32524
32579
32629
32691
32747
32801
32853
32896
32941
32972
33028
33101
33155
33209
33261
33311
33358
33406
33456
33501
33546
33592
33635
33675
33716
33753
33827
33919
33966
34026
34084
34142
34200
34260
34318
34376
34426
34500
34558
34616
34673
34731
34790
34849
34905
34941
34983
35011
35033
35054
35073
35087
35103
35112
35148
35190
35229
35257
35304
35343
35346
35346
35346
35346
35346
35346
35355
35390
35451
35517
35567
35619
35712
35806
35879
35932
35986
36038
36092
36141
36222
36293
36352
36406
36468
36528
36582
36665
36759
36849
36904
36958
37012
37066
37100
37141
37172
37180
37188
37201
37215
37218
37218
37218
37218
37218
37218
37218
37218
37218
37218
37218
37218
37218
37218
37218
37218
37218
37218
37218
37218
37218
37218
37218
37218
37218
37218
37218
37218
37218
37218
37218
37218
37220
37246
37276
37307
37344
37395
37453
37499
37562
37622
37680
37738
37798
37856
37913
37954
38030
38093
38152
38209
38266
38324
38367
38430
38488
38547
38616
38673
38732
38793
38849
38905
38962
39008
39096
39189
39273
39334
39384
39459
39542
39606
39666
39721
39781
39829
39900
39992
40089
40146
40206
40260
40319
40378
40429
40494
40550
40638
40697
40755
40815
40873
40931
40988
41029
41093
41153
41211
41269
41327
41385
41438
41501
41560
41616
41674
41733
41793
41848
41900
41940
41981
42010
42042
42068
42098
42125
42140
42172
42226
42281
42349
42411
42439
42461
42523
42601
42663
42738
42796
42852
42930
43028
43098
43151
43211
43271
43323
43395
43443
43482
43593
43697
43784
43845
43886
43985
44093
44185
44245
44302
44361
44418
44472
44547
44620
44679
44732
44794
44852
44910
44961
45043
45134
45222
45269
45327
45385
45445
45501
45575
45638
45695
45756
45805
45867
45927
45984
46049
46108
46165
46225
46282
46343
46399
46456
46503
46582
46676
46714
46787
46867
46934
46993
47048
47104
47166
47250
47328
47342
47343
47343
47343
47343
47343
47343
47343
47343
47351
47369
47415
47466
47516
47530
47541
47582
47647
47703
47776
47820
47864
47908
47953
48000
48037
48118
48212
48304
48383
48439
48498
48557
48616
48674
48729
48776
48845
48905
48951
49022
49081
49140
49196
49255
49315
49373
49435
49519
49616
49676
49735
49792
49837
49877
49919
49955
49988
50017
50042
50058
50067
50069
50076
50103
50143
50170
50187
50205
50221
50244
50304
50384
50446
50488
50536
50621
50677
50734
50792
50843
50932
50992
51051
51103
51164
51204
51272
51355
51413
51472
51532
51577
51666
51746
51770
51783
51792
51801
51803
51803
51803
51803
51803
51803
51803
51803
51803
51803
51803
51803
51803
51803
51803
51803
51803
51803
51803
51806
51819
51847
51870
51877
51877
51877
51877
51877
51877
51877
51877
51877
51877
51877
51877
51877
51877
51877
51877
51877
51877
51877
51877
51877
51877
51877
51877
51877
51877
51877
51877
51877
51877
51877
51877
51877
51877
51877
51877
51877
51877
51878
51884
51894
51903
51910
51911
51911
51911
51911
51911
51911
51911
51911
51911
51911
51911
51911
51911
51911
51911
51911
51911
51911
51911
51911
51911
51911
51911
51911
51911
51911
51911
51911
51911
51911
51911
51911
51926
51937
51965
51996
52029
52069
52118
52150
52213
52279
52341
52399
52457
52516
52574
52626
52701
52788
52885
52958
53009
53099
53158
53215
53272
53317
53376
53424
53462
53481
53493
53494
53494
53494
53510
53542
53548
53549
53566
53597
53606
53606
53606
53606
53606
53606
53606
53606
53606
53606
53606
53610
53618
53631
53642
53649
53654
53666
53704
53786
53867
53906
53935
53970
54006
54043
54079
54116
54181
54229
54275
54326
54379
54435
54491
54548
54621
54713
54807
54860
54909
54954
54971
54984
55004
55015
55020
55047
55089
55146
55181
55214
55247
55280
55309
55360
55437
55489
55540
55592
55650
55739
55842
55884
55973
56072
56137
56239
56327
56434
56521
56578
56636
56695
56754
56812
56870
56918
57000
57047
57063
57074
57104
57125
57135
57143
57148
57182
57237
57260
57277
57283
57292
57332
57396
57428
57434
57463
57479
57479
57479
57479
57479
57479
57479
57479
57479
57479
57479
57479
57479
57479
57479
57479
57479
57480
57485
57497
57515
57575
57642
57693
57715
57744
57770
57790
57807
57821
57829
57836
57837
57837
57837
57837
57837
57837
57837
57837
57837
57839
57843
57848
57853
57859
57862
57862
57862
57862
57862
57862
57862
57862
57862
57862
57862
57862
57862
57862
57862
57862
57862
57862
57862
57862
57862
57862
57862
57862
57862
57862
57862
57862
57862
57862
57862
57862
57862
57862
57862
57862
57862
57862
57862
57862
57862
57862
57862
57862
57862
57862
57862
57862
57862
57862
57862
57862
57862
57862
57862
57862
57862
57862
57862
57862
57862
57862
57862
57862
57862
57862
57862
57862
57862
57862
57867
57874
57883
57891
57900
57903
57914
57945
57971
57989
57989
57989
57989
57994
58013
58015
58015
58015
58015
58015
58015
58015
58015
58015
58015
58015
58015
58015
58015
58015
58015
58015
58015
58015
58015
58015
58015
58015
58015
58015
58015
58015
58015
58015
58015
58015
58015
58015
58015
58015
58015
58015
58015
58015
58015
58015
58015
58015
58015
58015
58015
58015
58015
58015
58015
58015
58015
58015
58015
58015
58015
58015
58015
58015
58015
58015
58015
58015
58015
58015
58015
58015
58015
58015
58015
58015
58015
58015
58015
58015
58015
58015
58015
58015
58015
58015
58015
58015
58015
58015
58015
58015
58015
58015
58015
58015
58015
58015
58015
58015
58015
58015
58015
58015
58015
58015
58015
58015
58015
58015
58015
58015
58015
58015
58015
58015
58015
58015
58015
58015
58015
58015
58015
58017
58034
58063
58063
58070
58098
58129
58153
58198
58231
58306
58392
58429
58491
58543
58592
58593
58593
58593
58593
58608
58668
58732
58786
58810
58819
58839
58845
58850
58854
58856
58856
58856
58857
58868
58885
58898
58907
58908
58919
58933
58933
58933
58933
58933
58933
58933
58933
58933
58933
58933
58933
58933
58933
58933
58933
58933
58933
58933
58933
58933
58933
58933
58933
58933
58933
58933
58933
58933
58933
58933
58933
58933
58933
58933
58933
58933
58933
58933
58933
58933
58933
58933
58933
58933
58933
58933
58933
58933
58933
58933
58933
58933
58933
58933
58933
58933
58933
58934
58934
58934
58934
58934
58934
58934
58934
58934
58934
58934
58934
58934
58934
58934
58934
58934
58934
58934
58934
58934
58934
58934
58934
58934
58934
58934
58934
58934
58934
58934
58934
58934
58934
58934
58934
58934
58934
58934
58934
58934
58934
58934
58934
58934
58934
58934
58934
58934
58934
58934
58934
58934
58934
58934
58934
58934
58934
58934
58934
58934
58934
58934
58934
58934
58934
58934
58934
58934
58934
58934
58934
58934
58934
58934
58934
58934
58934
58934
58934
58934
58934
58934
58934
58934
58934
58934
58934
58934
58934
58934
58934
58934
58934
58934
58934
58934
58934
58963
59016
59076
59133
59192
59251
59291
59349
59398
59440
59483
59521
59543
59562
59601
59642
59669
59731
59800
59870
59930
59988
60044
60103
60150
60226
60292
60351
60408
60467
60528
60584
60632
60717
60770
60805
60832
60848
60871
60889
60907
60919
60959
61020
61062
61100
61137
61173
61208
61242
61283
61333
61373
61420
61512
61617
61696
61756
61813
61873
61954
62007
62069
62129
62177
62212
62237
62253
62261
62262
62267
62270
62270
62270
62283
62301
62328
62363
62398
62437
62506
62578
62633
62713
62753
62791
62822
62860
62897
62935
62972
63009
63034
63061
63088
63113
63138
63161
63183
63215
63266
63289
63306
63312
63312
63312
63312
63312
63312
63312
63312
63312
63312
63312
63312
63312
63312
63312
63312
63312
63326
63361
63413
63492
63577
63628
63676
63722
63768
63814
63859
63904
63987
64077
64129
64167
64196
64215
64230
64236
64237
64237
64237
64237
64237
64237
64237
64237
64237
64237
64237
64237
64237
64237
64237
64237
64237
64237
64237
64237
64237
64237
64237
64237
64237
64237
64237
64237
64237
64237
64237
64237
64237
64237
64237
64237
64237
64237
64237
64237
64238
64258
64309
64364
64408
64424
64435
64465
64497
64509
64512
64512
64512
64512
64512
64512
64515
64517
64517
64517
64517
64517
64518
64534
64565
64632
64692
64739
64752
64763
64794
64834
64869
64906
64906
64906
64906
64937
64998
65031
65039
65043
65043
65043
65047
65047
65047
65047
65047
65047
65052
65055
65057
65058
65062
65067
65075
65089
65112
65143
65180
65208
65232
65239
65239
65239
65239
65239
65239
65239
65239
65239
65239
65239
65239
65239
65239
65239
65239
65239
65239
65239
65239
65239
65239
65239
65239
65239
65239
65239
65239
65239
65239
65239
65239
65239
65239
65239
65239
65239
65239
65239
65239
65239
65239
65239
65239
65239
65239
65239
65239
65239
65239
65239
65239
65239
65239
65239
65239
65239
65239
65239
65239
65239
65239
65239
65239
65239
65239
65239
65239
65239
65239
65239
65239
65239
65239
65239
65239
65239
65239
65239
65239
65239
65239
65239
65239
65239
65239
65239
65239
65239
65239
65239
65239
65239
65239
65239
65239
65239
65239
65239
65239
65239
65239
65239
65239
65239
65239
65239
65239
65239
65239
65239
65239
65239
65239
65239
65239
65239
65239
65239
65239
65239
65239
65239
65239
65239
65239
65239
65239
65239
65239
65239
65239
65239
65239
65239
65239
65239
65239
65239
65239
65239
65239
65239
65239
65239
65239
65239
65239
65239
65239
65239
65239
65239
65239
65239
65239
65239
65239
65240
65243
65245
65245
65245
65246
65248
65250
65250
65250
65250
65250
65250
65250
65250
65250
65250
65250
65250
65250
65252
65282
65331
65379
65428
65485
65545
65594
65681
65773
65832
65882
65955
66012
66073
66130
66176
66237
66294
66354
66412
66457
66466
66466
66466
66466
66468
66468
66468
66468
66468
66471
66477
66503
66563
66623
66645
66650
66650
66650
66650
66650
66650
66650
66650
66650
66650
66650
66650
66650
66650
66650
66650
66650
66651
66656
66660
66673
66690
66729
66775
66831
66902
66974
67004
67028
67056
67080
67091
67091
67091
67091
67091
67091
67091
67091
67091
67091
67091
67091
67091
67091
67091
67091
67091
67091
67091
67091
67091
67091
67091
67091
67091
67091
67091
67091
67091
67091
67091
67091
67091
67091
67091
67091
67091
67091
67091
67091
67091
67091
67091
67091
67091
67091
67091
67091
67091
67091
67091
67091
67092
67093
67095
67104
67114
67128
67143
67155
67175
67194
67210
67219
67223
67223
67223
67223
67223
67223
67223
67223
67223
67223
67223
67223
67223
67223
67223
67223
67223
67223
67223
67223
67223
67223
67223
67223
67223
67223
67223
67223
67223
67223
67223
67223
67223
67223
67223
67223
67223
67223
67223
67223
67223
67223
67223
67223
67223
67223
67223
67223
67223
67223
67223
67223
67223
67223
67223
67223
67223
67223
67223
67223
67223
67223
67223
67223
67223
67223
67223
67223
67223
67223
67223
67223
67223
67223
67231
67252
67278
67311
67349
67387
67425
67464
67494
67494
67494
67494
67494
67494
67494
67494
67498
67513
67523
67560
67628
67696
67755
67813
67870
67927
67985
68044
68089
68173
68240
68294
68339
68386
68440
68475
68487
68492
68492
68492
68493
68504
68514
68514
68514
68514
68514
68514
68514
68519
68547
68614
68673
68715
68735
68776
68831
68889
68950
69007
69066
69120
69180
69222
69303
69377
69434
69481
69530
69590
69637
69686
69730
69771
69809
69857
69901
69945
69978
70008
70039
70070
70097
70123
70148
70171
70192
70203
70217
70261
70308
70352
70405
70440
70476
70516
70563
70607
70648
70692
70734
70768
70835
70922
71008
71067
71102
71140
71164
71187
71232
71267
71288
71300
71303
71303
71303
71305
71305
71305
71322
71349
71377
71377
71377
71442
71489
71527
71587
71650
71705
71747
71784
71834
71880
71923
71965
72009
72042
72078
72105
72120
72135
72163
72201
72216
72229
72239
72247
72284
72342
72362
72386
72409
72430
72473
72535
72563
72570
72570
72570
72570
72570
72570
72570
72570
72570
72570
72570
72570
72570
72570
72570
72576
72586
72598
72613
72628
72640
72640
72640
72640
72640
72640
72640
72640
72640
72640
72640
72640
72640
72640
72640
72640
72640
72640
72640
72640
72640
72640
72640
72640
72640
72640
72640
72640
72640
72640
72640
72640
72640
72640
72640
72640
72641
72654
72675
72700
72729
72757
72757
72757
72757
72757
72757
72757
72757
72757
72757
72757
72757
72757
72757
72757
72757
72757
72757
72757
72757
72757
72757
72757
72757
72757
72757
72757
72757
72757
72757
72759
72793
72833
72861
72863
72863
72865
72884
72885
72885
72885
72885
72885
72887
72921
72970
72982
72987
72987
72987
72987
72987
72989
73010
73057
73109
73115
73132
73177
73182
73183
73183
73183
73184
73196
73209
73211
73228
73249
73266
73283
73296
73309
73348
73408
73472
73535
73584
73660
73706
73740
73770
73805
73839
73901
73955
73982
73985
73985
73985
73985
73985
73985
73985
73985
73985
73985
73985
73985
73985
73985
73985
73985
73985
73985
73985
73985
73985
73985
73985
73985
73985
73985
73985
73987
73991
73994
73999
74012
74028
74039
74039
74039
74039
74039
74039
74039
74039
74039
74039
74039
74039
74039
74039
74039
74039
74039
74039
74039
74039
74039
74039
74039
74039
74039
74039
74039
74039
74039
74039
74039
74039
74039
74039
74039
74039
74039
74039
74039
74039
74039
74039
74039
74039
74039
74039
74039
74039
74039
74039
74039
74039
74039
74039
74039
74039
74039
74039
74039
74039
74039
74039
74039
74039
74039
74039
74039
74039
74039
74039
74039
74039
74039
74039
74039
74039
74039
74039
74039
74039
74039
74039
74039
74039
74039
74039
74039
74039
74039
74039
74039
74039
74039
74039
74039
74039
74039
74039
74039
74039
74039
74039
74039
74039
74039
74039
74039
74039
74039
74039
74039
74039
74039
74039
74039
74039
74039
74039
74039
74039
74039
74039
74039
74039
74039
74039
74039
74039
74039
74039
74039
74039
74039
74039
74039
74039
74039
74039
74039
74039
74039
74039
74039
74039
74039
74039
74039
74039
74039
74039
74039
74039
74039
74039
74039
74039
74039
74039
74039
74039
74039
74039
74039
74039
74039
74039
74039
74039
74039
74039
74039
74039
74039
74039
74039
74039
74039
74039
74039
74039
74039
74039
74039
74039
74039
74039
74039
74039
74039
74039
74039
74039
74039
74039
74039
74039
74039
74039
74039
74039
74039
74039
74039
74039
74039
74039
74039
74039
74039
74039
74039
74039
74039
74039
74039
74039
74039
74039
74039
74039
74039
74039
74039
74039
74039
74039
74039
74039
74039
74039
74039
74039
74039
74039
74039
74039
74039
74039
74039
74039
74039
74039
74039
74039
74039
74039
74039
74039
74039
74039
74039
74039
74039
74040
74056
74097
74150
74211
74242
74256
74273
74285
74301
74311
74319
74325
74330
74330
74330
74330
74330
74330
74330
74330
74330
74330
74330
74330
74330
74330
74331
74336
74353
74375
74399
74411
74414
74414
74429
74438
74438
74438
74438
74438
74438
74438
74438
74438
74438
74438
74438
74438
74438
74438
74438
74438
74438
74438
74438
74438
74438
74438
74438
74438
74438
74438
74438
74438
74438
74438
74438
74438
74438
74438
74438
74438
74438
74438
74438
74438
74438
74438
74438
74438
74438
74438
74438
74438
74438
74438
74438
74438
74438
74438
74438
74438
74438
74438
74438
74438
74438
74438
74438
74438
74438
74438
74438
74438
74438
74438
74438
74438
74438
74438
74438
74438
74438
74438
74438
74438
74438
74438
74438
74438
74438
74438
74438
74438
74438
74438
74438
74438
74438
74438
74438
74438
74438
74438
74438
74438
74438
74438
74438
74438
74438
74438
74438
74438
74438
74438
74438
74438
74438
74438
74438
74438
74438
74438
74438
74438
74438
74438
74438
74438
74438
74438
74438
74438
74438
74438
74438
74438
74438
74438
74438
74438
74438
74438
74438
74438
74438
74438
74438
74438
74438
74438
74438
74438
74438
74438
74438
74438
74438
74438
74438
74438
74438
74438
74438
74438
74438
74438
74438
74438
74438
74438
74438
74438
74438
74438
74438
74438
74438
74438
74438
74438
74438
74438
74438
74438
74438
74438
74438
74438
74438
74438
74438
74438
74438
74438
74438
74438
74438
74438
74438
74439
74439
74439
74439
74439
74439
74440
74445
74451
74461
74470
74477
74478
74480
74488
74494
74499
74499
74499
74499
74499
74499
74499
74499
74499
74499
74499
74499
74499
74499
74499
74499
74499
74499
74499
74499
74499
74502
74511
74527
74543
74560
74577
74596
74611
74611
74619
74624
74625
74625
74629
74659
74697
74731
74739
74773
74807
74824
74853
74930
75005
75065
75109
75157
75208
75259
75310
75360
75415
75465
75518
75570
75628
75714
75781
75841
75876
75950
76021
76080
76137
76196
76241
76309
76396
76477
76535
76589
76665
76735
76794
76855
76910
76969
77028
77093
77151
77207
77255
77317
77376
77435
77496
77551
77608
77669
77718
77771
77812
77888
77974
78033
78091
78146
78205
78262
78320
78370
78429
78487
78546
78601
78659
78717
78776
78823
78897
78985
79041
79112
79209
79288
79330
79359
79393
79416
79436
79454
79472
79489
79516
79578
79654
79705
79755
79811
79861
79920
80001
80057
80119
80177
80235
80295
80350
80404
80484
80546
80602
80662
80720
80776
80836
80881
80944
81005
81062
81118
81169
81232
81292
81353
81409
81468
81527
81585
81645
81702
81760
81818
81878
81964
82055
82121
82178
82237
82297
82341
82417
82493
82537
82570
82603
82634
82661
82705
82764
82833
82866
82911
82991
83029
83058
83083
83105
83122
83140
83157
83167
83185
83201
83210
83237
83270
83309
83351
83395
83444
83495
83542
83591
83633
83676
83705
83730
83751
83761
83763
83763
83763
83763
83763
83763
83763
83763
83763
83763
83772
83787
83808
83813
83813
83813
83813
83813
83813
83813
83813
83813
83813
83813
83813
83813
83813
83813
83813
83813
83813
83813
83813
83813
83813
83813
83813
83813
83813
83813
83813
83813
83813
83813
83813
83813
83813
83813
83813
83813
83813
83813
83813
83813
83813
83813
83813
83813
83813
83813
83813
83813
83813
83813
83813
83813
83813
83813
83813
83813
83813
83813
83813
83813
83813
83813
83813
83813
83813
83813
83813
83813
83813
83813
83813
83813
83813
83813
83813
83813
83813
83813
83813
83813
83813
83813
83813
83813
83813
83813
83813
83813
83813
83813
83813
83813
83813
83813
83813
83813
83813
83813
83813
83813
83813
83813
83813
83813
83813
83813
83813
83813
83813
83813
83813
83813
83813
83813
83813
83813
83813
83813
83813
83813
83813
83813
83813
83813
83813
83813
83813
83813
83813
83813
83813
83813
83813
83813
83813
83813
83813
83813
83813
83813
83813
83813
83813
83813
83818
83840
83857
83863
83864
83864
83864
83864
83864
83864
83864
83864
83864
83864
83864
83864
83864
83864
83864
83864
83864
83864
83872
83894
83926
83960
83989
84016
84045
84073
84095
84159
84242
84312
84359
84394
84430
84462
84485
84530
84579
84615
84650
84686
84719
84742
84767
84787
84801
84812
84821
84832
84843
84852
84882
84910
84933
84956
84976
84982
84982
84982
84982
84982
84982
84982
84982
84982
84982
84982
84982
84982
84982
84982
84982
84982
84982
84982
84982
84982
84982
84982
84982
84982
84982
84982
84982
84982
84982
84982
84982
84982
84982
84982
84982
84982
84982
84982
84982
84982
84987
84989
84989
84989
84989
84989
84989
84989
84992
84998
85004
85012
85015
85015
85015
85015
85015
85015
85015
85015
85015
85015
85015
85015
85015
85016
85018
85018
85018
85018
85018
85018
85018
85018
85018
85018
85018
85018
85019
85020
85020
85020
85020
85020
85020
85020
85020
85020
85020
85020
85020
85020
85020
85020
85020
85020
85020
85020
85020
85020
85020
85020
85020
85020
85024
85036
85054
85075
85093
85110
85124
85135
85139
85140
85140
85140
85161
85182
85190
85194
85197
85227
85273
85275
85275
85275
85275
85275
85275
85275
85275
85287
85326
85391
85467
85527
85564
85600
85639
85673
85709
85745
85784
85828
85877
85929
85986
86031
86092
86151
86207
86267
86327
86386
86444
86506
86588
86647
86704
86764
86804
86863
86922
86981
87036
87069
87110
87144
87167
87186
87200
87214
87222
87237
87267
87282
87294
87302
87332
87392
87417
87441
87464
87483
87503
87539
87567
87594
87621
87648
87674
87701
87766
87813
87858
87903
87950
87994
88042
88084
88162
88224
88284
88344
88402
88462
88520
88579
88634
88686
88744
88803
88841
88898
88957
89016
89048
89066
89078
89082
89083
89100
89138
89167
89174
89180
89221
89235
89242
89285
89353
89411
89440
89469
89536
89589
89631
89673
89715
89757
89799
89834
89871
89908
89945
89983
90021
90056
90092
90128
90173
90251
90348
90432
90480
90561
90618
90678
90735
90794
90842
90901
90960
91019
91077
91135
91194
91251
91311
91371
91450
91545
91621
91679
91739
91788
91861
91957
92033
92092
92154
92209
92265
92323
92379
92432
92482
92571
92646
92693
92739
92784
92829
92898
92954
93006
93054
93102
93135
93160
93185
93207
93232
93256
93284
93302
93329
93360
93387
93405
93422
93438
93448
93452
93453
93453
93453
93453
93453
93453
93453
93453
93453
93453
93453
93453
93453
93453
93453
93453
93453
93453
93453
93453
93453
93453
93453
93453
93453
93453
93453
93453
93453
93453
93453
93453
93453
93453
93453
93453
93453
93453
93453
93453
93453
93453
93453
93453
93453
93453
93453
93453
93453
93453
93453
93453
93453
93453
93453
93453
93453
93453
93453
93453
93453
93453
93453
93453
93453
93453
93453
93453
93453
93453
93453
93453
93461
93468
93468
93468
93469
93469
93469
93492
93519
93545
93571
93595
93613
93641
93671
93708
93745
93784
93824
93863
93898
93935
93970
94002
94038
94110
94182
94239
94298
94353
94406
94477
94545
94601
94657
94712
94770
94829
94870
94923
94974
95029
95085
95143
95204
95254
95333
95426
95511
95566
95625
95678
95758
95846
95913
95970
96028
96087
96146
96201
96287
96383
96441
96500
96558
96618
96675
96721
96796
96863
96922
96977
97036
97093
97149
97212
97257
97326
97384
97442
97500
97540
97567
97584
97592
97592
97592
97592
97592
97592
97592
97592
97592
97592
97592
97592
97592
97592
97592
97592
97592
97592
97592
97592
97592
97593
97600
97612
97624
97634
97634
97634
97634
97641
97685
97733
97800
97856
97894
97905
97927
97962
97999
98040
98078
98113
98153
98192
98216
98243
98270
98292
98341
98386
98433
98485
98541
98597
98638
98690
98704
98710
98711
98711
98711
98711
98711
98711
98711
98711
98715
98739
98779
98807
98835
98845
98845
98845
98845
98845
98845
98845
98845
98845
98845
98849
98862
98881
98911
98936
98946
98958
98970
98971
98971
98971
98971
98971
98971
98971
98971
98971
98971
98971
98971
98971
98971
98971
98971
98971
98971
98971
98971
98971
98971
98971
98971
98971
98971
98971
98971
98976
99005
99056
99104
99165
99222
99282
99329
99400
99458
99518
99573
99630
99689
99734
99810
99882
99942
100000
100061
100115
100205
100306
100373
100431
100470
100555
100646
100754
100823
100874
100986
101074
101132
101184
101223
101270
101311
101350
101373
101395
101413
101427
101437
101440
101440
101440
101440
101440
101440
101440
101440
101440
101440
101440
101440
101440
101443
101479
101523
101590
101637
101661
101674
101715
101782
101844
101889
101951
101992
102032
102075
102131
102192
102251
102308
102362
102420
102480
102536
102624
102683
102743
102795
102816
102818
102818
102824
102839
102848
102848
102854
102854
102854
102854
102854
102854
102854
102869
102922
102968
103030
103095
103133
103156
103177
103197
103215
103260
103309
103345
103370
103399
103419
103435
103450
103468
103489
103516
103540
103611
103701
103779
103832
103875
103952
104016
104041
104061
104077
104089
104099
104106
104115
104127
104139
104154
104168
104181
104189
104190
104190
104190
104192
104195
104204
104219
104234
104247
104253
104253
104253
104253
104253
104253
104253
104253
104253
104253
104253
104253
104253
104253
104253
104253
104253
104253
104253
104253
104253
104253
104253
104253
104253
104253
104253
104253
104253
104253
104253
104253
104253
104253
104253
104253
104253
104253
104253
104253
104253
104253
104253
104253
104253
104253
104253
104253
104253
104253
104253
104253
104253
104253
104253
104253
104253
104253
104253
104253
104253
104253
104253
104253
104253
104253
104253
104260
104275
104306
104341
104372
104388
104392
104404
104419
104437
104437
104437
104437
104441
104444
104444
104444
104444
104444
104444
104444
104444
104444
104444
104444
104444
104444
104444
104444
104444
104444
104444
104444
104444
104444
104444
104444
104444
104444
104444
104444
104444
104444
104444
104444
104444
104444
104444
104444
104444
104444
104444
104444
104444
104444
104444
104444
104444
104444
104444
104444
104444
104444
104444
104444
104444
104444
104444
104444
104444
104444
104444
104444
104444
104444
104444
104444
104444
104444
104444
104444
104444
104444
104444
104444
104444
104444
104444
104444
104444
104444
104444
104444
104444
104444
104444
104444
104444
104444
104444
104444
104444
104444
104455
104455
104455
104455
104462
104474
104485
104485
104485
104486
104487
104492
104500
104511
104523
104541
104562
104585
104608
104633
104658
104668
104670
104670
104685
104704
104704
104704
104706
104706
104706
104706
104706
104706
104706
104706
104706
104706
104706
104706
104706
104706
104706
104706
104706
104706
104706
104706
104706
104706
104706
104706
104706
104706
104706
104706
104706
104706
104706
104706
104706
104706
104706
104706
104706
104706
104706
104706
104706
104706
104706
104706
104706
104706
104706
104706
104706
104706
104706
104706
104706
104706
104706
104706
104706
104706
104706
104706
104706
104706
104706
104706
104706
104706
104706
104706
104706
104706
104706
104706
104706
104706
104706
104706
104706
104706
104706
104706
104706
104706
104706
104706
104706
104706
104706
104706
104706
104706
104706
104706
104706
104706
104706
104706
104707
104707
104707
104707
104707
104707
104707
104707
104707
104707
104707
104707
104707
104707
104708
104724
104735
104735
104735
104735
104753
104767
104793
104819
104843
104861
104876
104883
104883
104883
104886
104890
104899
104908
104911
104917
104933
104933
104933
104933
104933
104933
104933
104933
104933
104933
104933
104933
104933
104933
104933
104933
104933
104933
104933
104933
104933
104933
104933
104933
104933
104933
104933
104933
104933
104933
104933
104933
104933
104933
104933
104933
104933
104933
104933
104933
104933
104933
104933
104933
104933
104933
104933
104933
104933
104933
104933
104933
104933
104933
104933
104933
104933
104933
104933
104933
104933
104933
104933
104933
104933
104933
104933
104933
104933
104933
104933
104933
104933
104933
104933
104933
104933
104933
104933
104933
104933
104933
104933
104933
104933
104933
104933
104933
104933
104933
104933
104933
104933
104933
104933
104933
104933
104933
104933
104933
104933
104933
104933
104933
104933
104933
104933
104933
104933
104933
104933
104933
104933
104933
104933
104933
104933
104936
104946
104951
104952
104952
104952
104952
104952
104952
104952
104954
104959
104965
104972
104979
104997
105020
105031
105031
105031
105031
105031
105031
105031
105031
105031
105031
105031
105031
105031
105031
105031
105031
105031
105031
105031
105031
105031
105031
105031
105031
105031
105031
105031
105031
105031
105031
105031
105031
105031
105031
105031
105031
105031
105031
105031
105031
105031
105031
105031
105031
105031
105031
105031
105031
105031
105031
105031
105031
105031
105031
105031
105031
105031
105031
105031
105031
105031
105031
105031
105031
105031
105031
105031
105031
105031
105031
105031
105031
105031
105031
105031
105031
105031
105031
105031
105031
105031
105031
105031
105031
105031
105031
105031
105031
105031
105031
105031
105031
105031
105031
105031
105031
105031
105031
105031
105031
105031
105031
105031
105031
105031
105031
105031
105031
105031
105031
105049
105079
105105
105139
105179
105185
105185
105185
105185
105185
105185
105185
105185
105185
105185
105185
105185
105185
105185
105185
105187
105204
105226
105251
105252
105252
105252
105252
105252
105252
105252
105252
105252
105252
105254
105262
105267
105267
105269
105272
105272
105275
105280
105282
105288
105294
105301
105302
105302
105302
105302
105302
105302
105302
105302
105302
105302
105302
105302
105302
105302
105302
105302
105302
105302
105302
105302
105302
105302
105302
105302
105302
105302
105302
105302
105302
105302
105302
105302
105302
105302
105302
105302
105302
105302
105302
105302
105302
105302
105302
105302
105302
105302
105302
105302
105302
105302
105302
105302
105302
105302
105302
105302
105302
105302
105302
105302
105302
105302
105302
105302
105302
105302
105302
105302
105302
105302
105302
105302
105302
105302
105302
105302
105302
105302
105302
105302
105302
105302
105302
105302
105302
105302
105302
105302
105302
105302
105302
105302
105302
105302
105302
105302
105302
105302
105302
105302
105302
105302
105302
105302
105302
105302
105302
105302
105302
105302
105302
105302
105302
105302
105302
105302
105302
105302
105302
105302
105302
105302
105302
105302
105302
105302
105302
105302
105302
105302
105302
105302
105302
105302
105302
105302
105302
105302
105302
105302
105302
105302
105302
105302
105302
105302
105302
105302
105302
105302
105302
105302
105302
105302
105302
105302
105302
105302
105302
105302
105302
105302
105302
105302
105302
105302
105311
105342
105387
105431
105466
105478
105478
105478
105478
105478
105482
105513
105540
105546
105546
105546
105546
105546
105546
105546
105546
105546
105546
105546
105546
105546
105546
105546
105546
105546
105546
105546
105546
105546
105546
105546
105546
105546
105546
105546
105546
105546
105546
105546
105546
105546
105546
105546
105546
105546
105546
105546
105546
105546
105546
105546
105546
105546
105546
105546
105546
105546
105546
105546
105546
105546
105546
105546
105546
105546
105546
105546
105546
105546
105546
105546
105546
105546
105546
105546
105547
105550
105550
105550
105550
105550
105550
105550
105550
105550
105550
105550
105550
105550
105550
105550
105550
105550
105550
105550
105550
105550
105550
105550
105550
105550
105550
105550
105550
105550
105550
105550
105550
105550
105550
105550
105550
105550
105550
105550
105550
105550
105550
105550
105550
105550
105550
105550
105550
105550
105550
105550
105550
105550
105550
105550
105550
105550
105550
105550
105550
105550
105550
105550
105550
105550
105550
105550
105550
105550
105550
105550
105550
105550
105550
105550
105550
105550
105550
105550
105550
105550
105550
105550
105550
105550
105550
105550
105550
105550
105550
105550
105550
105550
105550
105550
105550
105550
105550
105550
105550
105550
105550
105550
105550
105550
105550
105550
105550
105550
105550
105550
105550
105550
105550
105550
105550
105550
105550
105550
105550
105550
105550
105550
105550
105550
105550
105550
105550
105550
105550
105550
105550
105550
105550
105550
105550
105550
105550
105550
105550
105550
105550
105550
105550
105550
105550
105550
105550
105550
105550
105550
105550
105550
105550
105550
105550
105550
105550
105550
105550
105550
105550
105550
105550
105550
105550
105550
105550
105550
105550
105550
105550
105550
105550
105550
105550
105550
105550
105550
105550
105550
105550
105550
105550
105550
105550
105550
105550
105550
105550
105550
105550
105550
105550
105550
105550
105550
105550
105550
105550
105550
105550
105550
105550
105550
105550
105550
105550
105550
105550
105550
105550
105550
105550
105550
105550
105550
105550
105550
105550
105550
105550
105550
105550
105550
105550
105550
105550
105550
105550
105550
105550
105550
105550
105550
105550
105550
105550
105550
105550
105550
105550
105550
105550
105555
105574
105606
105657
105715
105772
105830
105888
105945
105984
106027
106094
106154
106211
106268
106327
106383
106432
106467
106541
106629
106699
106756
106815
106858
106908
106940
106962
106987
107012
107034
107057
107076
107103
107147
107177
107201
107217
107227
107232
107232
107232
107232
107232
107232
107232
107232
107232
107232
107232
107232
107232
107232
107232
107232
107232
107232
107232
107232
107236
107246
107258
107258
107258
107258
107258
107258
107267
107308
107359
107376
107381
107395
107412
107433
107457
107488
107527
107568
107606
107644
107680
107717
107755
107793
107880
107955
108009
108060
108099
108151
108175
108182
108182
108182
108182
108182
108182
108182
108182
108182
108182
108185
108228
108279
108336
108366
108392
108415
108432
108449
108467
108487
108506
108524
108543
108563
108583
108597
108613
108622
108625
108627
108631
108631
108631
108631
108631
108631
108631
108631
108631
108631
108631
108631
108631
108631
108631
108631
108631
108631
108631
108631
108631
108631
108631
108631
108631
108631
108631
108631
108631
108631
108631
108631
108631
108631
108631
108631
108631
108631
108631
108631
108631
108631
108631
108631
108631
108631
108631
108631
108631
108631
108631
108631
108631
108631
108631
108631
108631
108631
108631
108631
108631
108631
108631
108631
108631
108631
108631
108631
108631
108631
108631
108631
108631
108631
108631
108631
108631
108631
108631
108631
108631
108631
108631
108631
108632
108634
108634
108634
108634
108634
108634
108634
108634
108634
108634
108634
108634
108634
108634
108634
108634
108634
108634
108634
108634
108634
108634
108634
108634
108634
108634
108634
108634
108634
108634
108634
108634
108634
108634
108634
108634
108634
108634
108634
108634
108634
108634
108634
108634
108634
108634
108634
108634
108634
108634
108634
108634
108634
108634
108634
108634
108634
108634
108634
108634
108634
108634
108634
108634
108634
108634
108634
108634
108634
108634
108634
108634
108634
108634
108634
108640
108648
108648
108648
108648
108648
108648
108648
108648
108648
108648
108648
108648
108648
108648
108648
108648
108648
108648
108648
108648
108648
108648
108648
108648
108649
108649
108649
108649
108649
108649
108649
108649
108649
108649
108649
108649
108649
108649
108649
108649
108649
108649
108649
108649
108649
108649
108649
108649
108649
108649
108649
108649
108649
108649
108649
108649
108649
108649
108649
108649
108649
108649
108649
108649
108649
108649
108649
108649
108649
108649
108649
108649
108649
108649
108649
108649
108649
108649
108649
108649
108649
108649
108649
108649
108649
108649
108649
108649
108649
108649
108649
108649
108649
108649
108649
108649
108649
108649
108649
108649
108649
108649
108649
108649
108649
108649
108649
108649
108649
108649
108649
108649
108649
108649
108649
108649
108649
108649
108649
108649
108649
108649
108649
108649
108649
108649
108649
108649
108649
108649
108649
108649
108649
108649
108649
108650
108654
108661
108668
108676
108680
108680
108680
108680
108680
108682
108696
108700
108700
108700
108700
108700
108700
108700
108700
108700
108700
108700
108700
108700
108700
108700
108700
108700
108700
108700
108700
108700
108700
108700
108700
108700
108700
108700
108700
108700
108700
108700
108700
108700
108700
108700
108700
108700
108700
108700
108700
108700
108700
108700
108700
108700
108700
108700
108700
108700
108700
108700
108700
108700
108700
108700
108700
108700
108700
108700
108700
108700
108700
108700
108700
108700
108700
108700
108700
108700
108700
108700
108700
108700
108700
108700
108700
108700
108700
108700
108700
108700
108700
108700
108700
108700
108700
108700
108700
108700
108700
108700
108700
108700
108700
108700
108700
108700
108700
108700
108700
108700
108700
108700
108700
108700
108700
108700
108700
108700
108700
108700
108700
108700
108700
108700
108700
108700
108700
108700
108700
108700
108700
108700
108700
108700
108700
108700
108700
108700
108700
108700
108700
108700
108700
108700
108700
108700
108700
108707
108714
108723
108729
108734
108736
108736
108736
108736
108736
108736
108736
108736
108736
108736
108736
108736
108736
108736
108736
108736
108737
108741
108747
108747
108748
108752
108763
108763
108763
108763
108763
108763
108763
108763
108763
108763
108763
108763
108763
108763
108763
108763
108763
108763
108763
108763
108763
108763
108763
108763
108763
108763
108763
108763
108763
108763
108763
108763
108763
108763
108763
108763
108763
108763
108763
108763
108763
108763
108763
108763
108763
108763
108763
108763
108763
108763
108763
108763
108763
108763
108763
108763
108763
108768
108787
108801
108806
108816
108826
108829
108832
108857
108896
108944
108967
108988
109006
109019
109035
109056
109109
109151
109169
109183
109192
109193
109193
109193
109193
109193
109193
109193
109193
109193
109193
109193
109193
109193
109193
109193
109195
109195
109195
109195
109198
109203
109207
109208
109212
109227
109241
109255
109266
109274
109276
109276
109276
109276
109276
109276
109276
109276
109276
109276
109276
109276
109276
109276
109276
109276
109276
109276
109276
109276
109276
109276
109276
109276
109276
109276
109276
109276
109276
109276
109276
109276
109276
109276
109276
109276
109276
109276
109276
109276
109276
109276
109276
109276
109276
109276
109276
109276
109276
109276
109276
109276
109276
109276
109276
109276
109276
109276
109276
109276
109276
109276
109276
109276
109276
109276
109276
109276
109276
109276
109276
109276
109276
109276
109276
109276
109276
109276
109276
109276
109276
109276
109276
109276
109276
109276
109276
109276
109276
109276
109276
109276
109276
109276
109276
109276
109276
109276
109276
109276
109276
109276
109276
109276
109276
109276
109276
109276
109276
109276
109276
109276
109276
109276
109276
109276
109276
109276
109276
109276
109276
109276
109276
109276
109276
109276
109276
109276
109276
109276
109276
109276
109276
109276
109276
109276
109276
109276
109276
109276
109276
109276
109276
109276
109276
109276
109276
109276
109276
109276
109276
109276
109276
109276
109276
109276
109276
109276
109276
109276
109276
109276
109276
109276
109276
109276
109276
109276
109276
109276
109276
109276
109276
109276
109276
109276
109276
109276
109276
109276
109276
109276
109276
109276
109276
109276
109276
109276
109276
109276
109276
109276
109276
109276
109276
109276
109276
109276
109276
109276
109276
109276
109276
109276
109276
109276
109276
109276
109276
109276
109276
109276
109276
109276
109276
109276
109276
109276
109276
109276
109276
109276
109276
109276
109276
109276
109276
109276
109276
109276
109276
109276
109276
109276
109276
109276
109276
109276
109276
109276
109276
109276
109276
109276
109276
109276
109276
109276
109276
109276
109276
109276
109276
109276
109276
109276
109276
109276
109276
109276
109276
109276
109276
109276
109276
109276
109276
109276
109276
109278
109290
109309
109319
109325
109325
109329
109339
109350
109363
109373
109382
109396
109408
109410
109410
109410
109410
109410
109410
109410
109410
109410
109410
109410
109410
109410
109410
109410
109410
109410
109410
109410
109410
109410
109410
109410
109410
109410
109410
109410
109410
109410
109410
109410
109410
109410
109410
109410
109410
109410
109410
109410
109410
109410
109410
109410
109410
109410
109410
109410
109410
109410
109410
109410
109410
109410
109410
109410
109410
109410
109410
109410
109410
109410
109410
109410
109410
109410
109410
109410
109410
109410
109410
109410
109410
109410
109410
109410
109410
109410
109410
109410
109410
109410
109410
109410
109410
109410
109410
109410
109410
109410
109410
109410
109410
109410
109410
109410
109410
109410
109410
109410
109410
109410
109410
109410
109410
109410
109410
109410
109410
109410
109410
109410
109410
109410
109410
109410
109410
109410
109410
109410
109410
109410
109410
109410
109410
109410
109410
109410
109410
109410
109410
109410
109410
109410
109410
109410
109410
109410
109410
109410
109410
109410
109410
109410
109410
109410
109410
109410
109410
109410
109410
109410
109410
109410
109410
109410
109410
109410
109410
109410
109410
109410
109410
109410
109410
109410
109410
109410
109410
109410
109410
109410
109410
109410
109410
109410
109410
109410
109410
109410
109410
109410
109410
109410
109410
109410
109410
109410
109410
109410
109410
109410
109410
109410
109410
109410
109410
109410
109410
109410
109410
109410
109410
109410
109410
109410
109410
109410
109410
109410
109410
109410
109410
109410
109410
109410
109410
109410
109410
109410
109410
109410
109410
109410
109410
109410
109410
109410
109410
109410
109410
109410
109410
109410
109410
109410
109410
109410
109410
109410
109410
109410
109410
109410
109410
109410
109410
109410
109410
109410
109410
109410
109410
109410
109410
109410
109410
109410
109410
109410
109410
109410
109410
109410
109410
109410
109410
109410
109410
109410
109410
109410
109410
109410
109410
109410
109410
109410
109410
109410
109410
109410
109410
109410
109410
109410
109410
109410
109410
109410
109410
109410
109410
109410
109410
109410
109410
109410
109410
109410
109410
109410
109410
109410
109410
109410
109410
109410
109410
109410
109410
109410
109410
109410
109410
109410
109410
109410
109410
109410
109410
109410
109410
109410
109410
109410
109410
109410
109410
109410
109410
109410
109410
109410
109410
109410
109410
109410
109414
109422
109432
109438
109443
109446
109447
109449
109449
109449
109449
109449
109449
109449
109449
109449
109449
109449
109449
109449
109449
109449
109449
109449
109449
109449
109449
109449
109449
109449
109449
109449
109449
109449
109449
109449
109449
109449
109449
109449
109449
109449
109449
109449
109449
109449
109449
109449
109449
109449
109449
109449
109449
109449
109449
109449
109449
109449
109449
109449
109449
109449
109449
109449
109449
109449
109449
109449
109449
109449
109449
109449
109449
109449
109449
109449
109449
109449
109449
109449
109449
109449
109449
109449
109449
109449
109449
109449
109449
109449
109449
109449
109449
109449
109449
109449
109449
109449
109449
109449
109449
109449
109449
109449
109449
109449
109449
109449
109449
109449
109449
109449
109449
109449
109449
109449
109449
109449
109449
109449
109449
109449
109449
109449
109449
109449
109449
109449
109449
109449
109449
109449
109449
109449
109449
109449
109449
109449
109449
109449
109449
109449
109449
109449
109449
109449
109449
109449
109449
109449
109449
109449
109449
109449
109449
109449
109449
109449
109449
109449
109449
109449
109449
109449
109449
109449
109449
109449
109449
109449
109449
109449
109449
109449
109449
109449
109449
109449
109449
109449
109449
109449
109449
109449
109449
109449
109449
109449
109449
109449
109449
109449
109449
109449
109449
109449
109449
109449
109449
109449
109449
109449
109449
109449
109449
109449
109449
109449
109449
109449
109449
109449
109449
109449
109449
109449
109449
109449
109449
109449
109449
109449
109449
109449
109449
109449
109449
109449
109449
109449
109449
109449
109449
109449
109449
109449
109449
109449
109449
109449
109449
109449
109449
109449
109449
109449
109449
109449
109449
109449
109449
109449
109449
109449
109449
109449
109449
109449
109449
109449
109449
109449
109449
109449
109449
109449
109449
109449
109449
109449
109449
109449
109449
109449
109449
109449
109449
109449
109449
109449
109449
109449
109449
109449
109449
109449
109449
109449
109449
109449
109449
109449
109449
109449
109449
109449
109449
109449
109449
109449
109449
109449
109449
109449
109449
109449
109449
109449
109449
109449
109449
109449
109449
109449
109449
109449
109449
109449
109449
109449
109449
109449
109449
109449
109449
109449
109449
109449
109449
109449
109449
109449
109449
109449
109449
109449
109449
109449
109449
109449
109449
109449
109449
109449
109449
109449
109449
109449
109449
109449
109449
109449
109449
109449
109449
109449
109449
109449
109449
109449
109449
109449
109449
109449
109449
109449
109449
109449
109449
109449
109449
109449
109449
109449
109449
109449
109449
109449
109449
109449
109449
109449
109449
109449
109449
109449
109449
109449
109449
109449
109449
109449
109449
109449
109449
109449
109449
109449
109449
109449
109449
109449
109449
109449
109449
109449
109449
109449
109449
109449
109449
109449
109449
109449
109449
109449
109449
109449
109449
109449
109449
109449
109449
109449
109449
109449
109449
109449
109449
109449
109449
109449
109449
109449
109449
109449
109449
109449
109449
109449
109449
109449
109449
109449
109449
109449
109449
109449
109449
109449
109449
109449
109449
109449
109449
109449
109449
109449
109449
109449
109449
109449
109449
109449
109449
109449
109449
109449
109449
109449
109449
109449
109449
109449
109449
109449
109449
109449
109449
109449
109449
109449
109449
109449
109449
109449
109449
109449
109449
109449
109449
109449
109449
109449
109449
109449
109449
109449
109449
109449
109451
109468
109483
109501
109515
109533
109542
109548
109548
109557
109558
109558
109558
109558
109558
109558
109558
109558
109558
109558
109558
109558
109558
109558
109558
109558
109558
109558
109558
109558
109558
109558
109558
109558
109558
109558
109558
109558
109558
109558
109558
109558
109558
109558
109558
109558
109558
109558
109558
109558
109558
109558
109558
109558
109558
109558
109558
109558
109558
109558
109558
109558
109558
109558
109558
109558
109558
109558
109558
109558
109558
109558
109558
109558
109558
109558
109558
109558
109558
109558
109558
109558
109558
109558
109558
109558
109558
109558
109558
109558
109558
109558
109558
109558
109558
109558
109558
109558
109558
109558
109558
109558
109558
109558
109558
109558
109558
109558
109558
109558
109558
109558
109558
109558
109558
109558
109558
109558
109558
109558
109558
109558
109558
109558
109558
109558
109558
109558
109558
109558
109558
109558
109558
109558
109558
109558
109558
109558
109558
109558
109558
109558
109558
109558
109558
109558
109558
109558
109558
109558
109558
109558
109558
109558
109558
109558
109558
109558
109558
109558
109558
109558
109558
109558
109558
109558
109558
109558
109558
109558
109558
109558
109558
109558
109558
109558
109558
109558
109558
109558
109558
109558
109558
109558
109558
109558
109558
109558
109558
109558
109558
109558
109558
109558
109558
109558
109558
109558
109558
109558
109558
109558
109558
109558
109558
109558
109558
109561
109568
109582
109582
109582
109582
109624
109678
109703
109703
109703
109703
109703
109703
109703
109703
109703
109703
109703
109703
109703
109703
109703
109703
109711
109723
109725
109725
109738
109752
109755
109755
109755
109755
109755
109755
109755
109755
109755
109755
109755
109755
109755
109755
109755
109755
109755
109755
109755
109755
109755
109755
109755
109755
109755
109755
109755
109755
109755
109755
109755
109755
109755
109755
109755
109755
109755
109755
109755
109755
109755
109755
109755
109755
109755
109755
109755
109755
109755
109755
109755
109755
109755
109755
109755
109755
109755
109755
109755
109755
109755
109755
109755
109755
109755
109755
109755
109755
109755
109755
109755
109755
109755
109755
109755
109755
109755
109755
109755
109755
109755
109755
109755
109755
109755
109755
109755
109755
109755
109755
109755
109755
109755
109755
109755
109755
109755
109755
109755
109755
109755
109755
109755
109755
109755
109755
109755
109755
109755
109755
109755
109755
109755
109755
109755
109755
109755
109755
109755
109755
109755
109755
109755
109755
109755
109755
109755
109755
109755
109755
109755
109755
109755
109755
109755
109755
109755
109755
109755
109755
109755
109755
109755
109755
109755
109755
109755
109755
109755
109755
109755
109755
109755
109755
109755
109755
109755
109755
109755
109755
109755
109755
109755
109755
109755
109755
109755
109755
109755
109755
109755
109755
109755
109755
109755
109755
109755
109755
109755
109755
109755
109755
109755
109755
109755
109755
109755
109755
109755
109755
109755
109755
109755
109755
109755
109755
109755
109755
109755
109755
109755
109755
109755
109755
109755
109755
109755
109755
109755
109755
109755
109755
109755
109755
109755
109755
109755
109755
109755
109755
109755
109755
109755
109755
109755
109755
109755
109755
109755
109755
109755
109755
109755
109755
109755
109755
109755
109755
109755
109755
109755
109755
109755
109755
109755
109755
109755
109755
109755
109755
109755
109755
109755
109755
109755
109755
109755
109759
109780
109791
109791
109791
109791
109791
109791
109791
109791
109791
109791
109791
109791
109791
109791
109791
109791
109791
109791
109791
109791
109791
109791
109791
109791
109791
109791
109791
109791
109791
109791
109791
109791
109791
109791
109791
109791
109791
109791
109791
109791
109791
109791
109791
109791
109791
109791
109791
109791
109791
109791
109791
109792
109795
109796
109798
109801
109805
109806
109812
109829
109840
109841
109841
109841
109841
109841
109841
109841
109841
109841
109841
109841
109841
109841
109841
109841
109841
109841
109841
109841
109841
109841
109841
109841
109841
109841
109841
109841
109841
109841
109841
109841
109841
109841
109841
109841
109841
109841
109841
109841
109841
109841
109841
109841
109841
109841
109841
109841
109841
109841
109841
109841
109841
109841
109841
109841
109841
109841
109841
109841
109841
109841
109841
109841
109841
109841
109841
109841
109841
109841
109841
109841
109841
109841
109841
109841
109841
109841
109841
109841
109841
109841
109841
109841
109841
109841
109841
109841
109841
109841
109841
109841
109841
109841
109841
109841
109841
109841
109841
109841
109841
109841
109841
109841
109841
109841
109841
109841
109841
109841
109841
109841
109841
109841
109841
109841
109841
109841
109841
109841
109841
109841
109841
109841
109841
109841
109841
109841
109841
109841
109841
109841
109841
109841
109841
109841
109841
109841
109841
109841
109841
109841
109841
109841
109841
109841
109841
109841
109841
109841
109841
109841
109841
109841
109841
109841
109841
109841
109841
109841
109841
109841
109841
109841
109841
109841
109841
109841
109841
109841
109841
109841
109841
109841
109841
109844
109848
109852
109856
109860
109864
109881
109916
109957
110006
110023
110041
110072
110142
110203
110240
110277
110315
110343
110344
110344
110344
110344
110344
110344
110344
110344
110344
110344
110346
110356
110386
110438
110481
110508
110530
110544
110549
110550
110550
110550
110550
110550
110550
110550
110550
110550
110550
110551
110557
110565
110576
110581
110581
110581
110581
110581
110581
110581
110581
110581
110581
110581
110581
110581
110581
110581
110581
110581
110581
110581
110581
110581
110581
110581
110581
110581
110581
110581
110581
110581
110581
110581
110581
110581
110581
110581
110581
110581
110581
110581
110581
110581
110581
110581
110581
110581
110581
110581
110581
110581
110581
110581
110581
110581
110581
110581
110581
110581
110581
110581
110581
110581
110581
110581
110581
110581
110581
110581
110581
110581
110581
110581
110581
110581
110581
110581
110581
110581
110581
110581
110581
110581
110581
110581
110581
110581
110581
110581
110581
110581
110581
110581
110581
110581
110581
110581
110581
110581
110581
110581
110581
110581
110581
110581
110581
110581
110581
110581
110581
110581
110581
110581
110581
110581
110581
110581
110581
110581
110581
110581
110581
110581
110581
110581
110581
110581
110581
110581
110581
110581
110581
110581
110581
110581
110581
110581
110581
110581
110581
110581
110581
110581
110581
110581
110581
110581
110581
110581
110581
110581
110581
110581
110581
110581
110581
110581
110581
110581
110581
110581
110581
110581
110581
110581
110581
110581
110581
110581
110581
110581
110581
110581
110581
110581
110581
110581
110581
110581
110581
110581
110581
110581
110581
110581
110581
110581
110581
110581
110581
110581
110581
110581
110581
110581
110581
110581
110581
110581
110581
110581
110581
110581
110581
110581
110581
110581
110581
110581
110581
110581
110581
110581
110581
110581
110581
110581
110581
110581
110581
110581
110581
110581
110581
110581
110581
110581
110581
110581
110581
110581
110581
110581
110581
110581
110581
110581
110581
110581
110581
110581
110581
110581
110581
110581
110581
110581
110581
110581
110581
110581
110581
110581
110581
110581
110581
110581
110581
110581
110581
110581
110581
110581
110581
110581
110581
110581
110581
110581
110581
110581
110581
110581
110581
110581
110581
110581
110581
110581
110581
110581
110581
110581
110581
110581
110581
110581
110581
110581
110581
110581
110581
110581
110581
110581
110581
110581
110581
110581
110581
110581
110581
110581
110581
110581
110581
110581
110581
110581
110581
110581
110581
110581
110581
110581
110581
110581
110581
110581
110581
110581
110581
110581
110581
110581
110581
110581
110581
110581
110581
110581
110581
110581
110581
110581
110581
110581
110581
110581
110581
110581
110581
110581
110581
110581
110581
110581
110581
110581
110581
110581
110581
110581
110581
110581
110581
110581
110581
110581
110581
110581
110581
110581
110581
110581
110581
110581
110581
110581
110581
110581
110581
110581
110581
110581
110581
110581
110581
110581
110581
110581
110581
110581
110581
110581
110581
110581
110581
110581
110581
110581
110581
110581
110581
110581
110581
110581
110581
110581
110581
110581
110581
110581
110581
110581
110581
110581
110581
110581
110581
110581
110581
110581
110581
110581
110581
110581
110581
110581
110581
110581
110581
110581
110581
110581
110581
110581
110581
110581
110581
110581
110581
110581
110581
110581
110581
110581
110581
110581
110581
110581
110581
110581
110581
110581
110581
110581
110581
110581
110581
110581
110581
110581
110581
110581
110581
110581
110581
110581
110581
110581
110581
110588
110607
110625
110626
110626
110626
110626
110626
110626
110626
110626
110626
110626
110626
110626
110626
110626
110626
110626
110626
110626
110626
110626
110626
110626
110626
110626
110626
110626
110626
110626
110626
110626
110626
110626
110626
110626
110626
110626
110626
110626
110626
110626
110626
110626
110626
110626
110626
110626
110626
110626
110626
110626
110626
110626
110626
110626
110626
110626
110626
110626
110626
110626
110626
110626
110626
110626
110626
110626
110626
110626
110626
110626
110626
110626
110626
110626
110626
110626
110626
110626
110626
110626
110626
110626
110626
110626
110626
110626
110626
110626
110626
110626
110626
110626
110626
110626
110626
110626
110626
110626
110626
110626
110626
110626
110626
110626
110626
110626
110626
110626
110626
110626
110626
110626
110626
110626
110626
110626
110626
110626
110626
110626
110626
110626
110626
110626
110626
110626
110626
110626
110626
110626
110626
110626
110626
110626
110626
110626
110626
110626
110626
110626
110626
110626
110626
110626
110626
110626
110626
110626
110626
110626
110626
110626
110626
110626
110626
110626
110626
110626
110626
110626
110626
110626
110626
110626
110626
110626
110626
110626
110626
110626
110626
110626
110626
110626
110626
110626
110626
110626
110626
110630
110661
110696
110722
110749
110772
110799
110805
110809
110809
110809
110809
110809
110809
110809
110809
110809
110809
110809
110809
110809
110826
110826
110828
110841
110855
110871
110887
110903
110948
111022
111107
111157
111212
111261
111299
111378
111465
111513
111550
111582
111612
111648
111685
111726
111757
111799
111840
111879
111918
111954
111984
112010
112033
112056
112074
112098
112119
112138
112166
112224
112266
112301
112338
112378
112419
112461
112539
112583
112665
112767
112840
112900
112958
113017
113062
113133
113206
113265
113323
113370
113451
113536
113595
113646
113692
113739
113791
113845
113902
113949
114018
114075
114134
114193
114251
114310
114364
114396
114419
114442
114477
114516
114524
114529
114530
114530
114538
114555
114612
114675
114733
114768
114784
114816
114852
114893
114953
115006
115062
115119
115173
115236
115294
115352
115410
115467
115516
115551
115576
115590
115599
115612
115625
115638
115653
115670
115685
115697
115708
115719
115725
115730
115732
115732
115732
115734
115755
115773
115773
115773
115773
115773
115781
115804
115813
115813
115813
115813
115813
115813
115813
115813
115813
115813
115813
115813
115813
115813
115813
115813
115813
115813
115813
115813
115813
115813
115813
115813
115813
115813
115813
115813
115813
115813
115813
115813
115813
115813
115813
115813
115813
115813
115813
115813
115813
115813
115813
115813
115813
115813
115813
115813
115813
115813
115813
115813
115813
115813
115813
115813
115813
115813
115813
115813
115813
115813
115813
115813
115813
115813
115813
115813
115813
115813
115813
115813
115813
115813
115813
115813
115813
115813
115813
115813
115813
115813
115813
115813
115813
115813
115813
115813
115813
115813
115813
115813
115813
115813
115813
115813
115813
115813
115817
115820
115822
115822
115822
115822
115822
115822
115822
115822
115822
115822
115822
115822
115822
115822
115822
115822
115822
115822
115822
115822
115822
115822
115822
115822
115822
115825
115834
115845
115857
115867
115880
115894
115925
115990
116021
116043
116055
116056
116056
116056
116056
116056
116057
116057
116057
116057
116057
116060
116065
116072
116085
116124
116179
116216
116230
116298
116367
116417
116503
116568
116595
116629
116657
116688
116701
116703
116703
116703
116703
116703
116703
116703
116703
116703
116703
116703
116703
116703
116703
116703
116703
116703
116703
116703
116703
116703
116703
116703
116703
116703
116703
116705
116718
116743
116774
116794
116819
116844
116874
116904
116943
116990
117037
117075
117095
117102
117102
117105
117105
117105
117105
117105
117105
117105
117105
117105
117105
117105
117105
117106
117112
117142
117167
117175
117175
117175
117175
117175
117175
117175
117175
117175
117175
117175
117175
117175
117175
117175
117175
117175
117175
117175
117175
117175
117175
117175
117175
117175
117175
117175
117175
117175
117175
117175
117175
117175
117175
117175
117175
117175
117175
117175
117175
117175
117175
117175
117175
117175
117175
117175
117175
117175
117175
117175
117175
117175
117175
117175
117175
117175
117175
117175
117175
117175
117175
117175
117175
117175
117175
117175
117175
117175
117175
117175
117175
117175
117175
117175
117175
117175
117175
117175
117175
117175
117175
117175
117175
117175
117175
117175
117175
117175
117175
117175
117175
117175
117175
117175
117175
117175
117175
117175
117175
117175
117175
117175
117175
117175
117175
117175
117175
117175
117175
117175
117175
117175
117175
117175
117175
117175
117175
117175
117175
117175
117175
117175
117175
117175
117175
117175
117175
117175
117175
117175
117175
117175
117175
117175
117175
117175
117175
117175
117175
117175
117175
117175
117175
117175
117175
117175
117175
117175
117175
117175
117175
117175
117175
117175
117175
117175
117175
117175
117175
117175
117175
117175
117175
117175
117175
117175
117175
117175
117175
117175
117175
117175
117175
117175
117175
117175
117175
117175
117175
117175
117175
117175
117175
117175
117175
117175
117175
117175
117175
117175
117175
117175
117175
117175
117175
117175
117175
117175
117175
117175
117175
117175
117175
117175
117175
117175
117175
117175
117175
117189
117235
117286
117337
117388
117434
117477
117528
117553
117565
117565
117567
117570
117576
117587
117599
117613
117613
117613
117613
117613
117613
117613
117613
117613
117613
117613
117613
117613
117613
117613
117613
117613
117613
117613
117613
117613
117613
117613
117613
117613
117613
117613
117613
117613
117613
117613
117613
117613
117613
117613
117613
117613
117613
117613
117613
117613
117613
117613
117613
117613
117613
117613
117613
117613
117613
117613
117613
117613
117613
117613
117613
117613
117613
117613
117613
117613
117613
117613
117613
117613
117613
117613
117613
117613
117613
117613
117613
117613
117613
117613
117613
117613
117613
117613
117613
117613
117613
117613
117613
117613
117613
117613
117613
117613
117613
117613
117613
117613
117613
117613
117613
117613
117613
117613
117613
117613
117613
117613
117613
117613
117613
117613
117613
117613
117613
117613
117613
117613
117613
117613
117613
117613
117613
117613
117613
117614
117616
117622
117627
117628
117652
117698
117744
117815
117893
117966
118016
118073
118125
118186
118250
118329
118396
118456
118510
118605
118675
118707
118744
118782
118850
118905
118921
118925
118926
118926
118926
118926
118926
118926
118926
118926
118926
118926
118926
118926
118926
118926
118926
118926
118926
118926
118926
118926
118926
118926
118926
118926
118926
118926
118926
118926
118926
118926
118926
118926
118926
118926
118926
118926
118926
118926
118930
118951
118974
118986
118986
118986
118986
118986
118996
119026
119057
119073
119073
119075
119086
119094
119103
119109
119109
119109
119109
119109
119109
119109
119109
119109
119109
119109
119109
119109
119109
119109
119109
119109
119109
119109
119109
119109
119109
119109
119109
119109
119109
119109
119109
119109
119109
119109
119109
119109
119109
119109
119109
119109
119109
119109
119109
119109
119109
119109
119109
119109
119109
119109
119109
119109
119109
119109
119109
119109
119109
119109
119109
119109
119109
119109
119109
119109
119109
119109
119109
119109
119109
119109
119109
119109
119109
119109
119109
119109
119109
119109
119109
119109
119113
119127
119149
119176
119195
119208
119213
119213
119213
119213
119213
119213
119213
119213
119217
119233
119258
119287
119291
119291
119291
119291
119291
119291
119291
119291
119291
119291
119291
119291
119291
119291
119291
119291
119291
119291
119291
119291
119291
119291
119291
119291
119291
119291
119291
119291
119291
119291
119291
119291
119291
119291
119291
119291
119291
119291
119291
119291
119291
119291
119291
119291
119291
119291
119291
119291
119291
119291
119291
119291
119291
119291
119291
119291
119291
119291
119291
119291
119291
119291
119291
119291
119291
119291
119291
119291
119291
119291
119291
119291
119291
119291
119291
119291
119291
119291
119291
119291
119291
119291
119291
119291
119291
119291
119291
119291
119291
119291
119291
119291
119291
119291
119291
119291
119291
119291
119291
119291
119291
119291
119291
119291
119291
119291
119291
119291
119291
119291
119291
119291
119291
119291
119291
119291
119291
119291
119291
119291
119291
119291
119291
119291
119291
119291
119291
119291
119291
119291
119291
119291
119291
119297
119305
119318
119337
119349
119349
119349
119349
119349
119349
119349
119349
119349
119349
119349
119349
119349
119349
119349
119349
119349
119349
119349
119349
119349
119349
119349
119349
119349
119349
119349
119349
119357
119363
119373
119388
119413
119472
119523
119534
119541
119572
119603
119620
119620
119620
119620
119620
119620
119620
119620
119620
119620
119620
119620
119620
119620
119620
119620
119622
119626
119635
119648
119661
119669
119673
119681
119696
119709
119710
119710
119710
119710
119710
119710
119710
119710
119710
119710
119710
119710
119710
119710
119710
119710
119710
119710
119710
119710
119710
119710
119710
119710
119710
119710
119710
119710
119710
119710
119710
119710
119710
119710
119710
119710
119710
119710
119710
119710
119710
119710
119710
119710
119710
119710
119710
119710
119710
119710
119710
119710
119710
119710
119710
119710
119710
119710
119710
119710
119710
119710
119710
119710
119710
119710
119710
119710
119710
119710
119710
119710
119710
119710
119710
119710
119710
119710
119710
119710
119710
119710
119710
119710
119710
119710
119710
119710
119710
119710
119710
119710
119710
119710
119710
119710
119710
119710
119710
119710
119710
119710
119710
119710
119710
119710
119710
119710
119710
119710
119710
119710
119710
119710
119710
119710
119710
119710
119710
119710
119710
119710
119710
119710
119710
119710
119710
119710
119710
119710
119710
119710
119710
119710
119710
119710
119710
119710
119710
119710
119710
119710
119710
119710
119710
119710
119710
119710
119710
119710
119710
119710
119710
119710
119710
119710
119710
119710
119710
119710
119710
119710
119710
119710
119710
119710
119710
119710
119710
119710
119710
119710
119710
119710
119710
119710
119710
119710
119710
119710
119710
119710
119710
119710
119710
119710
119710
119710
119710
119710
119710
119710
119710
119710
119710
119710
119710
119710
119710
119710
119710
119710
119710
119710
119710
119710
119710
119710
119710
119710
119710
119710
119710
119710
119710
119710
119710
119710
119710
119710
119710
119710
119710
119710
119710
119710
119710
119710
119710
119710
119710
119710
119710
119710
119710
119710
119710
119710
119710
119710
119710
119710
119710
119710
119710
119710
119710
119710
119710
119710
119710
119710
119710
119710
119710
119710
119710
119710
119710
119710
119710
119710
119710
119710
119710
119710
119710
119710
119710
119710
119710
119710
119710
119710
119710
119710
119710
119710
119710
119710
119710
119710
119710
119710
119710
119710
119710
119710
119710
119710
119710
119710
119710
119710
119710
119710
119710
119710
119710
119710
119710
119710
119710
119710
119710
119710
119710
119710
119710
119710
119710
119710
119710
119710
119710
119710
119710
119710
119710
119710
119710
119710
119710
119710
119710
119710
119710
119710
119710
119710
119710
119710
119710
119710
119710
119710
119710
119710
119717
119724
119755
119755
119757
119759
119759
119759
119759
119759
119759
119759
119759
119759
119759
119759
119759
119759
119759
119759
119759
119759
119759
119759
119759
119759
119759
119759
119759
119759
119759
119759
119759
119759
119759
119759
119759
119759
119759
119759
119759
119759
119759
119759
119759
119759
119759
119759
119759
119759
119759
119759
119759
119759
119759
119759
119759
119759
119759
119759
119759
119759
119759
119759
119759
119759
119759
119759
119759
119759
119759
119759
119759
119759
119759
119759
119759
119759
119759
119759
119759
119759
119759
119759
119759
119759
119759
119759
119759
119759
119759
119759
119759
119759
119759
119759
119759
119759
119759
119759
119759
119759
119759
119759
119759
119759
119759
119759
119759
119759
119759
119759
119759
119759
119759
119759
119759
119759
119759
119759
119759
119759
119759
119759
119759
119759
119759
119759
119759
119759
119759
119759
119759
119759
119759
119759
119759
119759
119759
119759
119759
119759
119759
119759
119759
119759
119759
119759
119759
119759
119759
119759
119759
119759
119759
119759
119759
119759
119759
119759
119759
119759
119759
119759
119759
119759
119759
119759
119759
119759
119759
119759
119759
119759
119759
119759
119759
119759
119759
119759
119759
119759
119759
119759
119759
119759
119759
119759
119759
119759
119759
119759
119759
119759
119759
119759
119759
119759
119759
119759
119759
119759
119759
119759
119759
119759
119759
119759
119759
119759
119759
119759
119759
119759
119759
119759
119759
119759
119759
119759
119759
119759
119759
119759
119759
119759
119759
119759
119759
119759
119759
119759
119759
119759
119759
119759
119759
119759
119759
119759
119759
119759
119759
119759
119759
119759
119759
119759
119759
119759
119759
119759
119759
119759
119759
119759
119759
119759
119779
119796
119805
119809
119809
119809
119809
119809
119809
119809
119809
119809
119809
119809
119809
119809
119809
119809
119809
119809
119809
119809
119809
119809
119809
119809
119809
119809
119809
119809
119809
119809
119809
119809
119809
119809
119809
119809
119809
119809
119809
119809
119809
119809
119809
119809
119809
119809
119809
119809
119809
119809
119809
119809
119809
119809
119809
119809
119809
119809
119809
119809
119809
119809
119809
119809
119809
119809
119809
119809
119809
119809
119809
119809
119809
119809
119809
119809
119809
119809
119809
119809
119809
119809
119811
119816
119825
119836
119846
119854
119860
119862
119865
119866
119866
119866
119866
119866
119866
119866
119866
119866
119866
119866
119866
119866
119866
119866
119866
119866
119866
119866
119866
119866
119866
119866
119866
119866
119866
119866
119866
119866
119866
119866
119866
119866
119866
119866
119866
119866
119866
119866
119866
119866
119866
119866
119866
119866
119866
119866
119866
119866
119866
119866
119866
119866
119866
119866
119866
119866
119866
119866
119866
119866
119866
119866
119866
119866
119866
119866
119866
119866
119866
119866
119866
119866
119866
119866
119866
119866
119866
119866
119866
119866
119866
119866
119866
119866
119866
119866
119866
119866
119866
119866
119866
119866
119866
119866
119866
119866
119866
119866
119866
119866
119866
119866
119866
119866
119866
119866
119866
119866
119866
119866
119866
119866
119866
119866
119866
119866
119866
119866
119866
119866
119866
119866
119866
119866
119866
119866
119866
119866
119866
119866
119866
119866
119866
119866
119866
119866
119866
119866
119866
119866
119866
119866
119867
119880
119905
119943
119969
119985
119988
119988
119988
119988
119990
119991
119994
119998
120000
120000
120000
120000
120000
120000
120000
120000
120000
120000
120000
120000
120000
120000
120000
120000
120000
120000
120000
120000
120000
120000
120000
120000
120000
120000
120000
120000
120000
120000
120000
120000
120000
120000
120000
120000
120000
120000
120000
120000
120000
120000
120000
120000
120000
120000
120000
120000
120000
120000
120000
120000
120000
120000
120000
120000
120000
120000
120000
120000
120000
120000
120000
120000
120000
120000
120000
120000
120000
120000
120000
120000
120000
120000
120000
120000
120000
120000
120000
120000
120000
120000
120000
120000
120000
120000
120000
120000
120000
120000
120000
120000
120000
120000
120000
120000
120000
120000
120000
120000
120000
120000
120000
120000
120000
120000
120000
120000
120000
120000
120000
120000
120000
120000
120000
120000
120000
120000
120000
120000
120000
120000
120000
120000
120000
120000
120000
120000
120000
120000
120000
120000
120000
120000
120000
120000
120000
120000
120000
120000
120000
120000
120000
120000
120000
120000
120000
120000
120000
120000
120000
120000
120000
120000
120000
120000
120000
120000
120000
120000
120000
120000
120000
120000
120000
120000
120000
120000
120000
120000
120000
120000
120000
120000
120000
120000
120000
120000
120000
120000
120000
120000
120000
120000
120000
120000
120000
120000
120000
120000
120000
120000
120000
120000
120000
120000
120000
120000
120000
120000
120000
120000
120000
120000
120000
120000
120000
120000
120000
120000
120000
120000
120000
120000
