Time needed: 1104.73 s
Distance travelled: 1749.02 m
Total rotation: 36598.8°
Objects found after: 15.83 s, 34.53 s, 221.77 s

+++ following progress ticks +++
461
521
628
679
734
785
823
880
937
1002
1061
1118
1175
1235
1288
1348
1406
1460
1531
1591
1651
1716
1776
1834
1892
1949
2030
2083
2133
2205
2293
2385
2445
2500
2556
2614
2673
2732
2789
2849
2901
2987
3055
3114
3216
3286
3347
3404
3463
3519
3577
3654
3741
3798
3859
3915
3955
3997
4009
4011
4012
4012
4012
4012
4012
4012
4012
4016
4026
4054
4091
4149
4199
4233
4249
4271
4338
4387
4416
4494
4591
4682
4741
4792
4870
4944
5002
5060
5120
5185
5270
5344
5401
5446
5505
5561
5621
5678
5736
5794
5853
5899
5959
6019
6076
6133
6193
6252
6307
6365
6449
6537
6618
6675
6734
6775
6847
6951
7051
7108
7184
7240
7301
7357
7415
7474
7535
7587
7662
7720
7772
7834
7893
7946
8004
8064
8123
8169
8231
8291
8345
8402
8462
8520
8579
8623
8686
8746
8804
8861
8931
9008
9066
9125
9184
9242
9320
9376
9437
9494
9555
9592
9652
9725
9784
9832
9908
9985
10043
10103
10161
10219
10271
10352
10430
10491
10602
10711
10785
10861
10969
11068
11128
11184
11246
11327
11395
11453
11512
11569
11624
11684
11744
11800
11859
11916
11973
12032
12077
12162
12242
12296
12355
12416
12473
12535
12586
12630
12709
12784
12842
12901
12960
13019
13076
13126
13213
13290
13350
13409
13456
13539
13627
13684
13743
13802
13861
13923
14012
14104
14160
14219
14297
14397
14466
14524
14575
14652
14735
14796
14852
14910
14956
15029
15128
15229
15294
15348
15407
15465
15523
15580
15640
15690
15712
15722
15725
15726
15726
15726
15726
15726
15726
15726
15727
15747
15783
15820
15863
15933
16008
16070
16113
16152
16189
16217
16247
16273
16296
16315
16336
16355
16366
16404
16467
16538
16575
16621
16665
16710
16755
16798
16826
16870
16914
16958
16996
17045
17092
17138
17184
17233
17280
17316
17370
17422
17474
17518
17557
17588
17618
17647
17666
17715
17752
17790
17827
17865
17900
17936
17969
18009
18047
18085
18123
18161
18198
18235
18293
18364
18418
18473
18531
18587
18643
18697
18772
18856
18937
18995
19055
19114
19176
19261
19332
19391
19451
19510
19569
19627
19664
19676
19704
19754
19798
19841
19897
19939
20007
20087
20168
20228
20288
20347
20404
20459
20538
20631
20710
20761
20795
20820
20845
20870
20889
20900
20901
20901
20901
20901
20901
20902
20904
20909
20915
20919
20924
20933
20940
20957
20978
21025
21077
21113
21134
21153
21167
21221
21298
21336
21382
21418
21454
21489
21525
21559
21593
21627
21705
21800
21873
21925
21977
22047
22116
22167
22216
22266
22320
22372
22425
22467
22559
22654
22705
22766
22826
22870
22941
23026
23086
23141
23219
23319
23377
23407
23434
23453
23476
23491
23499
23505
23507
23508
23508
23508
23508
23508
23508
23508
23508
23508
23508
23508
23508
23508
23508
23508
23508
23508
23508
23508
23508
23508
23508
23508
23508
23508
23508
23508
23508
23514
23524
23543
23564
23568
23568
23568
23568
23568
23568
23568
23568
23568
23568
23568
23568
23568
23568
23568
23568
23568
23568
23568
23568
23568
23568
23568
23568
23568
23568
23568
23568
23568
23568
23568
23568
23568
23568
23568
23568
23568
23568
23568
23568
23568
23568
23568
23568
23568
23568
23568
23568
23568
23568
23568
23568
23568
23568
23568
23568
23568
23568
23568
23568
23568
23568
23568
23568
23568
23568
23573
23582
23595
23608
23622
23622
23625
23659
23707
23756
23775
23786
23838
23901
23971
24025
24064
24113
24157
24202
24250
24302
24359
24416
24470
24512
24549
24584
24626
24669
24715
24764
24813
24891
24949
25010
25066
25123
25177
25230
25302
25360
25418
25476
25534
25592
25650
25706
25764
25822
25880
25938
25989
26046
26104
26162
26219
26273
26331
26388
26447
26504
26563
26621
26663
26743
26795
26855
26915
26971
27036
27097
27148
27198
27238
27262
27314
27382
27420
27458
27482
27501
27513
27522
27526
27526
27526
27538
27561
27575
27575
27575
27575
27575
27575
27575
27575
27575
27578
27596
27622
27647
27672
27700
27725
27743
27770
27800
27834
27872
27919
27976
28017
28080
28136
28189
28245
28303
28359
28417
28479
28532
28600
28655
28715
28774
28833
28890
28944
29016
29107
29203
29264
29322
29379
29430
29504
29581
29640
29699
29754
29812
29870
29930
29960
30014
30083
30131
30160
30185
30206
30219
30233
30282
30343
30380
30440
30495
30552
30637
30739
30819
30879
30938
30992
31054
31105
31188
31238
31332
31412
31470
31528
31580
31650
31735
31802
31857
31909
31982
32081
32166
32226
32284
32342
32396
32456
32537
32605
32664
32723
32783
32828
32904
32961
33018
33076
33135
33194
33244
33301
33363
33419
33470
33533
33592
33650
33707
33766
33822
33880
33941
33990
34051
34108
34165
34218
34290
34380
34471
34533
34586
34645
34705
34745
34825
34900
34957
35012
35071
35129
35188
35251
35316
35373
35433
35491
35542
35615
35683
35743
35802
35850
35944
36004
36060
36121
36175
36239
36300
36358
36417
36475
36535
36592
36639
36716
36784
36843
36898
36960
37017
37067
37127
37183
37243
37304
37357
37417
37477
37533
37588
37648
37707
37764
37822
37881
37938
37998
38053
38105
38159
38217
38278
38335
38394
38454
38511
38567
38640
38702
38760
38818
38874
38921
38990
39080
39152
39195
39256
39314
39374
39436
39493
39550
39605
39664
39709
39790
39857
39936
39995
40054
40112
40172
40232
40284
40330
40395
40450
40507
40565
40607
40681
40773
40851
40909
40968
41028
41087
41142
41186
41202
41212
41214
41214
41214
41215
41235
41275
41289
41292
41343
41372
41387
41460
41542
41614
41651
41686
41720
41749
41777
41804
41825
41871
41916
41954
41992
42030
42068
42106
42135
42176
42205
42273
42327
42380
42433
42491
42544
42589
42635
42674
42707
42738
42768
42798
42862
42920
42968
43019
43069
43121
43172
43217
43275
43331
43389
43446
43512
43568
43624
43680
43740
43796
43875
43947
44001
44041
44089
44136
44183
44230
44266
44335
44428
44517
44574
44632
44692
44753
44837
44894
44905
44905
44905
44905
44905
44905
44905
44905
44906
44908
44913
44921
44930
44930
44930
44930
44930
44930
44930
44930
44930
44930
44930
44930
44930
44930
44930
44930
44930
44930
44930
44930
44930
44930
44930
44930
44930
44930
44930
44930
44930
44930
44930
44930
44930
44930
44932
44943
44978
45008
45058
45102
45148
45226
45307
45381
45431
45499
45606
45701
45755
45819
45875
45889
45930
45990
46039
46126
46213
46278
46331
46385
46439
46498
46545
46616
46702
46800
46855
46945
47043
47101
47157
47230
47289
47347
47403
47461
47521
47577
47635
47684
47762
47842
47899
47954
48013
48072
48130
48177
48258
48355
48448
48505
48563
48611
48682
48742
48800
48859
48917
48968
49027
49086
49142
49186
49271
49369
49452
49511
49563
49623
49678
49742
49801
49859
49916
49976
50028
50082
50160
50242
50300
50359
50417
50476
50532
50605
50669
50726
50786
50845
50902
50958
51029
51087
51144
51201
51259
51318
51376
51435
51479
51538
51603
51686
51786
51857
51916
51972
52009
52034
52054
52085
52112
52112
52112
52112
52112
52112
52112
52112
52112
52112
52112
52135
52169
52204
52235
52261
52281
52301
52318
52334
52347
52359
52366
52380
52389
52395
52413
52450
52494
52501
52504
52505
52505
52505
52505
52505
52505
52505
52505
52517
52554
52597
52667
52710
52741
52770
52798
52833
52878
52918
52955
52988
53015
53072
53154
53231
53282
53298
53310
53312
53314
53315
53316
53319
53326
53341
53364
53386
53402
53402
53410
53418
53418
53418
53418
53418
53418
53418
53418
53418
53418
53418
53418
53418
53418
53418
53418
53418
53418
53418
53418
53418
53418
53418
53418
53418
53418
53418
53418
53418
53418
53418
53418
53418
53418
53418
53419
53433
53443
53448
53448
53448
53448
53448
53448
53448
53448
53448
53448
53450
53452
53464
53515
53546
53578
53605
53633
53660
53695
53721
53746
53772
53785
53786
53786
53786
53786
53786
53786
53786
53788
53798
53799
53799
53799
53799
53799
53799
53799
53799
53799
53799
53799
53799
53799
53799
53799
53799
53799
53799
53799
53799
53799
53799
53799
53799
53799
53799
53799
53799
53799
53799
53799
53799
53799
53799
53799
53799
53799
53799
53799
53799
53799
53799
53799
53799
53799
53799
53799
53799
53799
53799
53799
53799
53799
53799
53799
53799
53799
53799
53799
53799
53799
53799
53799
53799
53799
53799
53799
53801
53813
53833
53855
53873
53916
53963
53996
54028
54062
54098
54137
54164
54201
54238
54280
54323
54366
54405
54453
54496
54527
54539
54542
54542
54542
54542
54542
54542
54542
54542
54542
54546
54589
54653
54726
54801
54843
54882
54919
54956
54978
54994
55014
55059
55093
55170
55246
55285
55323
55355
55384
55413
55439
55460
55484
55505
55522
55541
55568
55630
55709
55777
55823
55869
55911
55945
55972
56002
56031
56058
56073
56073
56073
56073
56082
56086
56105
56131
56131
56131
56131
56152
56212
56274
56339
56376
56394
56469
56505
56539
56570
56602
56632
56693
56767
56818
56876
56981
57062
57115
57173
57206
57214
57217
57218
57218
57218
57218
57218
57218
57218
57218
57218
57218
57218
57218
57218
57220
57229
57239
57241
57255
57272
57286
57299
57327
57355
57374
57374
57374
57374
57374
57374
57374
57374
57374
57374
57374
57374
57374
57374
57374
57374
57374
57374
57374
57374
57374
57374
57374
57374
57439
57536
57637
57744
57836
57903
57971
58034
58097
58160
58219
58272
58335
58370
58370
58370
58370
58375
58384
58398
58408
58414
58414
58414
58414
58414
58445
58503
58559
58621
58680
58729
58773
58797
58815
58825
58831
58831
58831
58831
58831
58845
58851
58851
58863
58896
58946
58971
58986
58998
58998
58998
58998
58998
58998
58998
58998
58998
58998
58998
58998
58998
58998
58998
58998
59001
59025
59048
59063
59079
59080
59080
59080
59080
59080
59080
59080
59080
59080
59080
59080
59080
59080
59080
59080
59080
59080
59080
59080
59080
59080
59080
59080
59080
59080
59081
59081
59081
59081
59081
59081
59081
59081
59081
59081
59081
59081
59081
59081
59081
59081
59081
59081
59081
59081
59081
59081
59081
59081
59081
59081
59081
59081
59081
59081
59081
59081
59081
59081
59081
59081
59081
59081
59081
59081
59081
59081
59081
59081
59081
59081
59081
59081
59081
59081
59081
59081
59081
59081
59081
59081
59081
59081
59081
59081
59084
59090
59133
59147
59147
59147
59147
59147
59147
59147
59147
59147
59147
59147
59147
59147
59147
59147
59147
59147
59147
59147
59148
59148
59148
59148
59148
59148
59148
59148
59148
59148
59148
59148
59148
59148
59148
59148
59148
59148
59148
59148
59148
59148
59148
59148
59148
59148
59148
59148
59148
59148
59148
59148
59148
59148
59148
59148
59148
59148
59148
59148
59148
59148
59148
59148
59148
59148
59148
59148
59148
59148
59148
59148
59148
59148
59148
59148
59148
59148
59148
59148
59148
59148
59148
59148
59148
59148
59148
59148
59148
59148
59148
59148
59148
59148
59148
59148
59148
59148
59148
59148
59148
59148
59148
59148
59148
59148
59148
59148
59148
59148
59148
59148
59148
59148
59148
59148
59148
59148
59148
59148
59148
59148
59148
59148
59148
59148
59148
59148
59148
59148
59148
59148
59148
59148
59148
59148
59148
59148
59148
59148
59148
59148
59148
59148
59148
59148
59148
59148
59148
59148
59148
59148
59148
59148
59148
59148
59148
59148
59148
59148
59148
59148
59148
59148
59148
59148
59148
59148
59148
59148
59148
59148
59148
59148
59148
59148
59148
59148
59148
59148
59148
59148
59148
59148
59148
59148
59148
59148
59148
59148
59148
59148
59148
59148
59148
59148
59148
59148
59148
59148
59148
59148
59148
59148
59148
59148
59148
59148
59148
59148
59148
59148
59148
59148
59148
59148
59148
59148
59148
59148
59148
59148
59148
59148
59148
59148
59148
59148
59148
59148
59148
59148
59148
59148
59148
59148
59148
59148
59148
59148
59148
59148
59148
59148
59148
59148
59148
59148
59148
59148
59148
59148
59148
59148
59148
59148
59148
59148
59148
59148
59148
59148
59148
59148
59148
59148
59148
59148
59148
59148
59148
59148
59148
59148
59148
59148
59148
59148
59148
59148
59148
59148
59148
59148
59148
59148
59148
59148
59148
59148
59148
59148
59148
59148
59148
59148
59148
59148
59148
59148
59148
59148
59148
59148
59148
59148
59148
59148
59148
59148
59148
59148
59148
59148
59148
59148
59148
59148
59148
59148
59148
59148
59148
59148
59148
59148
59148
59148
59148
59148
59148
59148
59148
59148
59148
59148
59148
59148
59148
59148
59148
59148
59148
59148
59148
59148
59148
59148
59148
59148
59148
59148
59148
59148
59148
59148
59148
59148
59148
59148
59148
59148
59148
59148
59148
59148
59148
59148
59148
59148
59148
59148
59148
59148
59148
59148
59148
59148
59148
59148
59148
59148
59148
59148
59148
59148
59148
59148
59148
59148
59148
59148
59148
59148
59148
59148
59148
59148
59148
59148
59148
59148
59148
59148
59148
59148
59148
59148
59148
59148
59148
59148
59148
59148
59148
59148
59148
59148
59148
59148
59148
59148
59148
59148
59148
59148
59148
59148
59148
59148
59148
59148
59148
59148
59148
59148
59148
59148
59148
59148
59148
59148
59148
59148
59148
59148
59148
59148
59148
59148
59148
59148
59148
59148
59148
59148
59148
59148
59148
59148
59148
59148
59148
59148
59148
59148
59148
59148
59148
59148
59148
59154
59173
59202
59239
59258
59258
59258
59258
59258
59258
59258
59273
59296
59316
59333
59351
59368
59384
59404
59425
59482
59571
59641
59699
59756
59810
59891
59970
60027
60087
60130
60188
60248
60306
60366
60428
60480
60509
60532
60575
60625
60662
60705
60753
60846
60950
61019
61075
61100
61169
61237
61326
61428
61486
61545
61600
61661
61720
61768
61845
61924
61981
62044
62145
62202
62257
62316
62375
62434
62476
62505
62535
62563
62581
62585
62585
62596
62631
62634
62634
62635
62635
62635
62635
62635
62635
62657
62705
62753
62771
62785
62799
62809
62820
62830
62841
62884
62946
62996
63029
63067
63108
63149
63182
63218
63249
63277
63305
63323
63336
63345
63349
63363
63408
63472
63534
63572
63611
63649
63688
63724
63762
63805
63849
63899
63945
64001
64058
64112
64164
64218
64268
64309
64345
64383
64418
64452
64479
64511
64544
64575
64612
64642
64673
64734
64786
64838
64896
64955
65014
65073
65133
65193
65247
65306
65366
65421
65500
65588
65611
65624
65630
65631
65631
65631
65631
65631
65631
65632
65645
65680
65735
65788
65846
65900
65988
66077
66123
66169
66215
66264
66311
66360
66408
66456
66506
66550
66606
66660
66716
66769
66823
66859
66909
66959
67009
67059
67109
67159
67209
67254
67288
67314
67329
67329
67329
67329
67335
67340
67340
67340
67342
67355
67375
67406
67452
67502
67527
67537
67550
67612
67672
67699
67731
67755
67790
67834
67878
67922
67966
68007
68053
68099
68145
68192
68239
68281
68331
68380
68432
68484
68537
68590
68637
68709
68773
68812
68881
68932
68982
69032
69082
69132
69182
69222
69274
69327
69365
69440
69507
69564
69623
69681
69736
69794
69851
69904
69985
70069
70128
70170
70212
70242
70301
70354
70403
70454
70503
70552
70599
70641
70682
70714
70743
70769
70794
70821
70846
70871
70895
70917
70936
70955
70986
71048
71129
71180
71225
71275
71311
71350
71390
71430
71466
71506
71528
71528
71528
71528
71528
71528
71528
71528
71528
71528
71528
71528
71528
71555
71596
71650
71700
71743
71775
71865
71960
72041
72139
72233
72312
72360
72407
72454
72498
72539
72580
72622
72664
72695
72728
72755
72777
72792
72802
72810
72813
72836
72883
72906
72918
72976
73058
73145
73201
73260
73312
73369
73419
73474
73535
73591
73652
73704
73766
73848
73931
73990
74051
74110
74163
74240
74331
74399
74459
74518
74576
74635
74696
74783
74862
74920
74979
75027
75111
75200
75260
75317
75375
75426
75488
75547
75607
75665
75725
75783
75868
75945
76002
76060
76114
76140
76164
76210
76241
76272
76298
76315
76342
76371
76405
76441
76498
76558
76584
76604
76623
76642
76654
76664
76666
76672
76672
76672
76672
76672
76672
76676
76679
76696
76732
76765
76824
76879
76913
76945
76997
77040
77060
77086
77086
77088
77102
77118
77131
77142
77147
77158
77173
77191
77211
77234
77251
77287
77304
77314
77323
77327
77327
77327
77327
77327
77327
77327
77327
77327
77327
77327
77327
77327
77327
77327
77327
77327
77327
77327
77327
77327
77327
77327
77327
77327
77327
77327
77327
77327
77327
77327
77327
77327
77327
77327
77327
77327
77327
77327
77327
77327
77327
77327
77327
77327
77327
77327
77327
77327
77327
77327
77327
77327
77327
77327
77327
77327
77327
77327
77327
77327
77327
77328
77332
77332
77332
77332
77332
77332
77332
77332
77332
77332
77332
77332
77332
77332
77332
77332
77332
77332
77332
77332
77332
77332
77332
77332
77332
77332
77332
77332
77332
77332
77332
77332
77332
77332
77332
77332
77332
77332
77332
77332
77332
77332
77332
77332
77332
77332
77332
77332
77332
77332
77332
77332
77332
77332
77332
77332
77334
77346
77364
77384
77389
77390
77390
77390
77390
77390
77390
77390
77390
77390
77390
77390
77390
77390
77390
77390
77390
77390
77390
77390
77390
77390
77390
77390
77390
77390
77390
77390
77390
77390
77390
77390
77390
77390
77390
77390
77390
77390
77390
77390
77390
77390
77390
77390
77390
77390
77390
77390
77390
77390
77390
77390
77390
77390
77390
77390
77390
77390
77390
77390
77390
77390
77390
77390
77390
77390
77390
77390
77390
77390
77390
77390
77390
77390
77390
77390
77390
77390
77390
77390
77390
77390
77390
77390
77390
77390
77390
77390
77390
77390
77390
77394
77394
77394
77394
77394
77394
77394
77394
77394
77394
77394
77394
77394
77394
77394
77394
77394
77394
77394
77394
77394
77394
77394
77394
77394
77394
77394
77394
77394
77394
77394
77394
77394
77394
77394
77394
77394
77394
77394
77394
77394
77394
77394
77394
77394
77394
77394
77394
77394
77394
77394
77402
77416
77419
77419
77432
77447
77457
77464
77464
77464
77464
77500
77536
77555
77574
77613
77667
77686
77695
77735
77801
77835
77862
77882
77917
77995
78094
78158
78218
78274
78331
78390
78449
78507
78580
78640
78698
78757
78817
78875
78921
78981
79041
79089
79163
79249
79326
79384
79444
79502
79555
79625
79717
79780
79839
79899
79957
80016
80065
80150
80231
80289
80349
80414
80498
80563
80620
80679
80734
80794
80844
80927
80982
81020
81048
81061
81062
81065
81091
81094
81094
81094
81094
81094
81104
81145
81203
81252
81312
81362
81402
81463
81520
81579
81639
81697
81746
81788
81829
81848
81865
81880
81889
81897
81897
81897
81897
81897
81897
81897
81897
81897
81897
81897
81897
81897
81897
81897
81897
81897
81897
81897
81897
81917
81959
82028
82102
82171
82218
82268
82321
82378
82433
82469
82514
82553
82591
82628
82668
82736
82813
82861
82868
82868
82868
82868
82868
82868
82868
82868
82868
82868
82868
82870
82897
82939
82993
83020
83030
83050
83113
83149
83178
83205
83227
83276
83353
83437
83494
83551
83608
83660
83727
83773
83806
83834
83860
83883
83907
83924
83938
83944
83945
83945
83946
83947
83947
83947
83947
83947
83947
83947
83947
83947
83947
83947
83947
83947
83947
83947
83947
83947
83947
83947
83947
83947
83947
83947
83947
83947
83947
83948
83954
83969
83989
84050
84118
84177
84200
84245
84254
84255
84255
84255
84255
84259
84262
84263
84269
84306
84336
84361
84389
84413
84432
84449
84466
84476
84492
84503
84511
84511
84511
84511
84511
84511
84511
84511
84511
84511
84511
84511
84511
84511
84511
84511
84511
84511
84511
84511
84511
84511
84511
84511
84511
84511
84511
84511
84511
84511
84511
84511
84511
84511
84511
84511
84511
84511
84511
84511
84511
84511
84511
84511
84511
84511
84511
84511
84511
84511
84511
84511
84511
84511
84511
84511
84511
84511
84511
84511
84511
84511
84511
84511
84511
84511
84511
84511
84511
84511
84511
84511
84511
84511
84512
84530
84548
84580
84640
84703
84766
84799
84818
84830
84840
84845
84845
84845
84845
84845
84845
84845
84845
84845
84845
84845
84845
84845
84847
84863
84897
84934
84970
85006
85043
85109
85160
85197
85230
85265
85302
85327
85389
85456
85515
85572
85630
85689
85747
85792
85872
85958
86017
86076
86137
86173
86191
86206
86206
86206
86207
86219
86229
86235
86247
86252
86252
86252
86252
86256
86275
86284
86284
86284
86284
86284
86284
86292
86303
86313
86322
86338
86371
86394
86404
86404
86405
86412
86423
86460
86481
86495
86508
86513
86513
86513
86523
86534
86537
86537
86538
86538
86538
86538
86538
86538
86538
86538
86538
86538
86538
86538
86538
86538
86538
86538
86538
86538
86538
86538
86538
86538
86538
86538
86538
86538
86538
86538
86538
86538
86538
86538
86538
86538
86538
86538
86538
86538
86538
86538
86538
86538
86538
86538
86538
86538
86538
86538
86538
86538
86538
86538
86538
86538
86538
86538
86538
86538
86538
86538
86538
86538
86538
86538
86538
86538
86538
86538
86538
86538
86538
86538
86538
86538
86538
86538
86538
86538
86538
86538
86538
86538
86538
86538
86538
86538
86538
86538
86538
86538
86538
86538
86538
86538
86538
86538
86538
86538
86538
86538
86538
86538
86538
86538
86538
86538
86538
86538
86538
86538
86538
86538
86538
86538
86538
86538
86538
86538
86538
86538
86538
86538
86538
86538
86538
86538
86538
86538
86538
86538
86538
86538
86538
86538
86538
86538
86538
86538
86538
86538
86538
86538
86538
86538
86538
86538
86538
86538
86538
86538
86538
86538
86538
86538
86538
86538
86538
86538
86538
86538
86538
86538
86538
86538
86538
86538
86538
86538
86538
86538
86538
86538
86538
86538
86538
86538
86538
86538
86538
86538
86538
86538
86538
86538
86538
86538
86538
86538
86538
86538
86538
86538
86538
86538
86538
86538
86538
86538
86538
86538
86538
86538
86538
86538
86538
86538
86538
86538
86538
86538
86538
86538
86538
86538
86538
86538
86538
86538
86538
86538
86538
86538
86538
86538
86538
86538
86538
86538
86538
86538
86538
86538
86538
86538
86538
86538
86538
86538
86538
86538
86538
86538
86538
86538
86538
86538
86538
86538
86538
86538
86538
86538
86538
86538
86538
86538
86538
86538
86538
86538
86538
86538
86538
86538
86538
86538
86538
86538
86538
86538
86538
86538
86538
86538
86538
86538
86538
86538
86538
86538
86538
86538
86538
86538
86538
86538
86538
86538
86538
86538
86538
86538
86538
86538
86538
86538
86538
86538
86538
86538
86538
86538
86538
86538
86538
86538
86538
86538
86538
86538
86538
86538
86538
86538
86538
86538
86538
86538
86538
86538
86538
86538
86538
86538
86538
86538
86538
86538
86538
86538
86538
86538
86538
86538
86538
86538
86538
86538
86538
86538
86538
86538
86538
86538
86538
86538
86538
86538
86538
86538
86538
86538
86538
86538
86538
86538
86538
86538
86538
86538
86538
86538
86538
86538
86538
86538
86538
86538
86538
86538
86538
86538
86538
86538
86538
86538
86538
86538
86538
86538
86538
86538
86538
86538
86538
86538
86538
86538
86538
86538
86538
86538
86538
86538
86538
86538
86538
86538
86538
86538
86538
86538
86538
86538
86538
86538
86538
86538
86538
86538
86538
86538
86538
86538
86538
86538
86538
86538
86538
86538
86538
86538
86538
86538
86538
86538
86538
86538
86538
86538
86538
86538
86538
86538
86538
86538
86538
86538
86538
86538
86538
86538
86538
86538
86538
86538
86538
86538
86538
86538
86538
86538
86538
86538
86538
86538
86538
86538
86538
86538
86538
86538
86538
86538
86538
86538
86557
86584
86623
86667
86722
86765
86819
86864
86896
86916
86924
86944
86962
86982
87010
87033
87057
87078
87097
87129
87154
87177
87199
87215
87223
87223
87223
87227
87227
87227
87227
87227
87227
87227
87227
87227
87227
87227
87227
87227
87227
87227
87227
87227
87235
87253
87278
87313
87357
87411
87445
87498
87547
87595
87654
87713
87780
87838
87889
87930
88003
88061
88122
88180
88235
88296
88341
88406
88464
88523
88582
88641
88699
88753
88810
88868
88926
88987
89034
89113
89189
89246
89307
89366
89424
89482
89538
89580
89642
89692
89739
89782
89817
89849
89876
89894
89909
89921
89933
89943
89950
89968
90016
90080
90132
90161
90185
90205
90222
90242
90291
90346
90373
90376
90376
90376
90376
90376
90376
90376
90376
90376
90376
90376
90376
90376
90376
90376
90376
90376
90376
90376
90376
90376
90376
90376
90376
90376
90376
90376
90376
90376
90376
90376
90376
90376
90376
90376
90376
90376
90376
90376
90376
90376
90376
90382
90408
90457
90515
90560
90589
90626
90666
90710
90741
90805
90864
90921
90980
91034
91109
91175
91235
91290
91345
91404
91457
91526
91573
91616
91656
91687
91743
91820
91890
91916
91926
91926
91930
91930
91930
91930
91930
91930
91930
91930
91930
91930
91932
91974
92032
92053
92067
92082
92109
92171
92216
92257
92297
92330
92336
92336
92336
92336
92336
92336
92336
92336
92336
92336
92336
92336
92336
92336
92336
92340
92359
92396
92434
92480
92541
92585
92642
92653
92663
92670
92675
92677
92693
92733
92765
92784
92799
92812
92848
92873
92897
92919
92943
92985
93012
93022
93022
93022
93022
93022
93022
93022
93022
93022
93022
93022
93022
93022
93022
93030
93050
93060
93060
93074
93134
93197
93255
93344
93407
93442
93469
93500
93578
93654
93670
93670
93670
93671
93719
93754
93769
93771
93782
93789
93795
93810
93833
93849
93870
93897
93915
93932
93935
93935
93935
93935
93935
93935
93935
93935
93935
93935
93935
93935
93935
93935
93935
93935
93935
93935
93935
93935
93935
93935
93935
93935
93935
93935
93935
93935
93935
93935
93935
93935
93935
93935
93935
93935
93935
93935
93935
93935
93935
93935
93935
93935
93935
93935
93935
93935
93935
93935
93935
93935
93935
93935
93935
93935
93935
93935
93935
93935
93935
93935
93935
93935
93935
93935
93935
93935
93935
93935
93935
93935
93935
93935
93935
93935
93935
93935
93935
93935
93935
93935
93935
93935
93935
93935
93935
93935
93935
93935
93935
93935
93935
93935
93935
93935
93935
93935
93935
93935
93935
93935
93935
93935
93935
93935
93935
93935
93935
93935
93935
93935
93935
93935
93935
93935
93935
93935
93935
93935
93935
93935
93935
93935
93935
93935
93937
93938
93938
93938
93938
93938
93938
93938
93938
93938
93948
93973
94009
94035
94064
94093
94117
94172
94219
94259
94304
94334
94401
94490
94572
94626
94663
94759
94827
94884
94942
94996
95038
95065
95077
95088
95093
95101
95104
95105
95105
95105
95105
95105
95107
95107
95107
95107
95107
95107
95107
95107
95107
95107
95107
95107
95107
95107
95107
95107
95107
95107
95107
95107
95107
95107
95107
95107
95107
95107
95107
95107
95107
95107
95107
95107
95107
95107
95107
95107
95107
95107
95115
95127
95134
95138
95141
95145
95180
95200
95207
95207
95207
95207
95207
95208
95208
95209
95209
95209
95209
95209
95209
95209
95209
95209
95214
95221
95221
95221
95221
95221
95221
95221
95221
95221
95221
95221
95221
95221
95221
95221
95221
95221
95221
95221
95221
95221
95221
95221
95221
95221
95221
95221
95221
95221
95221
95221
95221
95221
95221
95221
95221
95221
95221
95221
95221
95221
95221
95221
95221
95221
95221
95221
95221
95221
95221
95227
95243
95280
95307
95334
95363
95398
95466
95562
95636
95693
95752
95809
95865
95909
95972
96032
96091
96138
96200
96257
96315
96361
96393
96424
96455
96487
96505
96516
96538
96575
96614
96654
96654
96654
96658
96692
96713
96721
96723
96723
96723
96723
96723
96723
96723
96723
96723
96723
96723
96723
96723
96723
96723
96723
96723
96723
96723
96723
96723
96723
96723
96723
96723
96723
96733
96760
96802
96856
96890
96921
96933
96933
96933
96933
96933
96933
96933
96933
96933
96933
96933
96933
96941
96941
96941
96941
96941
96941
96941
96941
96941
96941
96941
96941
96941
96941
96941
96941
96941
96941
96941
96941
96941
96941
96941
96941
96941
96948
96975
97004
97034
97061
97091
97113
97165
97220
97272
97322
97371
97419
97442
97445
97465
97473
97476
97476
97476
97476
97476
97476
97476
97476
97476
97476
97476
97476
97476
97476
97476
97476
97476
97476
97476
97476
97476
97476
97476
97476
97476
97476
97476
97476
97476
97476
97476
97476
97476
97476
97476
97476
97476
97476
97476
97476
97476
97476
97476
97476
97476
97476
97476
97476
97476
97476
97476
97476
97476
97476
97476
97476
97476
97482
97492
97522
97530
97538
97545
97571
97620
97650
97672
97693
97711
97733
97753
97763
97778
97786
97787
97787
97787
97787
97787
97789
97795
97799
97799
97799
97799
97799
97799
97799
97799
97799
97799
97799
97799
97799
97799
97799
97799
97799
97799
97799
97799
97799
97799
97799
97799
97799
97799
97799
97799
97799
97799
97799
97799
97799
97799
97799
97799
97799
97799
97799
97799
97799
97799
97799
97799
97799
97799
97799
97799
97799
97799
97799
97799
97799
97799
97799
97799
97799
97799
97799
97799
97799
97799
97799
97799
97799
97799
97799
97799
97799
97799
97799
97799
97799
97799
97799
97799
97799
97799
97799
97799
97799
97799
97799
97799
97799
97799
97799
97799
97799
97799
97799
97799
97799
97799
97799
97799
97799
97799
97799
97799
97799
97799
97799
97799
97799
97799
97799
97799
97799
97799
97799
97799
97799
97799
97799
97799
97799
97799
97799
97799
97799
97799
97799
97799
97799
97799
97799
97799
97799
97799
97799
97799
97799
97799
97799
97799
97799
97799
97799
97799
97799
97799
97799
97799
97799
97799
97799
97799
97799
97799
97799
97799
97799
97799
97799
97799
97799
97799
97799
97799
97799
97799
97799
97799
97799
97799
97799
97799
97799
97799
97799
97799
97799
97799
97799
97799
97799
97799
97799
97799
97799
97799
97799
97799
97799
97799
97799
97799
97799
97799
97799
97799
97799
97799
97799
97799
97799
97799
97799
97799
97799
97799
97799
97799
97799
97799
97799
97799
97799
97799
97799
97799
97799
97799
97799
97799
97799
97799
97799
97799
97799
97799
97799
97799
97799
97799
97799
97799
97799
97799
97799
97799
97799
97799
97799
97799
97799
97799
97799
97799
97799
97799
97799
97799
97799
97799
97799
97799
97799
97799
97799
97799
97799
97799
97799
97799
97799
97799
97799
97799
97799
97799
97799
97799
97799
97799
97799
97799
97799
97799
97799
97799
97799
97799
97799
97799
97799
97799
97799
97799
97799
97799
97799
97799
97799
97799
97799
97799
97799
97799
97799
97799
97799
97799
97799
97799
97799
97799
97799
97799
97799
97799
97799
97799
97799
97799
97799
97799
97799
97799
97799
97799
97799
97799
97799
97799
97799
97799
97799
97799
97799
97799
97799
97799
97799
97799
97799
97799
97799
97799
97799
97799
97799
97799
97799
97799
97799
97799
97799
97799
97799
97799
97799
97799
97799
97799
97811
97848
97882
97915
97949
97979
97999
98008
98008
98016
98021
98021
98021
98021
98021
98021
98021
98021
98021
98021
98021
98022
98059
98113
98166
98219
98236
98251
98263
98273
98280
98299
98347
98409
98448
98486
98513
98556
98596
98617
98630
98645
98659
98672
98687
98706
98729
98753
98779
98788
98792
98802
98803
98803
98803
98803
98803
98803
98803
98803
98803
98803
98803
98803
98804
98804
98804
98804
98804
98804
98804
98804
98804
98804
98804
98804
98804
98804
98804
98804
98804
98804
98804
98804
98804
98804
98804
98804
98804
98804
98804
98804
98804
98804
98804
98804
98807
98847
98875
98893
98906
98914
98918
98918
98918
98918
98918
98918
98918
98918
98918
98918
98918
98918
98918
98918
98918
98918
98918
98918
98918
98918
98918
98918
98918
98918
98918
98918
98918
98918
98918
98918
98918
98918
98918
98918
98918
98918
98926
98930
98931
98931
98931
98931
98931
98931
98931
98931
98931
98931
98931
98931
98931
98931
98931
98931
98931
98931
98931
98931
98931
98931
98931
98931
98931
98931
98931
98931
98931
98931
98931
98931
98931
98931
98931
98931
98931
98931
98931
98931
98931
98931
98931
98931
98931
98931
98931
98931
98931
98931
98931
98931
98931
98931
98931
98931
98931
98931
98931
98931
98931
98931
98931
98931
98931
98931
98931
98931
98931
98931
98931
98931
98931
98931
98931
98931
98931
98931
98931
98931
98931
98931
98931
98931
98931
98931
98931
98931
98931
98931
98931
98931
98931
98931
98931
98931
98931
98931
98931
98931
98931
98931
98931
98931
98931
98931
98931
98931
98931
98931
98931
98931
98931
98931
98931
98931
98931
98931
98931
98931
98931
98931
98931
98931
98931
98931
98931
98931
98931
98931
98931
98931
98931
98931
98931
98931
98931
98931
98931
98931
98931
98931
98931
98931
98931
98931
98931
98931
98931
98931
98931
98931
98931
98931
98931
98931
98931
98931
98931
98931
98931
98931
98931
98931
98931
98931
98931
98931
98931
98931
98931
98931
98931
98931
98931
98931
98931
98931
98931
98931
98931
98931
98931
98931
98931
98931
98931
98931
98931
98931
98931
98931
98931
98931
98931
98931
98931
98931
98931
98931
98931
98931
98931
98931
98931
98931
98931
98931
98931
98931
98947
98955
98960
98962
98962
98962
98962
98962
98965
98968
98970
98974
98978
98980
98983
98984
98984
98984
98984
98984
98984
98984
98984
98984
98984
98984
98984
98984
98984
98984
98984
98984
98984
98984
98984
98984
98984
98984
98984
98984
98984
98984
98984
98984
98984
98984
98984
98984
98984
98984
98984
98984
98984
98984
98984
98984
98984
98984
98984
98984
98984
98984
98984
98984
98984
98984
98984
98984
98984
98984
98984
98984
98984
98984
98984
98984
98984
98984
98984
98984
98984
98984
98984
98984
98984
98984
98984
98984
98984
98984
98984
98984
98984
98984
98984
98984
98984
98984
98984
98984
98984
98984
98984
98984
98984
98984
98984
98984
98984
98984
98984
98984
98984
98984
98984
98984
98984
98984
98984
98984
98984
98984
98984
98984
98984
98984
98984
98984
98984
98984
98984
98984
98984
98984
98984
98984
98984
98984
98984
98984
98984
98984
98984
98984
98984
98984
98984
98984
98984
98984
98984
98984
98984
98984
98984
98984
98984
98984
98984
98984
98984
98984
98984
98984
98984
98984
98984
98984
98984
98984
98984
98984
98984
98984
98984
98984
98984
98984
98984
98984
98984
98984
98984
98984
98984
98984
98984
98984
98984
98984
98984
98984
98984
98984
98984
98984
98984
98984
98984
98984
98984
98984
98984
98984
98984
98986
98999
99014
99036
99068
99105
99127
99156
99181
99204
99223
99240
99254
99264
99274
99303
99334
99336
99336
99336
99336
99336
99336
99336
99336
99336
99343
99373
99418
99458
99484
99508
99527
99568
99606
99641
99671
99704
99737
99769
99806
99843
99878
99897
99912
99916
99916
99916
99916
99916
99916
99916
99916
99916
99916
99916
99916
99916
99916
99916
99916
99916
99916
99916
99916
99916
99916
99916
99916
99916
99916
99916
99916
99916
99916
99916
99916
99916
99916
99916
99916
99916
99916
99916
99916
99916
99916
99916
99916
99916
99916
99916
99916
99916
99916
99916
99916
99916
99916
99916
99916
99916
99916
99916
99916
99916
99916
99916
99916
99916
99916
99916
99916
99916
99916
99916
99916
99923
99923
99923
99923
99923
99923
99923
99923
99923
99923
99923
99923
99923
99923
99923
99923
99923
99923
99923
99923
99923
99923
99923
99923
99923
99923
99923
99923
99923
99923
99923
99923
99923
99923
99923
99923
99923
99923
99923
99923
99923
99923
99923
99923
99923
99923
99923
99923
99923
99923
99923
99923
99923
99923
99923
99923
99923
99923
99923
99923
99923
99923
99923
99923
99923
99923
99923
99923
99923
99923
99923
99923
99923
99923
99923
99923
99923
99923
99923
99923
99923
99923
99923
99923
99923
99923
99923
99923
99923
99923
99923
99923
99923
99923
99923
99923
99923
99923
99923
99923
99923
99923
99923
99923
99923
99923
99923
99923
99923
99923
99923
99923
99923
99923
99923
99923
99923
99923
99923
99923
99923
99923
99923
99923
99923
99923
99923
99923
99923
99923
99923
99923
99923
99923
99923
99923
99923
99923
99923
99923
99923
99923
99923
99923
99923
99923
99923
99923
99923
99923
99923
99923
99923
99923
99923
99923
99923
99923
99923
99923
99923
99923
99923
99923
99923
99923
99923
99923
99923
99923
99927
99933
99957
99959
99964
100023
100073
100108
100125
100140
100151
100155
100157
100161
100170
100177
100185
100190
100192
100192
100192
100192
100192
100192
100192
100192
100192
100192
100192
100192
100192
100192
100192
100192
100192
100194
100200
100202
100202
100202
100202
100202
100202
100212
100220
100223
100223
100223
100223
100223
100223
100223
100223
100223
100223
100223
100223
100223
100223
100223
100223
100223
100223
100223
100223
100223
100223
100223
100223
100223
100223
100223
100223
100223
100223
100223
100223
100223
100223
100223
100223
100223
100223
100223
100223
100223
100223
100223
100223
100223
100230
100248
100267
100289
100309
100327
100342
100378
100421
100457
100492
100525
100560
100590
100620
100651
100679
100701
100724
100748
100768
100788
100809
100827
100855
100915
100967
100990
101002
101011
101041
101070
101089
101093
101093
101093
101093
101093
101093
101094
101132
101190
101249
101290
101314
101328
101334
101338
101338
101338
101338
101338
101338
101338
101338
101338
101338
101338
101338
101338
101338
101341
101347
101356
101365
101365
101365
101365
101365
101365
101372
101391
101413
101429
101429
101429
101429
101429
101429
101429
101429
101429
101429
101429
101429
101429
101429
101429
101429
101429
101429
101429
101429
101429
101429
101429
101437
101445
101449
101449
101449
101449
101449
101449
101449
101449
101449
101449
101449
101449
101449
101449
101449
101449
101449
101449
101449
101449
101449
101449
101449
101449
101449
101449
101449
101449
101449
101449
101449
101449
101449
101449
101449
101449
101449
101449
101449
101449
101449
101449
101449
101449
101449
101449
101449
101449
101449
101449
101449
101449
101449
101449
101449
101449
101449
101449
101449
101449
101449
101449
101449
101449
101449
101449
101449
101453
101455
101455
101455
101455
101455
101455
101455
101455
101455
101455
101455
101455
101455
101455
101455
101455
101455
101455
101455
101455
101455
101455
101455
101455
101455
101455
101455
101455
101455
101455
101455
101455
101455
101455
101455
101455
101455
101455
101455
101455
101455
101455
101455
101455
101455
101455
101455
101455
101455
101455
101455
101455
101455
101455
101455
101455
101455
101455
101455
101455
101455
101455
101455
101455
101455
101455
101455
101455
101455
101455
101455
101455
101455
101455
101455
101455
101455
101455
101455
101455
101455
101455
101455
101455
101455
101455
101455
101455
101455
101455
101455
101455
101455
101455
101455
101455
101455
101455
101455
101455
101455
101455
101455
101455
101455
101455
101455
101455
101455
101455
101455
101455
101455
101455
101455
101455
101455
101455
101455
101455
101455
101455
101455
101455
101455
101455
101455
101455
101455
101455
101455
101455
101455
101455
101455
101455
101455
101455
101455
101455
101455
101455
101455
101455
101455
101455
101455
101455
101455
101455
101455
101455
101455
101455
101455
101455
101455
101455
101455
101455
101455
101455
101455
101455
101455
101455
101455
101455
101455
101455
101455
101455
101455
101455
101455
101455
101455
101455
101455
101455
101455
101455
101455
101455
101455
101455
101455
101455
101455
101455
101455
101455
101455
101455
101455
101455
101455
101455
101455
101455
101455
101455
101455
101455
101455
101455
101455
101455
101455
101455
101455
101455
101455
101455
101455
101455
101455
101455
101455
101455
101455
101455
101455
101455
101455
101455
101455
101455
101455
101455
101455
101455
101455
101455
101455
101455
101455
101455
101455
101455
101455
101473
101504
101544
101584
101622
101663
101701
101732
101745
101778
101812
101850
101895
101947
102002
102057
102112
102144
102182
102211
102236
102259
102285
102313
102343
102376
102404
102413
102414
102414
102414
102414
102414
102414
102414
102414
102414
102414
102414
102414
102415
102417
102420
102423
102434
102466
102503
102525
102550
102582
102619
102658
102694
102728
102755
102806
102847
102873
102912
102950
102986
103016
103042
103052
103053
103053
103053
103053
103053
103053
103053
103053
103053
103058
103065
103077
103083
103083
103083
103083
103083
103083
103087
103125
103155
103167
103175
103176
103176
103176
103176
103176
103176
103176
103176
103176
103176
103176
103176
103176
103176
103178
103178
103178
103178
103178
103178
103178
103178
103178
103178
103178
103178
103178
103178
103178
103178
103178
103178
103178
103178
103178
103178
103178
103178
103178
103178
103178
103178
103178
103178
103178
103178
103178
103178
103178
103178
103178
103178
103178
103178
103178
103178
103178
103178
103178
103178
103178
103178
103178
103178
103178
103178
103178
103178
103178
103178
103178
103178
103178
103178
103178
103178
103178
103178
103178
103178
103178
103178
103178
103178
103178
103178
103178
103178
103178
103178
103178
103178
103178
103178
103178
103178
103178
103178
103178
103178
103178
103178
103178
103178
103178
103178
103178
103178
103178
103178
103178
103178
103178
103178
103178
103178
103178
103178
103178
103178
103178
103178
103178
103178
103178
103178
103178
103178
103178
103178
103178
103178
103178
103178
103178
103178
103178
103178
103178
103178
103178
103178
103178
103178
103178
103178
103178
103178
103178
103178
103178
103178
103178
103178
103178
103178
103178
103178
103178
103178
103178
103178
103178
103178
103178
103178
103178
103178
103178
103178
103178
103178
103178
103178
103178
103178
103178
103178
103178
103178
103178
103178
103178
103178
103178
103178
103178
103178
103178
103178
103178
103178
103178
103178
103178
103178
103178
103178
103178
103178
103178
103178
103178
103178
103178
103178
103178
103178
103178
103178
103178
103178
103178
103178
103178
103178
103178
103178
103178
103178
103178
103178
103178
103178
103178
103178
103178
103178
103178
103178
103178
103178
103178
103178
103178
103178
103178
103178
103178
103178
103178
103178
103178
103178
103178
103178
103178
103178
103178
103178
103178
103178
103178
103178
103178
103178
103178
103178
103178
103178
103178
103178
103178
103178
103178
103178
103178
103178
103178
103178
103178
103178
103178
103178
103178
103178
103178
103178
103178
103178
103178
103178
103178
103178
103178
103178
103178
103178
103178
103178
103178
103178
103178
103178
103178
103178
103178
103178
103178
103178
103178
103178
103178
103178
103178
103178
103178
103178
103178
103178
103178
103178
103178
103178
103178
103178
103178
103178
103178
103178
103178
103178
103178
103178
103178
103178
103178
103178
103178
103178
103178
103178
103178
103178
103178
103178
103178
103178
103178
103178
103178
103178
103178
103178
103178
103178
103178
103178
103178
103178
103178
103178
103178
103178
103178
103178
103178
103178
103178
103178
103178
103178
103178
103178
103178
103178
103178
103178
103178
103178
103178
103178
103178
103178
103178
103178
103178
103178
103178
103178
103178
103178
103178
103178
103178
103178
103178
103178
103178
103178
103178
103178
103178
103178
103178
103178
103178
103178
103178
103178
103178
103178
103178
103178
103178
103178
103178
103178
103178
103178
103178
103178
103178
103178
103178
103178
103178
103178
103178
103178
103178
103178
103178
103178
103178
103178
103178
103178
103178
103178
103178
103178
103178
103178
103178
103178
103178
103182
103188
103191
103191
103191
103191
103191
103191
103191
103191
103191
103191
103191
103191
103191
103191
103191
103191
103191
103191
103191
103191
103191
103191
103191
103191
103191
103191
103191
103191
103191
103191
103191
103191
103191
103191
103191
103191
103191
103191
103191
103191
103191
103191
103191
103191
103191
103191
103191
103191
103191
103191
103191
103191
103191
103191
103191
103191
103191
103191
103191
103191
103191
103191
103191
103191
103191
103191
103191
103191
103191
103191
103191
103191
103191
103191
103191
103191
103191
103191
103191
103191
103191
103191
103191
103191
103191
103191
103191
103191
103191
103191
103191
103191
103191
103191
103191
103191
103191
103191
103191
103191
103191
103191
103191
103191
103191
103191
103191
103191
103191
103191
103191
103191
103191
103191
103191
103191
103191
103191
103191
103191
103191
103191
103191
103191
103191
103191
103191
103191
103191
103191
103191
103191
103191
103191
103191
103191
103191
103191
103191
103191
103191
103191
103191
103191
103191
103191
103191
103191
103191
103191
103191
103191
103196
103207
103211
103211
103211
103211
103211
103211
103211
103211
103211
103211
103211
103211
103211
103211
103211
103211
103211
103211
103211
103211
103211
103211
103211
103211
103211
103211
103211
103211
103211
103211
103211
103211
103211
103211
103211
103211
103211
103211
103211
103211
103211
103211
103211
103211
103211
103211
103211
103211
103211
103211
103211
103211
103211
103211
103211
103211
103211
103211
103211
103211
103211
103211
103211
103211
103211
103211
103211
103211
103211
103211
103211
103211
103211
103211
103211
103211
103211
103211
103211
103211
103211
103211
103211
103211
103211
103211
103211
103211
103211
103211
103211
103211
103211
103211
103211
103211
103211
103211
103211
103211
103211
103211
103211
103211
103211
103211
103211
103211
103211
103211
103211
103211
103211
103211
103211
103211
103211
103211
103211
103211
103211
103211
103211
103211
103211
103211
103211
103211
103211
103211
103211
103211
103211
103211
103211
103211
103211
103211
103211
103211
103211
103211
103211
103211
103211
103211
103211
103211
103211
103211
103211
103211
103211
103211
103211
103211
103211
103211
103211
103211
103211
103211
103211
103211
103211
103211
103211
103211
103211
103211
103211
103211
103211
103211
103211
103211
103211
103211
103211
103211
103211
103211
103211
103211
103211
103211
103211
103211
103211
103211
103211
103211
103211
103211
103211
103211
103211
103211
103211
103211
103211
103211
103211
103211
103211
103211
103211
103211
103211
103211
103211
103211
103211
103211
103211
103211
103211
103211
103211
103211
103211
103211
103211
103211
103211
103211
103211
103211
103211
103211
103211
103211
103211
103211
103211
103211
103211
103211
103211
103211
103213
103230
103250
103277
103297
103324
103350
103375
103396
103399
103399
103399
103399
103399
103399
103399
103399
103399
103399
103399
103399
103399
103399
103399
103399
103399
103399
103399
103399
103399
103399
103399
103399
103399
103399
103399
103399
103399
103399
103399
103399
103399
103399
103399
103399
103399
103399
103399
103399
103399
103399
103399
103399
103399
103399
103399
103399
103399
103399
103399
103399
103399
103399
103399
103399
103399
103399
103399
103399
103399
103399
103399
103399
103399
103399
103399
103399
103399
103399
103399
103399
103406
103414
103419
103421
103421
103421
103421
103421
103421
103421
103421
103421
103421
103421
103421
103421
103421
103421
103421
103421
103421
103421
103421
103421
103421
103421
103421
103421
103421
103421
103421
103421
103421
103421
103421
103421
103421
103421
103421
103421
103421
103421
103421
103421
103421
103421
103421
103421
103421
103421
103421
103421
103421
103421
103421
103421
103421
103421
103421
103421
103421
103421
103421
103421
103421
103421
103421
103421
103421
103421
103421
103421
103421
103421
103421
103421
103421
103421
103421
103421
103421
103421
103421
103421
103421
103421
103421
103421
103421
103421
103421
103421
103421
103421
103421
103421
103421
103421
103421
103421
103421
103421
103421
103421
103421
103421
103421
103421
103421
103421
103421
103421
103421
103421
103421
103421
103421
103421
103421
103421
103421
103421
103421
103421
103421
103421
103421
103421
103421
103421
103421
103421
103421
103421
103421
103421
103421
103421
103421
103421
103421
103421
103421
103421
103421
103421
103421
103421
103421
103421
103421
103421
103421
103421
103421
103421
103421
103422
103431
103449
103470
103493
103510
103537
103564
103593
103623
103659
103692
103731
103775
103803
103805
103805
103805
103805
103805
103805
103805
103805
103805
103805
103805
103805
103805
103805
103805
103805
103808
103811
103825
103872
103910
103931
103958
103981
104012
104048
104088
104130
104175
104215
104270
104324
104381
104424
104459
104480
104494
104502
104506
104509
104510
104510
104510
104510
104510
104510
104510
104510
104510
104510
104510
104510
104510
104510
104510
104515
104535
104563
104603
104647
104696
104737
104783
104829
104883
104940
104999
105054
105101
105171
105260
105331
105389
105450
105488
105560
105644
105694
105702
105703
105704
105705
105705
105705
105705
105710
105727
105759
105804
105854
105871
105881
105892
105950
106027
106091
106190
106292
106365
106422
106470
106546
106651
106743
106794
106850
106899
106954
107012
107061
107143
107236
107297
107354
107412
107442
107484
107548
107606
107679
107709
107772
107843
107887
107912
107935
107963
107996
108019
108039
108056
108108
108147
108185
108218
108254
108277
108286
108288
108288
108288
108288
108288
108288
108288
108288
108288
108288
108288
108288
108288
108288
108288
108288
108288
108288
108288
108288
108288
108288
108288
108288
108288
108288
108288
108288
108288
108288
108288
108288
108288
108288
108288
108288
108288
108288
108288
108288
108288
108288
108289
108295
108300
108301
108301
108301
108301
108301
108301
108301
108301
108301
108301
108301
108301
108301
108301
108301
108301
108301
108301
108301
108301
108301
108301
108301
108301
108301
108301
108301
108301
108301
108301
108301
108301
108301
108301
108301
108301
108301
108301
108301
108301
108301
108301
108301
108301
108305
108314
108336
108347
108349
108350
108350
108350
108350
108350
108350
108350
108350
108350
108350
108350
108350
108350
108350
108352
108352
108352
108352
108352
108352
108352
108352
108352
108352
108369
108411
108451
108493
108525
108539
108547
108550
108550
108550
108550
108550
108550
108550
108550
108550
108550
108550
108550
108551
108566
108570
108571
108572
108572
108572
108572
108572
108572
108572
108572
108572
108572
108572
108572
108572
108572
108572
108572
108572
108572
108572
108572
108572
108572
108572
108572
108572
108572
108572
108572
108572
108572
108572
108572
108572
108572
108572
108572
108572
108572
108572
108572
108572
108572
108572
108572
108572
108599
108619
108621
108621
108621
108621
108621
108621
108621
108621
108621
108621
108621
108621
108621
108621
108621
108621
108621
108621
108621
108621
108621
108621
108621
108621
108621
108621
108621
108621
108621
108621
108621
108621
108621
108621
108621
108621
108621
108621
108627
108653
108697
108734
108764
108799
108832
108852
108859
108863
108865
108867
108872
108872
108873
108876
108876
108876
108876
108876
108876
108876
108876
108876
108876
108876
108876
108876
108876
108876
108876
108876
108876
108876
108876
108876
108876
108876
108876
108876
108876
108876
108876
108876
108876
108876
108876
108876
108876
108876
108876
108876
108876
108876
108876
108876
108876
108876
108876
108876
108876
108876
108876
108876
108876
108876
108876
108876
108876
108876
108876
108876
108876
108876
108876
108876
108876
108876
108876
108876
108876
108876
108876
108876
108876
108876
108876
108876
108876
108876
108876
108876
108876
108876
108876
108876
108876
108876
108876
108876
108876
108876
108876
108876
108876
108876
108876
108876
108876
108876
108876
108876
108876
108876
108876
108876
108876
108876
108876
108876
108876
108876
108876
108876
108876
108876
108876
108876
108876
108876
108876
108876
108876
108876
108876
108876
108876
108876
108876
108876
108876
108876
108876
108876
108876
108876
108876
108876
108876
108876
108876
108876
108876
108876
108876
108876
108876
108876
108876
108876
108876
108876
108876
108876
108886
108915
108922
108922
108922
108922
108922
108922
108922
108922
108922
108922
108922
108922
108922
108922
108922
108922
108922
108922
108922
108922
108922
108922
108922
108922
108922
108922
108922
108922
108922
108922
108922
108922
108922
108922
108922
108922
108922
108922
108922
108922
108922
108922
108922
108922
108922
108922
108922
108922
108922
108922
108922
108922
108922
108922
108922
108922
108922
108922
108922
108922
108922
108922
108922
108922
108922
108922
108922
108922
108922
108922
108922
108922
108922
108922
108922
108922
108922
108922
108922
108922
108922
108922
108922
108922
108922
108922
108922
108922
108922
108922
108922
108922
108922
108922
108922
108922
108922
108922
108922
108922
108922
108922
108922
108922
108922
108922
108922
108922
108922
108922
108925
108945
108997
109046
109116
109192
109258
109291
109323
109354
109387
109452
109497
109556
109667
109768
109848
109908
109967
110023
110081
110162
110251
110314
110350
110381
110414
110440
110461
110482
110498
110505
110506
110506
110506
110506
110506
110506
110507
110518
110554
110614
110663
110681
110699
110717
110735
110776
110812
110830
110833
110838
110874
110923
110947
110958
110970
110983
111032
111092
111161
111223
111248
111248
111253
111253
111253
111253
111253
111253
111253
111253
111253
111253
111278
111323
111376
111427
111481
111537
111590
111639
111680
111717
111761
111806
111862
111899
111920
111933
111936
111936
111936
111957
111991
112002
112002
112002
112002
112002
112002
112002
112002
112003
112010
112019
112031
112040
112044
112044
112044
112044
112045
112047
112047
112047
112047
112047
112047
112047
112047
112047
112047
112047
112047
112047
112047
112047
112047
112047
112047
112047
112047
112047
112047
112047
112047
112047
112047
112047
112047
112047
112047
112047
112047
112047
112047
112047
112052
112065
112069
112069
112069
112069
112069
112069
112069
112069
112069
112069
112069
112069
112069
112069
112069
112069
112069
112069
112069
112069
112069
112069
112069
112069
112069
112069
112069
112069
112069
112069
112069
112070
112087
112119
112162
112206
112247
112285
112325
112362
112409
112453
112489
112531
112554
112572
112585
112593
112593
112593
112593
112593
112593
112593
112593
112593
112593
112593
112593
112593
112593
112593
112593
112593
112593
112593
112593
112593
112593
112593
112593
112593
112593
112593
112593
112593
112593
112593
112593
112593
112593
112593
112593
112593
112593
112593
112593
112593
112593
112593
112593
112593
112593
112593
112593
112593
112593
112593
112593
112593
112593
112593
112593
112593
112593
112593
112593
112593
112593
112593
112593
112593
112593
112593
112593
112593
112593
112593
112593
112593
112593
112593
112593
112593
112593
112593
112593
112593
112593
112593
112593
112593
112593
112593
112593
112593
112593
112593
112593
112593
112593
112593
112593
112593
112593
112593
112593
112593
112593
112593
112593
112593
112593
112593
112593
112593
112593
112593
112593
112593
112593
112593
112593
112593
112593
112593
112593
112593
112593
112593
112593
112593
112593
112593
112593
112593
112593
112593
112593
112593
112593
112593
112593
112593
112593
112593
112593
112593
112593
112593
112593
112593
112593
112593
112593
112593
112593
112593
112593
112593
112593
112593
112593
112593
112593
112593
112593
112593
112593
112593
112593
112593
112593
112593
112593
112593
112593
112593
112593
112593
112593
112593
112593
112593
112593
112593
112593
112593
112593
112593
112593
112593
112593
112593
112593
112593
112593
112593
112593
112593
112593
112593
112593
112593
112593
112593
112593
112593
112593
112593
112593
112593
112593
112593
112593
112593
112593
112593
112593
112593
112593
112593
112593
112593
112593
112593
112593
112593
112593
112593
112593
112593
112593
112593
112593
112593
112593
112593
112593
112593
112593
112593
112593
112593
112593
112593
112593
112593
112593
112593
112593
112593
112593
112593
112593
112593
112593
112593
112593
112593
112593
112593
112593
112593
112593
112593
112593
112593
112593
112593
112593
112593
112593
112593
112593
112593
112593
112593
112593
112593
112593
112593
112593
112593
112593
112593
112593
112593
112593
112593
112593
112593
112593
112593
112593
112593
112593
112593
112593
112593
112593
112593
112593
112593
112593
112593
112593
112593
112593
112593
112593
112593
112593
112593
112593
112593
112593
112593
112593
112593
112593
112593
112593
112593
112593
112593
112593
112593
112593
112593
112593
112593
112593
112593
112593
112593
112593
112593
112593
112593
112593
112593
112593
112593
112593
112593
112593
112593
112593
112593
112593
112593
112593
112593
112593
112593
112593
112593
112593
112593
112593
112593
112593
112593
112593
112593
112593
112593
112593
112593
112593
112593
112593
112593
112593
112593
112593
112593
112593
112593
112593
112593
112593
112602
112651
112707
112763
112824
112885
112924
112960
113002
113040
113080
113118
113155
113191
113230
113268
113295
113320
113339
113357
113373
113428
113485
113539
113596
113654
113715
113774
113831
113896
113954
114008
114069
114127
114185
114246
114298
114375
114435
114492
114552
114607
114663
114741
114811
114870
114931
114981
115062
115157
115220
115281
115329
115426
115530
115602
115660
115705
115738
115755
115764
115785
115798
115798
115798
115798
115798
115798
115806
115850
115907
115964
116041
116085
116115
116142
116158
116204
116255
116292
116326
116343
116347
116347
116347
116347
116347
116347
116347
116347
116348
116351
116360
116374
116389
116397
116410
116419
116426
116428
116430
116432
116432
116432
116432
116432
116432
116432
116432
116432
116432
116432
116432
116432
116432
116432
116432
116432
116432
116432
116432
116432
116432
116432
116432
116432
116432
116432
116432
116432
116432
116432
116432
116432
116432
116432
116432
116432
116432
116432
116432
116432
116432
116432
116432
116432
116432
116432
116432
116432
116432
116432
116432
116432
116432
116432
116432
116432
116432
116433
116442
116455
116482
116511
116511
116511
116511
116511
116511
116511
116511
116511
116511
116511
116511
116511
116511
116511
116511
116511
116511
116511
116511
116511
116511
116511
116511
116511
116511
116511
116511
116511
116511
116511
116511
116511
116511
116511
116511
116511
116511
116511
116511
116511
116511
116513
116560
116586
116596
116611
116681
116754
116807
116832
116856
116868
116870
116870
116870
116870
116870
116870
116870
116870
116870
116870
116870
116870
116870
116870
116870
116870
116870
116884
116919
116963
117010
117059
117116
117175
117245
117305
117359
117389
117426
117473
117483
117487
117487
117487
117487
117487
117487
117487
117515
117530
117550
117568
117589
117615
117643
117675
117712
117749
117789
117830
117904
117958
118010
118065
118125
118182
118242
118292
118304
118304
118304
118304
118304
118304
118304
118305
118315
118337
118363
118387
118410
118426
118435
118466
118509
118538
118542
118585
118641
118698
118760
118778
118791
118826
118853
118853
118853
118853
118853
118853
118853
118853
118854
118868
118892
118914
118937
118957
118957
118986
119013
119015
119015
119015
119015
119015
119015
119015
119015
119015
119015
119015
119015
119015
119015
119015
119015
119015
119015
119015
119015
119015
119015
119017
119018
119018
119018
119018
119018
119018
119018
119018
119018
119018
119018
119018
119018
119018
119018
119018
119018
119018
119018
119018
119018
119018
119018
119018
119018
119018
119018
119018
119018
119018
119018
119018
119018
119018
119018
119018
119018
119018
119018
119018
119018
119018
119018
119018
119018
119018
119018
119018
119018
119018
119018
119018
119018
119018
119018
119018
119018
119018
119018
119018
119018
119018
119018
119018
119018
119018
119018
119018
119018
119018
119018
119018
119018
119018
119018
119018
119018
119018
119018
119018
119018
119018
119018
119018
119018
119018
119018
119018
119018
119018
119018
119018
119018
119018
119018
119018
119018
119018
119018
119018
119018
119018
119018
119018
119018
119018
119018
119018
119018
119018
119018
119018
119018
119018
119018
119018
119018
119018
119018
119018
119018
119018
119018
119019
119019
119019
119019
119019
119019
119019
119019
119019
119019
119019
119019
119019
119019
119019
119019
119020
119020
119020
119020
119020
119020
119020
119020
119020
119020
119020
119020
119020
119020
119020
119020
119020
119020
119020
119020
119025
119033
119055
119078
119078
119078
119078
119078
119078
119078
119078
119078
119078
119078
119078
119078
119078
119078
119078
119078
119078
119078
119078
119078
119078
119078
119078
119078
119078
119078
119078
119078
119078
119078
119078
119078
119078
119078
119078
119078
119078
119078
119078
119078
119078
119086
119115
119148
119160
119160
119160
119160
119160
119160
119160
119160
119160
119160
119160
119160
119160
119160
119160
119173
119180
119184
119199
119235
119256
119258
119261
119264
119272
119283
119295
119303
119303
119315
119338
119366
119395
119423
119434
119438
119439
119439
119439
119439
119439
119439
119439
119439
119439
119439
119439
119439
119439
119439
119439
119439
119439
119439
119439
119439
119439
119439
119439
119439
119439
119439
119439
119439
119439
119439
119439
119439
119439
119439
119439
119439
119439
119439
119439
119439
119439
119439
119439
119439
119439
119439
119439
119439
119439
119439
119439
119439
119439
119439
119439
119439
119439
119439
119441
119445
119445
119445
119445
119445
119445
119445
119445
119445
119445
119445
119445
119445
119445
119445
119445
119445
119445
119445
119445
119445
119445
119445
119445
119445
119445
119445
119445
119445
119445
119445
119445
119445
119445
119445
119445
119445
119445
119445
119445
119445
119445
119445
119445
119445
119445
119445
119445
119445
119445
119445
119445
119445
119445
119445
119445
119445
119445
119445
119445
119445
119445
119445
119445
119445
119445
119445
119445
119445
119445
119445
119445
119445
119445
119445
119445
119445
119445
119445
119445
119445
119445
119445
119445
119445
119445
119445
119445
119445
119445
119445
119445
119445
119445
119445
119445
119445
119445
119445
119445
119445
119445
119445
119445
119445
119445
119445
119445
119445
119445
119445
119445
119445
119445
119445
119445
119445
119445
119445
119445
119445
119445
119445
119445
119445
119445
119445
119445
119445
119445
119445
119445
119445
119445
119445
119445
119445
119445
119445
119445
119445
119445
119445
119445
119445
119445
119445
119445
119445
119445
119445
119445
119445
119445
119445
119445
119445
119445
119445
119445
119445
119445
119445
119445
119445
119445
119445
119452
119479
119512
119547
119575
119575
119575
119575
119575
119575
119575
119575
119575
119575
119575
119575
119575
119575
119575
119575
119575
119575
119575
119575
119575
119575
119575
119575
119575
119575
119575
119575
119579
119615
119667
119724
119779
119827
119863
119891
119905
119905
119905
119905
119905
119905
119905
119905
119913
119932
119937
119937
119937
119937
119941
119953
119963
119975
119984
119984
119984
119984
119984
119984
119984
119984
119984
119984
119984
119984
119984
119984
119984
119984
119984
119984
119984
119984
119984
119984
119984
119984
119984
119984
119984
119984
119984
119984
119984
119984
119984
119984
119984
119984
119984
119984
119984
119984
119984
119984
119984
119984
119984
119984
119984
119984
119984
119984
119984
119984
119984
119984
119984
119984
119984
119984
119984
119984
119984
119984
119984
119984
119984
119984
119984
119984
119984
119984
119984
119984
119984
119984
119984
119984
119984
119984
119984
119984
119984
119984
119984
119984
119984
119984
119984
119984
119984
119984
119984
119984
119984
119984
119984
119984
119984
119984
119984
119984
119984
119984
119984
119984
119984
119984
119984
119984
119984
119984
119984
119984
119984
119984
119984
119984
119984
119984
119984
119984
119984
119984
119984
119984
119984
119984
119984
119984
119984
119984
119984
119984
119984
119984
119984
119984
119984
119984
119984
119984
119984
119984
119984
119984
119984
119984
119984
119984
119984
119984
119984
119984
119984
119984
119984
119984
119984
119984
119984
119984
119984
119984
119984
119984
119984
119984
119984
119984
119984
119984
119984
119984
119984
119984
119984
119984
119984
119984
119984
119984
119984
119984
119984
119984
119984
119984
119984
119984
119984
119984
119984
119984
119984
119984
119984
119984
119984
119984
119984
119984
119984
119984
119984
119984
119984
119984
119984
119984
119984
119984
119984
119984
119984
119984
119984
119984
119984
119984
119984
119984
119984
119984
119984
119984
119984
119984
119984
119984
119984
119984
119984
119984
119984
119984
119984
119984
119984
119984
119984
119984
119984
119984
119984
119984
119984
119984
119984
119984
119984
119984
119984
119984
119984
119984
119984
119984
119984
119984
119984
119984
119984
119984
119984
119984
119984
119984
119984
119984
119984
119984
119984
119984
119984
119984
119984
119984
119984
119984
119984
119984
119984
119984
119984
119984
119984
119984
119984
119984
119984
119984
119984
119984
119984
119984
119984
119984
119984
119984
119984
119984
119984
119984
119984
119984
119984
119984
119984
119984
119984
119984
119984
119984
119984
119984
119984
119984
119984
119984
119984
119984
119984
119984
119984
119984
119984
119984
119984
119984
119984
119984
119984
119984
119984
119984
119984
119984
119984
119984
119984
119984
119984
119984
119984
119984
119984
119984
119984
119984
119984
119984
119984
119984
119984
119984
119984
119984
119984
119984
119984
119984
119984
119984
119984
119984
119984
119984
119984
119984
119984
119984
119984
119984
119984
119984
119984
119984
119984
119984
119984
119984
119984
119984
119984
119984
119984
119984
119984
119984
119984
119984
119984
119984
119984
119984
119984
119984
119984
119984
119984
119984
119984
119984
119984
119984
119984
119984
119984
119984
119984
119984
119984
119984
119984
119984
119984
119984
119984
119984
119984
119984
119984
119984
119984
119984
119984
119984
119984
119984
119984
119984
119984
119984
119984
119984
119984
119984
119984
119984
119984
119984
119984
119984
119984
119984
119984
119984
119984
119984
119984
119984
119984
119984
119984
119984
119984
119984
119984
119984
119984
119984
119984
119984
119984
119984
119985
119988
119993
119996
120000
120000
120000
120000
120000
120000
120000
120000
120000
120000
120000
120000
120000
120000
120000
120000
120000
120000
120000
120000
120000
120000
120000
120000
120000
120000
120000
120000
120000
120000
120000
120000
120000
120000
120000
120000
120000
120000
120000
120000
120000
120000
120000
120000
120000
120000
120000
120000
120000
120000
120000
120000
120000
120000
120000
120000
120000
120000
120000
120000
120000
120000
120000
120000
120000
120000
120000
120000
120000
120000
120000
120000
120000
120000
120000
120000
120000
120000
120000
120000
120000
120000
120000
120000
120000
120000
120000
120000
120000
120000
120000
120000
120000
120000
120000
120000
120000
120000
120000
120000
120000
120000
120000
120000
120000
120000
120000
120000
120000
120000
120000
120000
120000
120000
120000
120000
120000
120000
120000
120000
120000
120000
120000
120000
120000
120000
120000
120000
120000
120000
120000
120000
120000
120000
120000
120000
120000
120000
120000
120000
120000
120000
120000
120000
120000
120000
120000
120000
120000
120000
120000
120000
120000
120000
120000
120000
120000
120000
120000
120000
120000
120000
120000
120000
120000
120000
120000
120000
120000
120000
120000
120000
120000
120000
120000
120000
120000
120000
120000
120000
120000
120000
120000
120000
120000
120000
120000
120000
120000
120000
120000
120000
120000
120000
120000
120000
120000
120000
120000
120000
120000
120000
120000
120000
120000
120000
120000
120000
120000
120000
120000
120000
120000
120000
120000
120000
120000
120000
120000
120000
120000
120000
120000
120000
120000
120000
120000
120000
120000
120000
120000
120000
120000
120000
120000
120000
120000
120000
120000
120000
120000
120000
120000
120000
120000
120000
120000
120000
120000
120000
120000
120000
120000
120000
120000
120000
120000
120000
120000
120000
120000
120000
120000
120000
120000
120000
120000
120000
120000
120000
120000
120000
120000
120000
120000
120000
120000
120000
120000
120000
120000
120000
120000
120000
120000
120000
120000
120000
120000
120000
120000
120000
120000
120000
120000
120000
120000
120000
120000
120000
120000
120000
120000
120000
120000
120000
120000
120000
120000
120000
120000
120000
120000
120000
120000
120000
120000
120000
120000
120000
120000
120000
120000
120000
120000
120000
120000
120000
120000
120000
120000
120000
120000
120000
120000
120000
120000
120000
120000
120000
120000
120000
120000
120000
120000
120000
120000
120000
120000
120000
120000
120000
120000
120000
120000
120000
120000
120000
120000
120000
120000
120000
120000
120000
120000
120000
120000
120000
120000
120000
120000
120000
120000
120000
120000
120000
120000
120000
120000
120000
120000
120000
120000
120000
120000
120000
120000
120000
120000
120000
120000
120000
120000
120000
120000
120000
120000
120000
120000
120000
120000
120000
120000
120000
120000
120000
120000
120000
120000
120000
120000
120000
120000
120000
120000
120000
120000
120000
120000
120000
120000
120000
120000
120000
120000
120000
120000
120000
120000
120000
120000
120000
120000
120000
120000
120000
120000
120000
120000
120000
120000
120000
120000
120000
120000
120000
120000
120000
120000
120000
120000
120000
120000
120000
120000
120000
120000
120000
120000
120000
120000
120000
120000
120000
120000
120000
120000
120000
120000
120000
120000
120000
120000
120000
120000
120000
120000
120000
120000
120000
120000
120000
120000
120000
120000
120000
120000
120000
120000
120000
120000
120000
120000
120000
120000
120000
120000
120000
120000
120000
120000
120000
120000
120000
120000
120000
120000
120000
120000
120000
120000
120000
120000
120000
120000
120000
120000
120000
120000
120000
120000
120000
120000
120000
120000
120000
120000
120000
120000
120000
120000
120000
120000
120000
120000
120000
120000
120000
120000
120000
120000
120000
120000
120000
120000
120000
120000
120000
120000
120000
120000
120000
120000
120000
120000
120000
120000
120000
120000
120000
120000
120000
120000
120000
120000
120000
120000
120000
120000
120000
120000
120000
120000
120000
120000
120000
120000
120000
120000
120000
120000
120000
120000
120000
120000
120000
120000
120000
120000
120000
120000
120000
120000
120000
120000
120000
120000
120000
120000
120000
120000
120000
120000
120000
120000
120000
120000
120000
120000
120000
120000
120000
120000
120000
120000
120000
120000
120000
120000
120000
120000
120000
120000
120000
120000
120000
120000
120000
120000
120000
120000
120000
120000
120000
120000
120000
120000
120000
120000
120000
120000
120000
120000
120000
120000
120000
120000
120000
120000
120000
120000
120000
120000
120000
120000
120000
120000
120000
120000
120000
120000
120000
120000
120000
120000
120000
120000
120000
120000
120000
120000
120000
120000
120000
120000
120000
120000
120000
120000
120000
120000
120000
120000
120000
120000
120000
120000
120000
120000
120000
120000
120000
120000
120000
120000
120000
120000
120000
120000
120000
120000
120000
120000
120000
120000
120000
120000
120000
120000
120000
120000
120000
120000
120000
120000
120000
120000
120000
120000
120000
120000
120000
120000
120000
120000
120000
120000
120000
120000
120000
120000
120000
120000
120000
120000
120000
120000
120000
120000
120000
120000
120000
120000
120000
120000
120000
120000
120000
120000
120000
120000
120000
120000
120000
120000
120000
120000
120000
120000
120000
120000
120000
120000
120000
120000
120000
120000
120000
120000
120000
120000
120000
120000
120000
120000
120000
120000
120000
120000
120000
120000
120000
120000
120000
120000
120000
120000
120000
120000
120000
120000
120000
120000
120000
120000
120000
120000
120000
120000
120000
120000
120000
120000
120000
120000
120000
120000
120000
120000
120000
120000
120000
120000
120000
120000
120000
120000
120000
120000
120000
120000
120000
120000
120000
120000
120000
120000
120000
120000
120000
120000
120000
120000
120000
120000
120000
120000
120000
120000
120000
120000
120000
120000
120000
120000
120000
120000
120000
120000
120000
120000
120000
120000
120000
120000
120000
120000
120000
120000
120000
120000
120000
120000
120000
120000
120000
120000
120000
120000
120000
120000
120000
120000
120000
120000
120000
120000
120000
120000
120000
120000
120000
120000
120000
120000
120000
120000
120000
120000
120000
120000
120000
120000
120000
120000
120000
120000
120000
120000
120000
120000
120000
120000
120000
120000
120000
120000
120000
120000
120000
120000
120000
120000
120000
120000
120000
120000
120000
120000
120000
120000
120000
120000
120000
120000
120000
120000
120000
120000
120000
120000
120000
120000
120000
120000
120000
120000
120000
120000
120000
120000
120000
120000
120000
120000
120000
120000
120000
120000
120000
120000
120000
120000
120000
120000
120000
120000
120000
120000
120000
120000
120000
120000
120000
120000
120000
120000
120000
120000
120000
120000
120000
120000
120000
120000
120000
120000
120000
120000
120000
120000
120000
120000
120000
120000
120000
120000
120000
120000
120000
120000
120000
120000
120000
120000
120000
120000
120000
120000
120000
120000
120000
120000
120000
120000
120000
120000
120000
120000
120000
120000
120000
120000
120000
120000
120000
120000
120000
120000
120000
120000
120000
120000
120000
120000
120000
120000
120000
120000
120000
120000
120000
120000
120000
120000
120000
120000
120000
120000
120000
120000
120000
120000
120000
120000
120000
120000
120000
120000
120000
120000
120000
120000
120000
120000
120000
120000
120000
120000
120000
120000
120000
120000
120000
120000
120000
120000
120000
120000
120000
120000
120000
120000
120000
120000
120000
120000
120000
120000
120000
120000
120000
120000
120000
120000
120000
120000
120000
120000
120000
120000
120000
120000
120000
120000
120000
120000
120000
120000
120000
120000
120000
120000
120000
120000
120000
120000
120000
120000
120000
120000
120000
120000
120000
120000
120000
120000
120000
120000
120000
120000
120000
120000
120000
120000
120000
120000
120000
120000
120000
120000
120000
120000
120000
120000
120000
120000
120000
120000
120000
120000
120000
120000
120000
120000
120000
120000
120000
120000
120000
