Time needed: 1112.40 s
Distance travelled: 1759.63 m
Total rotation: 36483.9°
Objects found after: 22.97 s, 62.73 s, 363.23 s

+++ following progress ticks +++
461
536
646
706
765
817
860
950
1021
1080
1142
1185
1266
1339
1397
1455
1512
1567
1630
1687
1745
1803
1862
1916
1977
2036
2111
2172
2230
2288
2347
2393
2458
2513
2581
2640
2698
2756
2814
2871
2929
2986
3065
3158
3225
3282
3343
3398
3454
3511
3569
3629
3688
3743
3822
3909
3966
4023
4072
4090
4102
4102
4102
4102
4102
4102
4102
4102
4103
4115
4137
4191
4250
4299
4350
4411
4451
4491
4524
4552
4569
4592
4613
4633
4651
4691
4751
4787
4821
4855
4889
4923
4981
5029
5077
5124
5172
5212
5245
5275
5303
5334
5396
5473
5537
5594
5654
5714
5773
5832
5885
5943
6003
6058
6114
6171
6229
6285
6343
6409
6468
6513
6579
6630
6678
6726
6773
6819
6854
6920
7007
7065
7123
7182
7240
7285
7344
7403
7462
7512
7590
7655
7716
7775
7829
7887
7949
7999
8051
8111
8171
8228
8276
8351
8411
8469
8526
8586
8640
8713
8803
8868
8945
9001
9106
9203
9276
9371
9432
9491
9548
9608
9665
9722
9767
9825
9885
9943
10002
10059
10119
10176
10234
10292
10378
10473
10546
10606
10665
10677
10732
10798
10829
10851
10866
10888
10931
10987
11047
11131
11219
11285
11341
11402
11450
11521
11610
11668
11726
11782
11840
11899
11954
12039
12099
12157
12217
12273
12320
12380
12439
12499
12558
12611
12686
12744
12802
12859
12918
12977
13027
13114
13195
13253
13311
13360
13421
13479
13538
13582
13641
13700
13758
13817
13876
13936
13996
14080
14141
14199
14255
14316
14375
14429
14480
14550
14615
14676
14734
14792
14850
14901
14965
15025
15083
15142
15225
15312
15377
15438
15496
15555
15599
15664
15719
15767
15818
15873
15932
15989
16047
16100
16163
16212
16290
16350
16401
16452
16503
16556
16610
16676
16736
16794
16853
16915
16978
17036
17095
17152
17211
17267
17328
17383
17458
17536
17637
17732
17809
17880
17939
17998
18054
18110
18188
18279
18356
18415
18471
18528
18588
18653
18723
18766
18841
18915
18970
19029
19088
19147
19198
19267
19340
19386
19459
19541
19605
19662
19721
19782
19826
19886
19944
20004
20058
20117
20161
20223
20280
20340
20391
20460
20536
20592
20652
20711
20769
20827
20886
20940
20996
21058
21116
21173
21234
21289
21348
21397
21473
21530
21586
21646
21706
21762
21819
21880
21942
21996
22055
22115
22173
22222
22300
22390
22467
22525
22584
22637
22710
22785
22846
22901
23008
23115
23204
23254
23313
23372
23432
23489
23562
23607
23645
23658
23659
23659
23659
23659
23659
23661
23681
23714
23754
23817
23877
23935
23971
23982
23998
24031
24079
24131
24189
24247
24305
24350
24412
24463
24499
24541
24577
24611
24641
24669
24695
24697
24697
24697
24697
24697
24697
24697
24703
24721
24738
24755
24776
24826
24887
24942
24969
24985
25000
25011
25064
25141
25216
25258
25298
25332
25398
25453
25504
25548
25598
25647
25695
25746
25780
25814
25838
25848
25855
25860
25866
25869
25870
25870
25870
25882
25924
25961
26000
26038
26078
26122
26163
26241
26335
26423
26479
26537
26597
26657
26716
26770
26827
26886
26930
26988
27046
27106
27165
27224
27282
27318
27391
27475
27527
27620
27722
27829
27891
27954
28060
28164
28224
28282
28325
28393
28448
28538
28648
28736
28784
28829
28873
28913
28952
28976
29014
29045
29088
29121
29150
29168
29178
29184
29186
29189
29189
29189
29189
29189
29189
29200
29227
29267
29348
29444
29538
29594
29642
29722
29828
29916
30002
30117
30222
30288
30329
30438
30531
30596
30652
30720
30778
30835
30894
30953
31013
31068
31111
31192
31260
31321
31379
31441
31492
31588
31691
31764
31872
31963
32075
32181
32259
32315
32375
32422
32491
32551
32595
32688
32746
32806
32860
32919
32979
33022
33101
33193
33274
33317
33410
33511
33576
33631
33682
33752
33810
33870
33927
33987
34040
34097
34158
34217
34299
34355
34413
34474
34546
34603
34661
34720
34777
34838
34895
34982
35047
35096
35156
35213
35273
35329
35390
35447
35503
35555
35638
35711
35804
35891
35950
36009
36051
36117
36179
36237
36296
36354
36411
36468
36509
36585
36645
36705
36760
36820
36878
36939
36993
37049
37136
37231
37303
37361
37417
37477
37535
37591
37664
37751
37819
37876
37936
37977
38008
38022
38026
38026
38026
38026
38026
38026
38026
38027
38038
38064
38119
38177
38214
38238
38316
38397
38434
38470
38507
38545
38583
38621
38656
38692
38716
38775
38841
38894
38948
39001
39056
39112
39150
39224
39313
39409
39464
39504
39563
39623
39680
39739
39798
39837
39919
40009
40092
40148
40204
40265
40324
40379
40435
40490
40571
40645
40704
40760
40811
40880
40967
41058
41124
41174
41246
41328
41394
41453
41512
41570
41627
41684
41757
41841
41923
41971
42059
42165
42224
42285
42340
42400
42455
42496
42553
42611
42665
42723
42783
42845
42905
42964
43023
43081
43140
43214
43307
43365
43424
43482
43541
43585
43654
43744
43811
43855
43898
43932
43975
44020
44064
44111
44162
44208
44255
44301
44350
44396
44432
44473
44511
44545
44581
44619
44659
44695
44749
44795
44841
44888
44920
44929
44931
44931
44931
44931
44931
44931
44931
44931
44931
44931
44931
44931
44945
44999
45059
45120
45144
45170
45199
45223
45286
45383
45456
45513
45570
45623
45695
45769
45838
45897
45952
46001
46066
46127
46184
46241
46299
46357
46409
46440
46463
46479
46490
46494
46494
46494
46494
46494
46494
46494
46494
46494
46494
46494
46494
46494
46494
46494
46494
46494
46495
46504
46538
46598
46647
46683
46698
46710
46722
46735
46750
46764
46782
46802
46823
46843
46861
46864
46864
46864
46864
46864
46864
46864
46864
46864
46864
46864
46864
46864
46864
46864
46864
46864
46864
46864
46864
46864
46864
46864
46864
46864
46864
46864
46864
46864
46864
46864
46864
46864
46864
46864
46864
46864
46864
46864
46864
46864
46864
46864
46864
46864
46864
46864
46864
46864
46864
46864
46864
46864
46864
46864
46864
46864
46864
46864
46864
46864
46864
46864
46864
46864
46864
46864
46864
46864
46864
46864
46864
46864
46864
46864
46864
46864
46864
46864
46869
46883
46899
46899
46899
46899
46899
46899
46899
46899
46899
46899
46899
46899
46899
46899
46899
46899
46899
46899
46899
46899
46899
46899
46899
46899
46899
46899
46899
46899
46899
46899
46899
46899
46899
46899
46899
46899
46899
46899
46899
46899
46899
46899
46899
46899
46899
46899
46899
46899
46899
46899
46899
46899
46902
46919
46949
46982
47009
47028
47039
47056
47079
47099
47120
47140
47158
47177
47199
47222
47236
47240
47240
47240
47240
47243
47259
47270
47272
47297
47316
47320
47327
47328
47341
47382
47431
47478
47535
47593
47651
47709
47771
47829
47873
47915
47956
47995
48036
48070
48103
48129
48163
48197
48231
48262
48293
48324
48353
48384
48446
48523
48576
48626
48678
48728
48776
48822
48868
48914
48960
49047
49133
49194
49254
49312
49373
49418
49491
49571
49631
49680
49773
49832
49890
49948
50006
50050
50131
50195
50254
50312
50370
50429
50471
50542
50616
50674
50732
50790
50848
50914
50999
51097
51161
51221
51279
51336
51398
51440
51520
51613
51683
51741
51799
51860
51911
51969
52029
52088
52145
52203
52266
52351
52440
52497
52535
52554
52579
52602
52621
52643
52669
52696
52727
52758
52813
52888
52946
52991
53034
53073
53097
53120
53140
53149
53157
53167
53180
53196
53224
53266
53324
53364
53381
53381
53381
53383
53395
53408
53420
53433
53450
53471
53488
53503
53514
53525
53537
53576
53634
53673
53703
53730
53757
53783
53809
53840
53872
53902
53930
53959
53989
54013
54064
54117
54160
54203
54247
54284
54299
54304
54307
54324
54331
54375
54428
54471
54514
54530
54541
54551
54559
54570
54580
54592
54606
54619
54636
54654
54672
54684
54691
54694
54696
54699
54701
54702
54704
54709
54716
54725
54736
54750
54766
54780
54786
54786
54786
54786
54786
54786
54786
54786
54786
54786
54786
54786
54786
54786
54786
54786
54786
54786
54786
54786
54786
54786
54786
54786
54786
54786
54786
54786
54786
54786
54786
54786
54805
54839
54880
54928
54984
55042
55096
55168
55259
55341
55411
55492
55537
55560
55578
55591
55604
55613
55622
55623
55623
55623
55623
55645
55689
55710
55714
55715
55724
55772
55827
55852
55861
55866
55872
55876
55877
55901
55949
56015
56049
56076
56098
56115
56121
56121
56121
56121
56121
56121
56121
56121
56121
56121
56121
56121
56121
56121
56121
56138
56178
56225
56270
56341
56420
56477
56533
56608
56677
56735
56834
56932
57010
57041
57086
57114
57119
57119
57119
57119
57119
57119
57119
57119
57119
57119
57119
57119
57119
57119
57119
57119
57119
57119
57122
57135
57158
57189
57226
57260
57289
57318
57374
57410
57442
57473
57501
57528
57554
57580
57600
57660
57727
57774
57828
57880
57935
57994
58045
58063
58073
58096
58108
58108
58108
58108
58108
58108
58108
58113
58128
58170
58188
58210
58245
58260
58264
58264
58264
58264
58264
58264
58264
58264
58264
58264
58264
58264
58264
58264
58264
58264
58264
58264
58264
58264
58264
58264
58264
58264
58264
58264
58264
58264
58265
58273
58291
58301
58311
58314
58314
58314
58315
58325
58325
58325
58325
58325
58325
58325
58325
58325
58325
58325
58325
58325
58325
58325
58325
58325
58325
58325
58325
58325
58325
58325
58325
58325
58325
58325
58325
58325
58325
58325
58325
58334
58360
58395
58434
58478
58513
58536
58553
58563
58572
58576
58576
58576
58576
58578
58587
58587
58587
58587
58587
58598
58605
58611
58615
58615
58615
58616
58627
58633
58633
58633
58633
58633
58633
58633
58633
58633
58633
58633
58633
58633
58633
58633
58633
58633
58633
58633
58633
58633
58633
58633
58633
58633
58633
58633
58633
58633
58633
58633
58633
58633
58633
58633
58633
58633
58633
58633
58633
58633
58633
58633
58633
58633
58633
58633
58633
58633
58633
58633
58633
58633
58633
58633
58633
58633
58633
58633
58633
58633
58633
58633
58633
58633
58633
58633
58633
58633
58633
58633
58633
58633
58633
58633
58633
58633
58633
58633
58633
58633
58633
58633
58633
58633
58633
58633
58633
58633
58633
58633
58633
58633
58633
58633
58633
58633
58633
58633
58633
58633
58633
58633
58633
58633
58633
58633
58633
58633
58633
58633
58633
58633
58633
58633
58633
58633
58633
58633
58633
58633
58633
58633
58633
58633
58633
58633
58633
58633
58633
58633
58633
58633
58633
58633
58633
58633
58633
58633
58633
58633
58633
58633
58633
58633
58633
58633
58633
58633
58633
58633
58633
58633
58633
58633
58633
58633
58633
58633
58633
58633
58635
58636
58636
58636
58636
58636
58636
58636
58636
58636
58636
58636
58636
58636
58636
58636
58636
58636
58636
58636
58636
58636
58636
58636
58647
58676
58711
58725
58729
58729
58729
58729
58730
58730
58730
58730
58730
58730
58730
58730
58730
58730
58730
58730
58730
58730
58730
58730
58730
58730
58746
58774
58793
58833
58858
58859
58859
58859
58859
58859
58859
58859
58859
58859
58859
58859
58859
58859
58859
58863
58865
58866
58866
58866
58866
58866
58866
58866
58866
58866
58866
58866
58866
58866
58866
58866
58866
58866
58866
58866
58866
58866
58866
58866
58866
58866
58866
58866
58866
58866
58866
58866
58866
58866
58866
58866
58866
58866
58866
58866
58866
58866
58866
58866
58866
58866
58866
58866
58866
58866
58866
58866
58866
58866
58866
58866
58866
58866
58866
58866
58866
58866
58866
58866
58866
58866
58866
58866
58866
58866
58866
58866
58866
58866
58866
58866
58866
58866
58866
58866
58866
58866
58866
58866
58866
58866
58866
58866
58866
58866
58866
58866
58866
58866
58866
58866
58866
58866
58866
58866
58866
58866
58866
58866
58866
58866
58866
58866
58866
58866
58866
58866
58866
58866
58866
58866
58866
58866
58866
58866
58866
58866
58866
58866
58866
58866
58866
58866
58866
58866
58866
58866
58866
58866
58866
58866
58866
58866
58866
58866
58866
58868
58875
58879
58882
58883
58883
58883
58884
58887
58890
58895
58900
58906
58912
58915
58916
58916
58916
58916
58916
58916
58916
58916
58916
58916
58916
58916
58916
58916
58916
58916
58916
58916
58916
58916
58916
58916
58916
58916
58916
58916
58916
58916
58916
58916
58916
58916
58916
58916
58916
58916
58916
58916
58916
58916
58916
58916
58916
58916
58916
58916
58916
58916
58916
58916
58916
58916
58916
58916
58916
58916
58916
58916
58916
58916
58916
58916
58916
58916
58916
58916
58916
58916
58916
58916
58916
58916
58916
58916
58916
58916
58916
58916
58916
58916
58916
58916
58916
58916
58916
58916
58916
58916
58916
58916
58916
58916
58916
58916
58916
58916
58916
58916
58916
58916
58916
58916
58916
58916
58916
58916
58916
58916
58916
58916
58916
58916
58916
58916
58916
58916
58916
58916
58916
58916
58916
58916
58916
58916
58916
58916
58916
58916
58916
58916
58916
58916
58916
58916
58916
58916
58916
58916
58916
58916
58916
58916
58916
58916
58916
58916
58916
58916
58916
58916
58916
58916
58916
58916
58916
58916
58916
58916
58916
58916
58916
58916
58916
58916
58916
58916
58916
58916
58916
58916
58916
58916
58916
58916
58916
58916
58916
58916
58916
58916
58916
58916
58916
58916
58916
58916
58916
58916
58916
58916
58916
58916
58916
58916
58916
58916
58916
58916
58916
58916
58916
58916
58916
58916
58916
58916
58916
58916
58916
58916
58916
58916
58916
58916
58916
58916
58916
58916
58916
58916
58916
58916
58916
58916
58916
58916
58916
58916
58916
58916
58916
58916
58916
58916
58916
58916
58916
58916
58916
58916
58916
58916
58916
58916
58918
58946
58991
59037
59102
59166
59196
59221
59240
59262
59270
59271
59271
59271
59271
59271
59271
59271
59271
59271
59271
59271
59271
59271
59271
59271
59271
59271
59271
59271
59271
59271
59271
59271
59271
59271
59271
59271
59271
59271
59271
59271
59271
59271
59271
59271
59271
59271
59271
59271
59271
59271
59271
59271
59272
59272
59272
59272
59272
59272
59272
59272
59272
59272
59272
59272
59272
59272
59272
59272
59272
59272
59272
59272
59272
59272
59272
59272
59272
59272
59272
59272
59272
59272
59272
59272
59272
59272
59272
59272
59272
59272
59272
59272
59272
59272
59272
59272
59272
59272
59272
59272
59272
59272
59272
59272
59272
59272
59272
59272
59272
59272
59272
59272
59272
59272
59272
59272
59272
59272
59272
59272
59272
59272
59272
59272
59272
59272
59272
59272
59272
59272
59272
59272
59272
59272
59272
59272
59272
59272
59272
59272
59272
59272
59272
59272
59272
59272
59281
59296
59311
59333
59357
59382
59420
59469
59527
59586
59643
59702
59760
59818
59861
59934
60005
60064
60117
60178
60229
60305
60362
60421
60481
60538
60593
60632
60666
60709
60758
60816
60880
60901
60923
60945
60964
60997
61013
61024
61027
61028
61028
61028
61028
61028
61028
61028
61031
61073
61122
61165
61168
61168
61168
61168
61168
61168
61168
61168
61168
61168
61168
61168
61168
61168
61168
61168
61168
61168
61168
61168
61168
61168
61168
61168
61168
61168
61168
61168
61168
61168
61173
61174
61174
61174
61174
61174
61174
61174
61174
61174
61188
61229
61281
61308
61308
61323
61348
61375
61401
61428
61456
61478
61505
61530
61540
61545
61546
61546
61546
61546
61546
61546
61546
61546
61546
61546
61546
61546
61546
61546
61546
61546
61546
61546
61546
61546
61546
61546
61546
61546
61546
61546
61546
61546
61546
61546
61546
61546
61546
61546
61546
61546
61546
61546
61546
61546
61546
61546
61546
61546
61546
61546
61546
61546
61546
61546
61546
61546
61546
61546
61546
61546
61546
61546
61546
61546
61546
61546
61546
61546
61546
61546
61546
61546
61546
61546
61546
61546
61546
61546
61546
61546
61546
61546
61546
61546
61546
61546
61546
61546
61546
61546
61546
61546
61546
61546
61546
61546
61546
61546
61546
61546
61546
61546
61546
61546
61546
61546
61546
61546
61546
61546
61546
61546
61546
61546
61546
61546
61546
61546
61546
61546
61546
61546
61546
61546
61546
61546
61546
61546
61546
61546
61546
61546
61546
61546
61546
61546
61546
61546
61546
61546
61546
61546
61546
61546
61546
61546
61546
61546
61546
61546
61546
61546
61546
61546
61546
61546
61546
61546
61546
61546
61546
61546
61546
61546
61546
61546
61546
61546
61546
61546
61546
61546
61546
61546
61546
61546
61546
61546
61546
61546
61546
61546
61546
61546
61546
61546
61546
61546
61546
61546
61546
61546
61546
61546
61546
61546
61546
61546
61546
61546
61546
61546
61546
61546
61559
61608
61658
61701
61768
61839
61893
61929
61955
61972
61979
61980
61980
61980
61980
61980
61980
61980
61999
62016
62023
62037
62088
62158
62259
62359
62420
62525
62632
62700
62738
62824
62929
62991
63049
63106
63167
63224
63278
63341
63405
63462
63517
63567
63601
63621
63629
63630
63630
63630
63630
63630
63630
63630
63630
63630
63630
63630
63630
63630
63630
63630
63630
63630
63630
63630
63630
63630
63630
63630
63630
63630
63637
63666
63706
63742
63790
63835
63866
63866
63866
63866
63866
63866
63877
63877
63877
63887
63897
63897
63906
63929
63930
63930
63930
63943
63968
63997
64031
64068
64111
64159
64205
64276
64370
64464
64535
64594
64651
64707
64762
64814
64875
64933
64991
65050
65107
65165
65225
65283
65349
65400
65431
65462
65487
65511
65532
65560
65585
65647
65702
65741
65777
65812
65848
65882
65903
65957
66005
66048
66092
66136
66180
66224
66268
66302
66378
66449
66504
66601
66704
66781
66890
66978
67024
67111
67176
67234
67294
67354
67412
67470
67527
67586
67643
67700
67759
67807
67898
67949
67987
68044
68112
68172
68234
68292
68350
68411
68457
68529
68585
68649
68726
68795
68853
68912
68969
69028
69081
69172
69264
69332
69393
69452
69511
69569
69606
69623
69671
69727
69770
69795
69828
69883
69944
69993
70074
70169
70271
70330
70382
70459
70519
70572
70618
70703
70789
70845
70901
70952
70982
71018
71039
71051
71063
71095
71136
71154
71170
71182
71192
71198
71227
71275
71323
71341
71414
71471
71558
71665
71741
71799
71855
71909
71979
72075
72156
72212
72270
72328
72384
72425
72502
72587
72672
72732
72788
72832
72857
72879
72900
72915
72928
72938
72943
72949
72950
72954
72961
72968
72972
72980
72991
73004
73016
73031
73052
73079
73115
73156
73194
73225
73270
73297
73323
73350
73375
73400
73423
73457
73510
73524
73541
73559
73560
73560
73560
73560
73560
73560
73560
73560
73560
73560
73566
73569
73569
73569
73569
73569
73569
73569
73569
73569
73569
73569
73569
73569
73569
73569
73569
73569
73569
73569
73569
73569
73569
73569
73570
73594
73633
73679
73727
73779
73835
73894
73942
73996
74047
74106
74174
74229
74268
74309
74347
74385
74415
74458
74504
74525
74541
74555
74563
74563
74563
74563
74563
74563
74563
74563
74563
74563
74563
74563
74563
74563
74563
74563
74563
74563
74563
74563
74563
74563
74566
74574
74586
74600
74609
74611
74611
74611
74611
74611
74612
74641
74667
74667
74669
74675
74675
74675
74675
74675
74675
74675
74675
74675
74675
74675
74675
74675
74675
74675
74675
74675
74675
74675
74675
74675
74675
74675
74675
74675
74675
74675
74675
74675
74675
74675
74675
74675
74675
74675
74675
74693
74718
74718
74718
74718
74718
74718
74718
74718
74718
74718
74718
74718
74718
74718
74718
74718
74718
74718
74718
74718
74718
74718
74718
74718
74718
74718
74718
74718
74718
74718
74718
74718
74718
74718
74718
74718
74727
74741
74750
74750
74750
74750
74750
74750
74750
74750
74750
74750
74750
74750
74750
74750
74750
74750
74750
74750
74750
74750
74750
74750
74750
74750
74750
74750
74750
74750
74750
74750
74750
74750
74750
74750
74750
74750
74750
74750
74750
74750
74750
74750
74750
74750
74750
74750
74750
74750
74750
74750
74750
74750
74750
74750
74750
74750
74750
74750
74750
74750
74750
74750
74750
74750
74750
74750
74750
74750
74750
74750
74750
74750
74750
74750
74750
74750
74750
74750
74750
74750
74750
74750
74750
74750
74750
74750
74750
74750
74750
74750
74750
74750
74750
74750
74750
74750
74750
74750
74750
74750
74750
74750
74750
74750
74750
74750
74750
74750
74750
74750
74750
74750
74750
74750
74750
74750
74750
74750
74750
74750
74750
74750
74750
74750
74750
74750
74750
74750
74750
74750
74750
74750
74750
74750
74750
74750
74750
74750
74750
74750
74750
74750
74750
74750
74750
74750
74750
74750
74750
74750
74750
74750
74750
74750
74750
74750
74750
74750
74750
74750
74750
74750
74750
74750
74750
74750
74750
74750
74750
74750
74750
74750
74750
74750
74750
74750
74750
74750
74750
74750
74750
74750
74750
74750
74750
74750
74750
74750
74750
74750
74750
74750
74750
74750
74750
74750
74750
74750
74750
74750
74750
74750
74750
74750
74750
74750
74750
74750
74750
74750
74750
74750
74750
74750
74750
74750
74750
74750
74750
74750
74750
74750
74750
74750
74750
74750
74750
74750
74750
74750
74750
74750
74750
74750
74750
74750
74750
74750
74750
74750
74750
74750
74750
74750
74750
74750
74750
74750
74750
74752
74765
74799
74827
74864
74911
74942
74968
74992
75019
75042
75066
75088
75108
75151
75188
75221
75249
75285
75322
75358
75394
75430
75466
75509
75594
75684
75764
75824
75884
75932
76020
76123
76227
76282
76342
76403
76466
76522
76581
76640
76700
76748
76827
76913
77007
77075
77137
77192
77247
77306
77371
77432
77490
77549
77607
77665
77713
77787
77877
77953
78011
78069
78117
78219
78320
78409
78464
78524
78575
78639
78700
78759
78816
78858
78924
78986
79028
79062
79096
79121
79128
79131
79132
79132
79132
79132
79132
79132
79132
79132
79132
79132
79162
79212
79267
79341
79418
79462
79488
79512
79536
79556
79574
79622
79684
79735
79779
79820
79861
79900
79932
79966
80000
80036
80112
80185
80244
80291
80356
80414
80473
80530
80590
80651
80707
80745
80823
80917
80989
81042
81103
81163
81223
81253
81271
81307
81343
81347
81350
81359
81378
81410
81443
81474
81502
81525
81543
81560
81578
81596
81617
81639
81659
81673
81719
81758
81801
81848
81899
81952
82003
82072
82129
82187
82238
82333
82424
82471
82506
82544
82573
82591
82601
82613
82623
82631
82637
82645
82651
82681
82740
82814
82866
82898
82918
82928
82964
83035
83112
83152
83195
83235
83292
83382
83456
83514
83561
83604
83668
83708
83728
83742
83762
83802
83833
83859
83861
83861
83861
83861
83861
83861
83861
83861
83861
83861
83861
83861
83861
83862
83875
83904
83947
83998
84056
84093
84160
84232
84290
84349
84405
84460
84542
84605
84660
84694
84715
84731
84734
84745
84749
84752
84754
84755
84755
84755
84755
84760
84797
84851
84872
84886
84903
84932
84968
85004
85045
85078
85120
85160
85205
85245
85278
85334
85396
85439
85481
85503
85532
85556
85580
85580
85580
85585
85588
85588
85588
85591
85604
85621
85627
85643
85686
85745
85791
85859
85890
85914
85938
85961
85980
86017
86043
86070
86094
86117
86180
86269
86345
86397
86446
86521
86599
86660
86714
86773
86834
86894
86942
87013
87080
87137
87175
87237
87294
87354
87412
87472
87531
87593
87667
87724
87780
87839
87869
87871
87871
87871
87871
87872
87873
87873
87873
87873
87873
87873
87873
87873
87873
87873
87873
87873
87876
87884
87899
87914
87934
87960
87986
88003
88020
88033
88044
88049
88050
88050
88050
88050
88050
88050
88050
88050
88050
88050
88050
88050
88050
88050
88050
88050
88050
88050
88050
88050
88050
88050
88050
88050
88051
88055
88055
88055
88055
88055
88055
88055
88055
88055
88055
88055
88055
88055
88055
88055
88055
88055
88055
88055
88055
88055
88055
88055
88055
88055
88055
88055
88055
88055
88055
88055
88055
88055
88055
88055
88055
88055
88055
88055
88055
88055
88057
88075
88130
88184
88210
88222
88293
88372
88446
88486
88552
88596
88640
88683
88723
88753
88788
88820
88885
88967
89039
89097
89155
89213
89271
89329
89381
89465
89564
89655
89743
89802
89857
89917
89972
90029
90072
90132
90165
90187
90209
90209
90214
90256
90296
90310
90310
90310
90322
90355
90382
90403
90414
90428
90473
90540
90592
90624
90642
90649
90652
90652
90652
90652
90652
90652
90652
90652
90654
90654
90654
90654
90654
90654
90654
90662
90685
90714
90731
90742
90754
90769
90786
90798
90807
90810
90820
90831
90838
90842
90846
90851
90855
90855
90855
90855
90855
90855
90855
90855
90855
90855
90855
90855
90855
90856
90862
90878
90902
90922
90942
90963
90985
91008
91046
91079
91097
91099
91099
91100
91107
91107
91107
91107
91107
91107
91107
91107
91107
91107
91107
91107
91107
91107
91107
91107
91107
91107
91107
91107
91107
91107
91107
91107
91107
91107
91107
91107
91107
91107
91107
91110
91131
91177
91233
91267
91285
91302
91320
91338
91354
91363
91373
91375
91375
91375
91375
91375
91375
91375
91375
91375
91375
91375
91375
91375
91375
91375
91375
91375
91375
91375
91375
91375
91375
91375
91375
91375
91375
91375
91375
91375
91375
91375
91375
91375
91375
91375
91375
91375
91375
91375
91375
91375
91375
91375
91375
91375
91375
91375
91375
91375
91375
91375
91375
91375
91375
91375
91375
91375
91375
91375
91375
91375
91375
91375
91375
91375
91375
91375
91375
91375
91375
91375
91375
91375
91375
91375
91375
91375
91375
91375
91375
91375
91375
91375
91375
91375
91375
91375
91375
91375
91375
91375
91375
91375
91375
91375
91375
91375
91375
91375
91375
91375
91375
91375
91375
91375
91375
91375
91375
91375
91375
91375
91375
91375
91375
91375
91375
91375
91375
91375
91375
91375
91375
91375
91375
91375
91375
91375
91375
91375
91375
91375
91375
91375
91375
91375
91375
91375
91375
91375
91375
91375
91375
91375
91375
91375
91387
91416
91427
91429
91430
91432
91432
91433
91435
91437
91437
91437
91437
91438
91444
91451
91459
91462
91462
91462
91462
91462
91462
91462
91462
91462
91462
91462
91462
91462
91462
91462
91462
91462
91462
91462
91462
91462
91462
91462
91462
91462
91462
91462
91462
91462
91462
91462
91462
91462
91462
91462
91462
91462
91462
91462
91462
91462
91462
91462
91462
91462
91462
91462
91462
91462
91462
91462
91462
91462
91462
91462
91462
91462
91462
91462
91462
91462
91462
91462
91462
91462
91462
91462
91462
91462
91462
91462
91462
91462
91462
91462
91462
91462
91462
91462
91462
91462
91462
91462
91462
91462
91462
91462
91462
91462
91462
91462
91462
91462
91462
91462
91462
91462
91462
91462
91462
91462
91462
91462
91462
91462
91462
91462
91462
91462
91462
91462
91462
91462
91462
91462
91462
91462
91462
91462
91462
91462
91462
91462
91476
91485
91485
91485
91485
91485
91485
91485
91485
91485
91485
91485
91485
91485
91485
91485
91485
91485
91485
91485
91485
91485
91485
91485
91485
91485
91485
91485
91485
91485
91485
91485
91485
91485
91485
91485
91485
91485
91485
91485
91485
91485
91485
91485
91485
91485
91485
91485
91485
91485
91485
91485
91485
91485
91485
91485
91485
91485
91485
91485
91485
91485
91485
91485
91485
91485
91485
91485
91485
91485
91485
91485
91485
91485
91485
91485
91485
91485
91485
91485
91485
91485
91485
91485
91485
91485
91485
91485
91485
91485
91485
91485
91485
91485
91485
91485
91485
91485
91485
91485
91485
91485
91485
91485
91485
91485
91485
91485
91485
91485
91485
91485
91485
91485
91485
91485
91485
91485
91485
91485
91485
91485
91485
91485
91485
91485
91485
91485
91485
91485
91485
91485
91485
91485
91485
91485
91485
91485
91485
91485
91485
91485
91485
91485
91485
91485
91485
91485
91485
91485
91485
91485
91485
91485
91485
91485
91485
91485
91485
91485
91485
91485
91485
91485
91485
91485
91485
91485
91485
91485
91485
91485
91485
91485
91485
91485
91485
91485
91485
91485
91485
91485
91485
91485
91485
91485
91485
91485
91485
91485
91485
91485
91485
91485
91485
91485
91485
91485
91485
91485
91485
91485
91485
91485
91485
91485
91485
91485
91485
91485
91485
91485
91485
91485
91485
91485
91485
91485
91485
91485
91485
91485
91485
91485
91485
91485
91485
91485
91485
91485
91485
91485
91485
91485
91485
91485
91485
91485
91485
91485
91485
91485
91485
91485
91485
91485
91485
91485
91485
91485
91485
91485
91485
91485
91485
91485
91485
91485
91485
91485
91485
91485
91485
91488
91513
91547
91590
91634
91677
91718
91759
91830
91882
91934
91988
92044
92104
92163
92211
92280
92335
92387
92438
92484
92525
92563
92601
92636
92704
92775
92825
92884
92942
93000
93061
93118
93177
93232
93279
93354
93443
93539
93597
93657
93712
93770
93814
93894
93982
94048
94160
94267
94330
94387
94445
94500
94556
94600
94619
94619
94619
94619
94622
94624
94624
94624
94624
94625
94641
94673
94725
94746
94803
94875
94935
94982
95026
95115
95178
95238
95296
95348
95417
95502
95567
95618
95683
95744
95801
95839
95850
95853
95853
95853
95853
95864
95877
95904
95928
95936
95944
95954
95987
96027
96046
96046
96046
96046
96046
96046
96046
96046
96046
96046
96052
96058
96073
96096
96122
96129
96143
96153
96153
96153
96164
96188
96199
96216
96233
96238
96241
96243
96243
96243
96243
96243
96243
96243
96243
96243
96243
96243
96243
96243
96243
96243
96243
96243
96243
96243
96243
96243
96243
96243
96243
96243
96243
96243
96245
96265
96307
96350
96394
96433
96478
96507
96532
96550
96567
96576
96585
96588
96588
96588
96588
96590
96621
96664
96673
96704
96782
96864
96916
96959
97002
97048
97094
97151
97234
97331
97392
97492
97592
97652
97711
97772
97817
97874
97932
97990
98048
98106
98167
98221
98268
98333
98381
98428
98484
98543
98601
98662
98720
98776
98837
98895
98953
99014
99065
99126
99187
99244
99292
99349
99379
99395
99402
99426
99426
99426
99426
99426
99426
99426
99426
99426
99426
99426
99426
99454
99513
99575
99601
99615
99626
99637
99644
99653
99692
99753
99801
99830
99861
99891
99914
99931
99943
99953
99960
99964
99970
100004
100057
100097
100125
100157
100195
100235
100285
100352
100401
100469
100525
100579
100635
100687
100739
100792
100848
100876
100880
100880
100880
100880
100880
100880
100889
100931
100939
100943
100981
100997
101058
101119
101194
101235
101267
101366
101448
101516
101575
101633
101690
101749
101807
101866
101925
101977
102049
102136
102194
102249
102292
102331
102364
102408
102462
102502
102537
102561
102578
102599
102618
102633
102644
102663
102688
102705
102721
102732
102743
102751
102757
102757
102757
102757
102760
102765
102773
102775
102775
102775
102775
102775
102775
102775
102775
102781
102834
102886
102894
102909
102930
102948
102963
102979
102986
102989
102989
102989
102989
102989
102989
102992
102992
102998
102999
102999
102999
102999
102999
102999
102999
102999
102999
102999
102999
102999
102999
102999
102999
102999
102999
102999
102999
102999
102999
102999
102999
102999
102999
102999
102999
102999
102999
102999
102999
102999
102999
102999
102999
102999
102999
102999
102999
102999
102999
102999
102999
102999
102999
102999
102999
102999
102999
102999
102999
102999
102999
102999
102999
102999
102999
102999
102999
102999
102999
102999
102999
102999
102999
102999
102999
102999
102999
102999
102999
102999
102999
102999
102999
102999
103014
103024
103041
103061
103082
103103
103124
103146
103168
103189
103196
103196
103196
103196
103196
103196
103196
103196
103196
103196
103196
103196
103196
103196
103196
103196
103196
103196
103196
103196
103196
103196
103196
103200
103207
103214
103218
103218
103218
103218
103239
103278
103291
103305
103319
103333
103354
103405
103478
103550
103592
103631
103657
103681
103702
103723
103765
103814
103853
103893
103926
103942
103947
103953
103953
103953
103953
103960
103976
103984
103984
103984
103984
103984
103984
103984
103989
104016
104049
104119
104194
104265
104306
104325
104343
104356
104408
104471
104523
104551
104575
104595
104610
104614
104614
104614
104614
104614
104614
104614
104614
104614
104614
104614
104615
104621
104635
104652
104675
104691
104693
104730
104795
104833
104863
104863
104863
104863
104863
104863
104863
104863
104863
104863
104863
104863
104863
104863
104863
104863
104863
104863
104863
104871
104893
104946
105000
105032
105044
105045
105045
105045
105045
105045
105045
105045
105045
105045
105046
105046
105046
105051
105060
105065
105071
105072
105072
105072
105072
105072
105072
105072
105072
105072
105072
105072
105072
105072
105072
105072
105072
105072
105072
105072
105072
105072
105072
105072
105072
105072
105072
105072
105072
105072
105072
105072
105072
105072
105072
105072
105072
105072
105072
105072
105072
105072
105072
105072
105072
105072
105072
105072
105072
105072
105072
105072
105072
105072
105072
105072
105072
105072
105072
105072
105072
105072
105072
105072
105072
105072
105072
105072
105072
105072
105072
105072
105072
105072
105072
105072
105072
105072
105072
105072
105072
105072
105072
105072
105072
105072
105072
105072
105072
105072
105072
105072
105072
105072
105072
105072
105072
105072
105072
105072
105072
105072
105072
105072
105072
105072
105072
105072
105072
105072
105072
105072
105072
105072
105072
105072
105072
105072
105072
105072
105072
105072
105072
105072
105072
105072
105072
105072
105072
105072
105072
105072
105072
105072
105072
105072
105072
105072
105072
105072
105072
105072
105072
105072
105072
105072
105072
105072
105072
105072
105072
105072
105072
105072
105072
105072
105072
105072
105072
105072
105072
105072
105072
105072
105072
105072
105072
105072
105072
105072
105072
105072
105072
105072
105072
105072
105072
105072
105072
105072
105072
105072
105072
105072
105072
105072
105072
105072
105072
105072
105072
105072
105072
105072
105072
105072
105072
105072
105072
105072
105072
105072
105072
105072
105072
105072
105072
105072
105072
105072
105072
105072
105072
105072
105072
105072
105072
105072
105072
105072
105072
105072
105072
105072
105072
105072
105072
105072
105072
105072
105072
105072
105072
105072
105072
105072
105072
105072
105072
105072
105072
105072
105072
105072
105072
105072
105072
105072
105072
105072
105072
105072
105072
105072
105072
105072
105072
105072
105072
105072
105072
105072
105072
105072
105072
105072
105072
105072
105072
105072
105072
105072
105072
105072
105072
105072
105072
105072
105072
105072
105072
105072
105072
105072
105072
105072
105072
105072
105072
105072
105072
105072
105072
105072
105072
105072
105072
105072
105072
105072
105072
105072
105072
105072
105072
105072
105072
105072
105072
105072
105072
105072
105072
105072
105072
105072
105072
105072
105072
105072
105072
105072
105072
105072
105072
105072
105072
105072
105072
105072
105072
105072
105072
105072
105072
105072
105072
105072
105072
105072
105072
105072
105072
105072
105072
105072
105072
105072
105072
105072
105072
105072
105072
105072
105072
105072
105072
105072
105072
105072
105072
105072
105072
105072
105072
105072
105072
105072
105072
105072
105072
105072
105072
105072
105072
105072
105072
105072
105072
105072
105072
105072
105072
105072
105072
105072
105072
105072
105072
105072
105072
105072
105072
105072
105072
105072
105072
105072
105072
105072
105072
105072
105072
105072
105072
105072
105072
105072
105072
105072
105072
105072
105072
105072
105072
105072
105072
105072
105072
105072
105072
105072
105072
105072
105072
105072
105072
105072
105072
105072
105072
105072
105074
105076
105076
105076
105076
105076
105076
105076
105076
105076
105076
105076
105079
105081
105081
105081
105081
105081
105081
105081
105081
105081
105081
105081
105081
105081
105081
105081
105081
105081
105081
105081
105081
105081
105081
105081
105081
105081
105081
105081
105081
105081
105081
105081
105081
105081
105081
105081
105081
105081
105081
105081
105081
105081
105081
105081
105081
105081
105081
105081
105081
105081
105081
105081
105081
105081
105081
105081
105081
105081
105081
105081
105081
105081
105081
105081
105081
105081
105081
105081
105081
105081
105081
105081
105081
105081
105081
105081
105081
105081
105081
105081
105081
105081
105081
105081
105081
105081
105081
105081
105081
105081
105081
105081
105081
105081
105081
105081
105081
105081
105081
105081
105081
105081
105081
105081
105081
105081
105081
105081
105081
105081
105081
105081
105081
105081
105081
105081
105081
105081
105081
105081
105081
105106
105151
105214
105250
105283
105321
105360
105405
105435
105466
105496
105523
105545
105570
105599
105657
105711
105734
105734
105734
105749
105749
105749
105749
105749
105749
105749
105749
105749
105749
105757
105784
105829
105883
105937
105990
106023
106066
106104
106138
106166
106195
106221
106242
106255
106262
106262
106262
106262
106262
106262
106262
106266
106268
106268
106273
106273
106273
106273
106273
106273
106273
106273
106273
106273
106273
106273
106273
106273
106273
106273
106273
106273
106273
106273
106273
106273
106273
106273
106273
106273
106273
106273
106273
106273
106273
106273
106273
106273
106273
106273
106273
106273
106273
106273
106273
106273
106273
106273
106273
106273
106273
106273
106273
106273
106273
106273
106273
106280
106290
106293
106293
106293
106293
106293
106293
106293
106293
106293
106293
106293
106293
106293
106293
106293
106293
106293
106293
106293
106294
106294
106294
106294
106294
106294
106294
106294
106294
106294
106294
106294
106294
106294
106294
106294
106294
106294
106294
106294
106294
106294
106294
106294
106294
106294
106294
106294
106294
106294
106294
106294
106294
106294
106294
106294
106294
106294
106294
106294
106294
106294
106294
106294
106294
106294
106294
106294
106294
106294
106294
106294
106294
106294
106294
106294
106294
106294
106294
106294
106294
106294
106294
106294
106294
106294
106294
106294
106294
106294
106294
106294
106294
106294
106294
106294
106294
106294
106294
106294
106294
106299
106313
106336
106388
106444
106501
106529
106531
106531
106531
106550
106575
106601
106623
106637
106646
106649
106649
106649
106649
106649
106650
106651
106651
106651
106651
106651
106651
106651
106651
106651
106651
106651
106651
106651
106651
106651
106651
106651
106651
106651
106651
106651
106651
106651
106651
106651
106651
106651
106651
106651
106651
106651
106651
106651
106651
106651
106651
106651
106651
106651
106651
106651
106651
106651
106651
106651
106651
106651
106651
106651
106651
106651
106651
106651
106651
106651
106651
106651
106651
106651
106651
106651
106651
106651
106651
106651
106651
106651
106651
106651
106651
106651
106651
106651
106651
106651
106651
106651
106651
106651
106651
106651
106651
106651
106651
106651
106651
106651
106651
106651
106651
106651
106651
106651
106651
106651
106651
106651
106651
106651
106651
106651
106651
106651
106651
106651
106651
106651
106651
106651
106651
106651
106651
106651
106651
106651
106651
106651
106651
106651
106651
106651
106651
106651
106652
106657
106657
106657
106657
106657
106657
106657
106657
106657
106657
106657
106657
106657
106657
106657
106657
106657
106657
106657
106657
106657
106657
106657
106657
106657
106657
106657
106657
106657
106657
106657
106657
106657
106657
106657
106657
106657
106657
106657
106657
106657
106661
106674
106689
106700
106713
106731
106752
106779
106811
106843
106874
106904
106935
106955
106982
107006
107015
107019
107019
107019
107019
107019
107019
107019
107019
107019
107019
107019
107019
107019
107019
107019
107019
107019
107019
107019
107019
107019
107019
107023
107024
107024
107024
107024
107024
107024
107024
107024
107024
107024
107024
107024
107024
107024
107024
107024
107024
107024
107024
107024
107024
107024
107024
107024
107024
107024
107024
107024
107024
107024
107024
107024
107024
107024
107024
107024
107024
107024
107024
107024
107024
107024
107024
107024
107024
107024
107024
107024
107024
107024
107024
107024
107024
107024
107024
107024
107024
107024
107024
107024
107024
107024
107024
107024
107024
107024
107024
107024
107024
107024
107024
107024
107024
107024
107024
107024
107024
107024
107024
107024
107024
107024
107024
107024
107024
107024
107024
107024
107024
107024
107024
107024
107024
107024
107024
107024
107024
107024
107024
107024
107024
107024
107024
107024
107024
107024
107024
107024
107024
107024
107024
107024
107024
107024
107024
107024
107024
107024
107024
107024
107024
107024
107024
107024
107024
107024
107024
107024
107024
107024
107024
107024
107024
107024
107024
107024
107024
107024
107024
107024
107024
107024
107024
107024
107024
107024
107024
107024
107024
107024
107024
107024
107024
107024
107024
107024
107024
107024
107024
107024
107024
107024
107024
107024
107024
107024
107024
107024
107024
107024
107024
107024
107024
107024
107024
107024
107024
107024
107024
107024
107024
107024
107024
107024
107024
107024
107024
107024
107024
107024
107024
107024
107024
107024
107024
107024
107024
107024
107024
107024
107024
107024
107024
107024
107024
107024
107024
107024
107024
107024
107024
107024
107024
107024
107024
107024
107024
107024
107024
107024
107024
107024
107024
107024
107024
107024
107024
107024
107024
107024
107024
107024
107024
107024
107024
107024
107024
107024
107024
107024
107024
107024
107024
107024
107024
107024
107024
107024
107024
107024
107024
107024
107026
107040
107053
107070
107096
107126
107151
107168
107169
107169
107174
107190
107190
107190
107190
107190
107190
107190
107190
107190
107190
107190
107190
107190
107190
107190
107190
107190
107190
107190
107190
107190
107190
107190
107190
107190
107190
107190
107190
107190
107206
107214
107221
107227
107232
107239
107239
107239
107239
107239
107239
107239
107239
107239
107239
107239
107239
107239
107239
107239
107239
107239
107239
107239
107239
107239
107239
107239
107239
107239
107239
107239
107239
107239
107239
107239
107239
107239
107239
107239
107239
107239
107239
107239
107239
107239
107239
107239
107239
107239
107239
107248
107280
107329
107371
107430
107459
107483
107511
107531
107547
107574
107630
107706
107764
107792
107812
107815
107815
107815
107815
107815
107815
107815
107815
107815
107815
107815
107815
107815
107815
107815
107816
107819
107825
107826
107826
107826
107826
107826
107826
107826
107826
107826
107826
107826
107826
107828
107835
107842
107846
107849
107849
107849
107849
107849
107850
107854
107865
107883
107905
107936
107966
107997
108031
108058
108087
108117
108146
108183
108219
108248
108312
108396
108479
108537
108599
108657
108714
108770
108816
108882
108973
109054
109110
109158
109210
109258
109298
109339
109368
109394
109411
109422
109433
109445
109456
109467
109505
109522
109559
109629
109677
109693
109700
109702
109704
109730
109761
109770
109776
109777
109785
109807
109807
109807
109807
109830
109877
109930
109965
110007
110026
110026
110026
110026
110026
110026
110026
110026
110026
110026
110028
110056
110122
110180
110189
110205
110221
110239
110261
110306
110342
110381
110421
110457
110502
110541
110578
110619
110656
110701
110749
110784
110821
110835
110842
110850
110860
110866
110869
110869
110869
110869
110869
110869
110869
110869
110869
110869
110869
110869
110869
110869
110869
110869
110869
110869
110869
110869
110869
110869
110869
110869
110871
110899
110923
110936
110949
110950
110950
110950
110950
110950
110950
110950
110950
110950
110950
110950
110950
110950
110950
110950
110950
110950
110950
110950
110950
110950
110950
110950
110950
110950
110950
110950
110950
110950
110950
110950
110950
110950
110950
110950
110950
110950
110950
110950
110952
110954
110956
110964
110974
110992
111002
111006
111008
111009
111009
111010
111011
111011
111011
111011
111011
111011
111011
111011
111011
111011
111011
111011
111011
111011
111011
111011
111011
111011
111011
111014
111020
111028
111040
111047
111053
111061
111066
111070
111080
111089
111099
111107
111121
111135
111149
111174
111198
111218
111220
111220
111220
111220
111220
111220
111220
111220
111220
111220
111220
111220
111220
111220
111220
111220
111220
111220
111220
111220
111220
111220
111220
111220
111220
111220
111220
111220
111220
111220
111220
111220
111220
111220
111220
111220
111220
111220
111221
111235
111243
111243
111244
111251
111253
111253
111253
111253
111253
111253
111253
111253
111253
111253
111256
111256
111256
111256
111256
111256
111256
111256
111256
111256
111256
111256
111256
111256
111256
111256
111256
111256
111256
111256
111256
111256
111256
111256
111256
111256
111256
111256
111256
111256
111256
111256
111256
111256
111256
111256
111256
111256
111256
111256
111256
111256
111256
111256
111256
111256
111257
111257
111257
111257
111257
111257
111257
111265
111290
111323
111362
111418
111477
111536
111582
111627
111661
111699
111729
111764
111808
111864
111923
111982
112013
112035
112044
112044
112044
112044
112044
112044
112055
112061
112077
112104
112116
112128
112136
112147
112156
112166
112174
112180
112186
112194
112200
112206
112211
112213
112217
112220
112222
112223
112226
112233
112244
112259
112277
112300
112316
112346
112377
112409
112444
112487
112529
112577
112626
112661
112730
112810
112869
112927
112988
113045
113127
113221
113279
113340
113397
113457
113516
113570
113630
113689
113749
113802
113864
113915
113951
114002
114049
114094
114135
114181
114216
114240
114269
114299
114327
114330
114330
114330
114330
114331
114344
114387
114434
114479
114514
114547
114588
114611
114615
114615
114615
114615
114615
114615
114615
114616
114620
114629
114652
114666
114704
114738
114747
114748
114748
114748
114748
114748
114748
114750
114751
114754
114760
114765
114767
114775
114791
114804
114807
114807
114807
114807
114807
114807
114807
114807
114807
114807
114807
114807
114807
114807
114807
114807
114807
114807
114807
114807
114807
114807
114807
114807
114807
114807
114807
114807
114807
114807
114807
114807
114807
114807
114807
114807
114807
114807
114807
114807
114807
114807
114807
114807
114807
114807
114807
114807
114807
114807
114807
114807
114807
114807
114807
114807
114807
114807
114807
114807
114807
114807
114807
114807
114807
114807
114807
114807
114807
114807
114807
114807
114807
114807
114807
114807
114807
114807
114807
114807
114807
114807
114807
114807
114807
114807
114807
114807
114807
114807
114807
114807
114807
114807
114807
114807
114807
114807
114807
114807
114807
114807
114807
114807
114807
114807
114807
114807
114807
114807
114807
114807
114807
114807
114807
114807
114807
114807
114812
114833
114857
114858
114858
114859
114875
114932
114986
115054
115114
115169
115222
115285
115340
115388
115437
115482
115531
115581
115610
115629
115639
115643
115643
115643
115643
115643
115643
115643
115643
115643
115643
115643
115643
115643
115643
115643
115643
115643
115643
115643
115643
115643
115643
115643
115643
115643
115643
115643
115643
115643
115643
115643
115648
115662
115674
115695
115713
115727
115735
115739
115740
115740
115740
115740
115740
115740
115740
115740
115740
115740
115740
115740
115740
115740
115740
115740
115740
115740
115740
115740
115740
115740
115740
115740
115740
115740
115740
115740
115740
115740
115740
115740
115740
115740
115740
115740
115742
115744
115747
115747
115747
115754
115758
115758
115758
115758
115758
115758
115758
115758
115758
115758
115758
115758
115758
115758
115758
115758
115758
115758
115758
115758
115758
115758
115758
115758
115758
115758
115758
115758
115758
115758
115758
115758
115758
115758
115758
115758
115758
115758
115758
115758
115758
115758
115758
115758
115758
115758
115758
115758
115758
115758
115758
115758
115758
115758
115758
115758
115758
115758
115758
115758
115758
115758
115758
115758
115758
115758
115758
115758
115758
115758
115758
115758
115758
115758
115758
115758
115758
115758
115758
115758
115758
115758
115758
115758
115758
115758
115758
115758
115758
115758
115758
115758
115758
115758
115758
115758
115758
115758
115758
115758
115758
115758
115758
115758
115758
115758
115758
115758
115758
115758
115758
115758
115758
115758
115758
115758
115758
115758
115758
115758
115758
115758
115758
115758
115758
115758
115758
115758
115758
115758
115758
115758
115758
115758
115758
115758
115758
115758
115758
115758
115758
115758
115758
115758
115758
115758
115758
115758
115758
115758
115758
115758
115758
115758
115758
115758
115758
115758
115758
115758
115758
115758
115758
115758
115758
115758
115758
115758
115758
115758
115758
115758
115758
115758
115758
115758
115758
115758
115758
115758
115758
115758
115758
115758
115758
115758
115758
115758
115758
115758
115758
115758
115758
115758
115758
115758
115758
115758
115758
115758
115758
115758
115758
115758
115758
115758
115758
115758
115758
115758
115758
115758
115758
115758
115758
115758
115758
115758
115758
115758
115758
115758
115758
115758
115758
115758
115758
115758
115758
115758
115758
115758
115758
115758
115758
115758
115758
115758
115758
115758
115758
115758
115758
115758
115758
115760
115768
115780
115792
115802
115810
115814
115822
115829
115837
115851
115870
115887
115899
115909
115910
115911
115915
115919
115924
115928
115939
115950
115960
115968
115976
115979
115984
115985
115985
115985
115985
115985
115985
115985
115985
115985
115985
115985
115985
115985
115987
115992
115996
116000
116002
116004
116006
116008
116010
116010
116010
116010
116010
116010
116010
116010
116010
116010
116010
116010
116010
116010
116010
116010
116010
116010
116010
116010
116010
116010
116010
116010
116010
116010
116010
116010
116010
116010
116010
116010
116010
116010
116010
116010
116010
116010
116010
116010
116010
116010
116026
116055
116067
116079
116080
116080
116080
116080
116080
116080
116080
116080
116080
116080
116080
116080
116080
116080
116080
116080
116080
116080
116080
116080
116080
116080
116080
116080
116080
116080
116080
116080
116080
116080
116080
116080
116080
116080
116080
116080
116080
116080
116080
116080
116080
116080
116080
116080
116080
116080
116080
116080
116080
116080
116080
116080
116080
116080
116080
116080
116080
116080
116080
116080
116080
116080
116080
116080
116080
116080
116080
116080
116080
116080
116080
116080
116080
116080
116080
116080
116080
116080
116080
116080
116080
116080
116080
116080
116080
116080
116080
116080
116080
116080
116080
116080
116080
116080
116080
116080
116080
116080
116080
116080
116080
116080
116080
116080
116080
116080
116080
116080
116080
116080
116080
116080
116080
116080
116080
116080
116080
116080
116080
116080
116080
116080
116080
116080
116080
116080
116080
116080
116080
116080
116080
116080
116080
116080
116080
116080
116080
116080
116080
116080
116080
116080
116080
116080
116080
116080
116080
116080
116080
116080
116080
116080
116080
116080
116080
116080
116080
116080
116080
116080
116080
116080
116080
116080
116080
116080
116080
116080
116080
116080
116080
116080
116080
116080
116080
116080
116080
116080
116080
116080
116080
116080
116080
116080
116080
116080
116080
116080
116080
116080
116080
116080
116080
116080
116080
116080
116080
116080
116080
116080
116080
116080
116080
116080
116080
116080
116080
116080
116080
116080
116080
116080
116080
116080
116080
116080
116080
116080
116080
116080
116080
116080
116080
116080
116080
116080
116080
116080
116080
116080
116080
116080
116080
116080
116080
116080
116080
116080
116080
116080
116080
116080
116080
116080
116080
116080
116080
116080
116080
116080
116080
116080
116080
116080
116080
116080
116080
116080
116080
116080
116080
116080
116080
116080
116080
116080
116080
116080
116080
116080
116080
116080
116080
116080
116080
116080
116080
116080
116080
116080
116080
116080
116080
116080
116080
116080
116080
116080
116080
116080
116080
116080
116080
116080
116080
116080
116080
116080
116080
116080
116080
116080
116080
116080
116080
116080
116080
116080
116080
116080
116080
116080
116080
116080
116080
116080
116080
116080
116080
116080
116080
116080
116080
116080
116080
116080
116080
116080
116080
116080
116080
116080
116080
116080
116080
116080
116080
116080
116080
116080
116080
116080
116080
116080
116088
116098
116110
116121
116133
116144
116150
116154
116157
116159
116163
116169
116169
116169
116169
116169
116169
116169
116169
116169
116169
116169
116169
116169
116169
116169
116169
116169
116169
116169
116169
116169
116169
116169
116169
116169
116169
116169
116169
116169
116169
116169
116169
116169
116169
116169
116169
116169
116169
116169
116169
116169
116169
116175
116214
116257
116302
116367
116444
116507
116564
116624
116680
116733
116811
116904
116965
117023
117067
117089
117101
117108
117108
117108
117108
117120
117145
117172
117190
117195
117195
117195
117195
117195
117195
117195
117195
117195
117195
117195
117195
117195
117197
117207
117215
117218
117218
117218
117218
117218
117224
117234
117234
117234
117234
117234
117234
117234
117234
117234
117234
117234
117234
117234
117234
117234
117234
117234
117235
117236
117236
117236
117236
117236
117236
117236
117236
117236
117236
117236
117236
117236
117236
117236
117236
117236
117236
117236
117236
117236
117236
117236
117236
117236
117236
117236
117236
117236
117236
117236
117236
117236
117236
117236
117236
117236
117236
117236
117236
117236
117236
117236
117236
117236
117236
117236
117236
117236
117236
117236
117236
117236
117236
117236
117236
117236
117236
117236
117236
117236
117236
117236
117236
117236
117236
117236
117236
117236
117236
117236
117236
117236
117236
117236
117236
117236
117236
117236
117236
117236
117236
117236
117236
117236
117236
117236
117236
117236
117236
117236
117236
117236
117236
117236
117236
117236
117236
117236
117236
117236
117236
117236
117236
117236
117236
117236
117236
117236
117236
117236
117236
117236
117236
117236
117236
117236
117236
117236
117236
117236
117236
117236
117236
117236
117236
117236
117236
117236
117236
117236
117236
117236
117236
117236
117236
117236
117236
117236
117236
117236
117236
117236
117236
117236
117236
117236
117236
117236
117236
117236
117236
117236
117236
117236
117236
117236
117236
117236
117236
117236
117236
117236
117236
117236
117236
117236
117236
117236
117236
117236
117236
117236
117236
117236
117236
117236
117236
117236
117236
117236
117236
117236
117236
117236
117236
117236
117236
117236
117236
117236
117236
117236
117236
117236
117236
117236
117236
117236
117236
117236
117236
117236
117236
117236
117236
117236
117236
117236
117236
117236
117236
117236
117236
117236
117236
117236
117236
117236
117236
117236
117236
117236
117236
117236
117236
117236
117236
117236
117236
117236
117236
117236
117236
117236
117236
117236
117236
117236
117236
117236
117236
117236
117236
117236
117236
117236
117236
117236
117236
117236
117236
117236
117236
117236
117236
117236
117236
117236
117236
117236
117236
117236
117236
117236
117236
117236
117236
117236
117236
117236
117236
117236
117236
117236
117236
117236
117236
117236
117236
117236
117236
117236
117236
117236
117236
117236
117236
117236
117236
117236
117236
117236
117236
117236
117236
117236
117236
117236
117236
117236
117236
117236
117236
117236
117236
117236
117236
117236
117236
117236
117236
117236
117236
117236
117236
117236
117236
117236
117236
117236
117236
117236
117236
117236
117236
117236
117236
117236
117236
117236
117236
117236
117236
117236
117236
117236
117236
117236
117236
117236
117236
117236
117236
117236
117236
117236
117236
117236
117236
117236
117236
117236
117236
117236
117236
117236
117236
117236
117236
117236
117236
117236
117236
117236
117236
117236
117236
117236
117236
117236
117236
117236
117236
117236
117236
117236
117236
117236
117236
117236
117236
117236
117236
117236
117236
117236
117236
117236
117236
117236
117236
117236
117236
117236
117236
117236
117236
117236
117236
117236
117236
117236
117236
117236
117236
117236
117236
117236
117236
117236
117236
117236
117236
117236
117236
117241
117262
117293
117324
117337
117348
117351
117352
117356
117363
117371
117371
117371
117371
117371
117371
117371
117371
117371
117371
117371
117371
117371
117371
117375
117383
117388
117391
117391
117399
117402
117402
117402
117402
117402
117402
117402
117402
117402
117402
117402
117402
117402
117402
117402
117402
117402
117402
117402
117402
117402
117402
117402
117402
117402
117402
117402
117402
117402
117402
117402
117402
117402
117402
117402
117402
117402
117402
117402
117402
117402
117402
117402
117402
117402
117402
117402
117402
117402
117402
117402
117402
117402
117402
117402
117402
117402
117402
117402
117402
117402
117402
117402
117402
117402
117402
117402
117402
117402
117402
117402
117402
117402
117402
117402
117402
117402
117402
117402
117402
117402
117402
117402
117402
117402
117402
117402
117402
117402
117402
117402
117402
117402
117402
117402
117402
117402
117402
117402
117402
117402
117402
117402
117402
117402
117402
117402
117402
117402
117402
117402
117402
117402
117402
117402
117402
117402
117402
117402
117402
117402
117402
117402
117402
117402
117402
117402
117402
117402
117402
117402
117402
117402
117402
117402
117402
117402
117402
117402
117402
117402
117402
117402
117402
117402
117402
117402
117402
117402
117402
117402
117402
117402
117402
117402
117402
117402
117402
117402
117402
117402
117402
117402
117402
117402
117402
117402
117402
117402
117402
117402
117402
117402
117402
117402
117402
117402
117402
117402
117402
117402
117402
117402
117402
117402
117402
117402
117402
117402
117402
117402
117402
117402
117402
117402
117402
117402
117402
117402
117402
117402
117402
117402
117402
117402
117402
117402
117402
117402
117402
117402
117402
117402
117402
117402
117402
117402
117402
117402
117402
117402
117402
117402
117402
117402
117402
117402
117402
117402
117402
117402
117402
117402
117402
117402
117402
117402
117402
117402
117402
117402
117402
117402
117402
117402
117402
117402
117402
117402
117402
117402
117402
117402
117402
117402
117402
117402
117402
117402
117402
117402
117402
117402
117402
117402
117402
117402
117402
117402
117402
117402
117402
117402
117402
117402
117402
117402
117402
117402
117402
117402
117402
117402
117402
117402
117402
117402
117402
117402
117402
117402
117402
117402
117402
117402
117402
117402
117402
117402
117402
117402
117402
117402
117402
117402
117402
117402
117402
117402
117402
117402
117402
117402
117402
117402
117402
117402
117402
117402
117402
117402
117402
117402
117402
117402
117402
117402
117402
117402
117402
117402
117402
117402
117402
117402
117402
117402
117402
117402
117402
117402
117402
117402
117402
117402
117402
117402
117402
117402
117402
117402
117402
117402
117402
117402
117402
117402
117402
117402
117402
117402
117402
117402
117402
117402
117402
117402
117402
117402
117402
117402
117402
117402
117402
117402
117402
117402
117402
117402
117402
117402
117402
117402
117402
117402
117402
117402
117402
117402
117402
117402
117402
117402
117402
117402
117402
117402
117402
117402
117402
117402
117402
117402
117402
117402
117402
117402
117402
117402
117402
117402
117402
117402
117402
117402
117402
117402
117402
117402
117402
117402
117402
117402
117402
117402
117402
117402
117402
117402
117402
117402
117402
117402
117402
117402
117402
117402
117402
117402
117402
117402
117402
117402
117402
117402
117402
117402
117402
117402
117402
117402
117402
117402
117402
117408
117425
117441
117460
117468
117468
117468
117468
117468
117468
117483
117524
117568
117587
117643
117687
117694
117694
117694
117694
117694
117694
117694
117694
117694
117694
117694
117694
117694
117694
117694
117694
117694
117694
117694
117694
117695
117700
117709
117709
117709
117709
117710
117710
117712
117713
117713
117713
117713
117713
117713
117713
117713
117713
117713
117713
117713
117713
117713
117713
117713
117713
117713
117713
117713
117713
117713
117713
117713
117713
117713
117713
117713
117713
117713
117713
117713
117713
117713
117713
117713
117713
117713
117713
117713
117713
117713
117713
117713
117713
117713
117713
117713
117713
117713
117713
117713
117713
117713
117713
117713
117713
117713
117713
117713
117713
117713
117713
117713
117713
117713
117713
117713
117713
117713
117713
117713
117713
117713
117713
117713
117713
117713
117713
117713
117713
117731
117775
117832
117886
117939
117997
118053
118105
118136
118137
118137
118145
118180
118214
118252
118290
118306
118325
118336
118345
118351
118354
118354
118354
118354
118354
118354
118354
118354
118354
118354
118354
118354
118354
118354
118354
118354
118354
118354
118354
118367
118391
118425
118456
118467
118473
118476
118477
118477
118477
118477
118477
118477
118477
118477
118477
118477
118477
118477
118477
118477
118477
118477
118477
118477
118477
118477
118477
118477
118477
118477
118477
118477
118477
118477
118477
118477
118477
118477
118477
118477
118477
118477
118477
118477
118477
118477
118477
118477
118477
118477
118477
118477
118477
118477
118477
118477
118477
118477
118477
118477
118477
118477
118477
118477
118477
118477
118477
118477
118477
118477
118477
118477
118477
118477
118477
118477
118477
118477
118477
118477
118477
118477
118477
118477
118477
118477
118477
118477
118477
118477
118477
118477
118477
118477
118477
118477
118477
118477
118477
118477
118477
118477
118477
118477
118477
118477
118477
118477
118477
118477
118477
118477
118477
118477
118477
118477
118477
118477
118477
118477
118477
118477
118477
118477
118477
118477
118477
118477
118477
118477
118477
118477
118477
118477
118477
118477
118477
118477
118477
118477
118477
118477
118477
118477
118477
118477
118477
118477
118477
118477
118477
118477
118477
118477
118477
118482
118493
118511
118536
118558
118573
118573
118573
118573
118573
118573
118573
118573
118573
118573
118573
118573
118573
118573
118573
118573
118573
118573
118573
118573
118573
118573
118573
118573
118573
118573
118573
118573
118573
118573
118573
118581
118607
118639
118668
118706
118720
118734
118748
118763
118812
118863
118886
118911
118937
118964
118981
118995
118997
118997
118997
118997
118997
118997
118997
118997
118997
118997
118997
118997
118997
118997
118997
118997
118997
118997
118997
118997
118997
118997
118997
119007
119028
119053
119053
119053
119062
119131
119178
119251
119317
119372
119381
119382
119382
119382
119382
119382
119382
119382
119382
119382
119382
119382
119382
119382
119382
119382
119382
119382
119382
119382
119382
119382
119382
119382
119382
119382
119386
119395
119402
119402
119402
119402
119402
119402
119402
119402
119402
119402
119402
119402
119402
119402
119403
119407
119408
119408
119409
119409
119409
119409
119409
119409
119409
119409
119409
119409
119409
119409
119409
119409
119409
119409
119409
119409
119409
119409
119409
119409
119409
119409
119409
119409
119409
119409
119409
119409
119409
119409
119409
119409
119409
119409
119409
119409
119409
119409
119409
119409
119409
119409
119409
119409
119409
119409
119409
119409
119409
119409
119409
119409
119409
119409
119409
119409
119409
119409
119409
119409
119409
119409
119409
119409
119409
119409
119409
119409
119409
119409
119409
119409
119409
119409
119409
119409
119409
119409
119409
119409
119409
119409
119409
119409
119409
119409
119409
119409
119409
119409
119409
119409
119409
119409
119409
119409
119409
119409
119409
119409
119409
119409
119409
119409
119409
119409
119409
119409
119409
119409
119409
119409
119409
119409
119409
119409
119409
119409
119409
119409
119409
119409
119409
119409
119409
119409
119409
119409
119409
119409
119409
119409
119409
119409
119409
119409
119409
119409
119409
119409
119409
119409
119409
119409
119409
119409
119409
119409
119409
119409
119409
119409
119409
119409
119409
119409
119409
119409
119409
119409
119409
119409
119409
119409
119409
119409
119409
119409
119409
119409
119409
119409
119409
119409
119409
119409
119409
119409
119409
119409
119409
119409
119409
119409
119409
119409
119409
119409
119409
119409
119409
119409
119409
119409
119409
119409
119409
119409
119409
119409
119409
119409
119409
119409
119409
119409
119409
119409
119409
119409
119409
119409
119409
119409
119409
119409
119409
119409
119409
119409
119409
119409
119409
119409
119409
119409
119409
119409
119409
119409
119409
119409
119409
119409
119409
119409
119409
119409
119409
119409
119409
119409
119409
119409
119409
119409
119409
119409
119409
119409
119409
119409
119409
119409
119409
119409
119409
119409
119409
119409
119409
119409
119409
119409
119409
119409
119409
119409
119409
119409
119409
119409
119409
119409
119409
119409
119409
119409
119409
119409
119409
119409
119409
119409
119409
119409
119409
119409
119409
119409
119409
119409
119409
119409
119409
119409
119409
119409
119409
119409
119409
119409
119409
119409
119409
119409
119409
119409
119409
119409
119409
119409
119409
119409
119409
119409
119409
119409
119409
119409
119409
119409
119409
119409
119409
119409
119409
119409
119409
119409
119409
119409
119409
119409
119409
119409
119409
119409
119409
119409
119409
119409
119409
119409
119409
119409
119409
119409
119409
119409
119409
119409
119409
119409
119409
119409
119409
119409
119409
119409
119409
119409
119409
119409
119409
119409
119409
119409
119409
119409
119409
119409
119409
119409
119409
119409
119409
119409
119409
119409
119409
119409
119409
119409
119409
119409
119409
119409
119409
119409
119409
119409
119409
119409
119409
119409
119409
119409
119409
119409
119409
119409
119409
119409
119409
119409
119409
119409
119409
119409
119409
119409
119409
119409
119409
119409
119409
119409
119409
119409
119409
119409
119409
119409
119409
119409
119409
119409
119409
119409
119409
119409
119409
119409
119409
119409
119409
119409
119409
119409
119409
119409
119409
119409
119409
119409
119409
119409
119409
119409
119409
119422
119424
119424
119429
119440
119452
119467
119481
119500
119516
119530
119539
119549
119554
119554
119554
119554
119554
119554
119554
119554
119554
119554
119554
119554
119554
119554
119554
119554
119554
119554
119554
119554
119554
119554
119554
119554
119554
119554
119554
119554
119554
119554
119554
119554
119554
119554
119554
119554
119554
119554
119554
119554
119570
119609
119641
119666
119684
119700
119715
119728
119733
119747
119781
119830
119846
119846
119846
119846
119846
119846
119846
119846
119846
119848
119856
119864
119873
119888
119898
119932
119957
119976
119983
119991
119998
119999
119999
119999
119999
119999
119999
119999
119999
119999
119999
119999
119999
119999
119999
119999
119999
119999
119999
119999
119999
119999
119999
119999
119999
119999
119999
119999
119999
119999
119999
119999
119999
119999
119999
119999
119999
119999
119999
119999
119999
119999
119999
119999
119999
119999
119999
119999
119999
119999
119999
119999
119999
119999
119999
119999
119999
119999
119999
119999
119999
119999
119999
119999
119999
119999
119999
119999
119999
119999
119999
119999
119999
119999
119999
119999
119999
119999
119999
119999
119999
119999
119999
119999
119999
119999
119999
119999
119999
119999
119999
119999
119999
119999
119999
119999
119999
119999
119999
119999
119999
119999
119999
119999
119999
119999
119999
119999
119999
119999
119999
119999
119999
119999
119999
119999
119999
119999
119999
119999
119999
119999
119999
119999
119999
119999
119999
119999
119999
119999
119999
119999
119999
119999
119999
119999
119999
119999
119999
119999
119999
119999
119999
119999
119999
119999
119999
119999
119999
119999
119999
119999
119999
119999
119999
119999
119999
119999
119999
119999
119999
119999
119999
119999
119999
119999
119999
119999
119999
119999
119999
119999
119999
119999
119999
119999
119999
119999
119999
119999
119999
119999
119999
119999
119999
119999
119999
119999
119999
119999
119999
119999
119999
119999
119999
119999
119999
119999
119999
119999
119999
119999
119999
119999
119999
119999
119999
119999
119999
119999
119999
119999
119999
119999
119999
119999
119999
119999
119999
119999
119999
119999
119999
119999
119999
119999
119999
119999
119999
119999
119999
119999
119999
119999
119999
119999
119999
119999
119999
119999
119999
119999
119999
119999
119999
119999
119999
119999
119999
119999
119999
119999
119999
119999
119999
119999
119999
119999
119999
119999
119999
119999
119999
119999
119999
119999
119999
119999
119999
119999
119999
119999
119999
119999
119999
119999
119999
119999
119999
119999
119999
119999
119999
119999
119999
119999
119999
119999
119999
119999
119999
119999
119999
119999
119999
119999
119999
119999
119999
119999
119999
119999
119999
119999
119999
119999
119999
119999
119999
119999
119999
119999
119999
119999
119999
119999
119999
119999
119999
119999
119999
119999
119999
119999
119999
119999
119999
119999
119999
119999
119999
119999
119999
119999
119999
119999
119999
119999
119999
119999
119999
119999
119999
119999
119999
119999
119999
119999
119999
119999
119999
119999
119999
119999
119999
119999
119999
119999
119999
119999
119999
119999
119999
119999
119999
119999
119999
119999
119999
119999
119999
119999
119999
119999
119999
119999
119999
119999
119999
119999
119999
119999
119999
119999
119999
119999
119999
119999
119999
119999
119999
119999
119999
119999
119999
119999
119999
119999
119999
119999
119999
119999
119999
119999
119999
119999
119999
119999
119999
119999
119999
119999
119999
119999
119999
119999
119999
119999
119999
119999
119999
119999
119999
119999
119999
119999
119999
119999
119999
119999
119999
119999
119999
119999
119999
119999
119999
119999
119999
119999
119999
119999
119999
119999
119999
119999
119999
119999
119999
119999
119999
119999
119999
119999
119999
119999
119999
119999
119999
119999
119999
119999
119999
119999
119999
119999
119999
119999
119999
119999
119999
119999
119999
119999
119999
119999
119999
119999
119999
119999
119999
119999
119999
119999
119999
119999
119999
119999
119999
119999
119999
119999
119999
119999
119999
119999
119999
119999
119999
119999
119999
119999
119999
119999
119999
119999
119999
119999
119999
119999
119999
119999
119999
119999
119999
119999
119999
119999
119999
119999
119999
119999
119999
119999
119999
119999
119999
119999
119999
119999
119999
119999
119999
119999
119999
119999
119999
119999
119999
119999
119999
119999
119999
119999
119999
119999
119999
119999
119999
119999
119999
119999
119999
119999
119999
119999
119999
119999
119999
119999
119999
119999
119999
119999
119999
119999
119999
119999
119999
119999
119999
119999
119999
119999
119999
119999
119999
119999
119999
119999
119999
119999
119999
119999
119999
119999
119999
119999
119999
119999
119999
119999
119999
119999
119999
119999
119999
119999
119999
119999
119999
119999
119999
119999
119999
119999
119999
119999
119999
119999
119999
119999
119999
119999
119999
119999
119999
119999
119999
119999
119999
119999
119999
119999
119999
119999
119999
119999
119999
119999
119999
119999
119999
119999
119999
119999
119999
119999
119999
119999
119999
119999
120000
120000
120000
120000
120000
120000
120000
120000
120000
120000
120000
120000
120000
120000
120000
120000
120000
120000
120000
120000
120000
120000
120000
120000
120000
120000
120000
120000
120000
120000
120000
120000
120000
120000
120000
120000
120000
120000
120000
120000
120000
120000
120000
120000
120000
120000
120000
120000
120000
120000
120000
120000
120000
120000
120000
120000
120000
120000
120000
120000
120000
120000
120000
120000
120000
120000
120000
120000
120000
120000
120000
120000
120000
120000
120000
120000
120000
120000
120000
120000
120000
120000
120000
120000
120000
120000
120000
120000
120000
120000
120000
120000
120000
120000
120000
120000
120000
120000
120000
120000
120000
120000
120000
120000
120000
120000
120000
120000
120000
120000
120000
120000
120000
120000
120000
120000
120000
120000
120000
120000
120000
120000
120000
120000
120000
120000
120000
120000
120000
120000
120000
120000
120000
120000
120000
120000
120000
120000
120000
120000
120000
120000
120000
120000
120000
120000
120000
120000
120000
120000
120000
120000
120000
120000
120000
120000
120000
120000
120000
120000
120000
120000
120000
120000
120000
120000
120000
120000
120000
120000
120000
120000
120000
120000
120000
120000
120000
120000
120000
120000
120000
120000
120000
120000
120000
120000
120000
120000
120000
120000
120000
120000
120000
120000
120000
120000
120000
120000
120000
120000
120000
120000
120000
120000
120000
120000
120000
120000
120000
120000
120000
120000
120000
120000
120000
120000
120000
120000
120000
120000
120000
120000
120000
120000
120000
120000
120000
120000
120000
120000
120000
120000
120000
120000
120000
120000
120000
120000
120000
120000
120000
120000
120000
120000
120000
120000
120000
120000
120000
120000
120000
120000
120000
120000
120000
120000
120000
120000
120000
120000
120000
120000
120000
120000
120000
120000
120000
120000
120000
120000
120000
120000
120000
120000
120000
120000
120000
120000
120000
120000
120000
120000
120000
120000
120000
120000
120000
120000
120000
120000
120000
120000
120000
120000
120000
120000
120000
120000
120000
120000
120000
120000
120000
120000
120000
120000
120000
120000
120000
120000
120000
120000
120000
120000
120000
120000
120000
120000
120000
120000
120000
120000
120000
120000
120000
120000
120000
120000
120000
120000
120000
120000
120000
120000
120000
120000
120000
120000
120000
120000
120000
120000
120000
120000
120000
120000
120000
120000
120000
120000
120000
120000
120000
120000
120000
120000
120000
120000
120000
120000
120000
120000
120000
120000
120000
120000
120000
120000
120000
120000
120000
120000
120000
120000
120000
120000
120000
120000
120000
120000
120000
120000
120000
120000
120000
120000
120000
120000
120000
120000
120000
120000
120000
120000
120000
120000
120000
120000
120000
120000
120000
120000
120000
120000
120000
120000
120000
120000
120000
120000
120000
120000
120000
120000
120000
120000
120000
120000
120000
120000
120000
120000
120000
120000
120000
120000
120000
120000
120000
120000
120000
120000
120000
120000
120000
120000
120000
120000
120000
120000
120000
120000
120000
120000
120000
120000
120000
120000
120000
120000
120000
120000
120000
120000
120000
120000
120000
120000
120000
120000
120000
120000
120000
120000
120000
120000
120000
120000
120000
120000
120000
120000
120000
120000
120000
120000
120000
120000
120000
120000
120000
120000
120000
120000
120000
120000
120000
120000
120000
120000
120000
120000
120000
120000
120000
120000
120000
120000
120000
120000
120000
120000
120000
120000
120000
120000
120000
120000
120000
120000
120000
120000
120000
120000
120000
120000
120000
120000
120000
120000
120000
120000
120000
120000
120000
120000
120000
120000
120000
120000
120000
120000
120000
120000
120000
120000
120000
120000
120000
120000
120000
120000
120000
120000
120000
120000
120000
120000
120000
120000
120000
120000
120000
120000
120000
120000
120000
120000
120000
120000
120000
120000
120000
120000
120000
120000
120000
120000
120000
120000
120000
120000
120000
120000
120000
120000
120000
120000
120000
120000
120000
120000
120000
120000
120000
120000
120000
120000
120000
120000
120000
120000
120000
120000
120000
120000
120000
120000
120000
120000
120000
120000
120000
120000
120000
120000
120000
120000
120000
120000
120000
120000
120000
120000
120000
120000
120000
120000
120000
120000
120000
120000
120000
120000
120000
120000
120000
120000
120000
120000
120000
120000
120000
120000
120000
120000
120000
120000
120000
120000
120000
120000
120000
120000
120000
120000
120000
120000
120000
120000
120000
120000
120000
120000
120000
120000
120000
120000
120000
120000
120000
120000
120000
120000
