Time needed: 1125.67 s
Distance travelled: 1778.09 m
Total rotation: 36965.8°
Objects found after: 57.00 s, 92.63 s, 363.97 s

+++ following progress ticks +++
463
540
686
779
863
951
991
1048
1109
1164
1220
1279
1324
1400
1495
1555
1610
1668
1728
1789
1837
1898
1954
2015
2064
2143
2222
2282
2335
2393
2453
2490
2571
2663
2728
2786
2845
2905
2986
3051
3111
3167
3228
3283
3329
3386
3446
3503
3563
3620
3681
3737
3795
3853
3908
3967
4026
4072
4160
4252
4310
4371
4428
4468
4531
4589
4648
4705
4763
4822
4881
4920
4991
5076
5134
5185
5246
5304
5363
5423
5479
5538
5595
5651
5711
5760
5851
5918
5976
6034
6090
6148
6207
6262
6339
6403
6462
6523
6578
6633
6686
6734
6761
6790
6813
6841
6893
6948
6985
7017
7045
7076
7103
7137
7167
7194
7223
7250
7277
7294
7351
7427
7477
7523
7569
7615
7662
7711
7761
7812
7857
7899
7934
7970
8003
8037
8070
8100
8132
8152
8205
8286
8364
8422
8480
8538
8597
8656
8718
8801
8880
8937
8976
9007
9035
9065
9118
9180
9265
9364
9427
9468
9522
9560
9607
9641
9667
9695
9720
9755
9816
9889
9935
9980
10010
10041
10067
10091
10111
10130
10147
10165
10201
10238
10265
10291
10318
10342
10368
10395
10428
10460
10492
10524
10556
10594
10640
10680
10721
10762
10799
10844
10887
10930
10974
11019
11064
11109
11153
11196
11270
11351
11450
11518
11577
11634
11695
11753
11811
11897
11976
12032
12088
12147
12205
12266
12300
12375
12435
12491
12550
12607
12664
12725
12775
12833
12893
12951
13010
13067
13126
13185
13244
13286
13365
13455
13528
13588
13647
13701
13792
13853
13912
13973
14030
14071
14157
14237
14292
14352
14395
14455
14514
14574
14632
14690
14747
14791
14870
14948
15008
15066
15125
15180
15236
15280
15352
15387
15485
15587
15685
15747
15854
15958
16022
16080
16139
16196
16252
16310
16351
16433
16521
16595
16655
16710
16764
16822
16883
16948
17004
17064
17120
17178
17239
17300
17348
17421
17510
17598
17648
17713
17772
17828
17886
17946
18006
18063
18119
18168
18260
18348
18419
18476
18536
18596
18638
18721
18812
18892
18950
19001
19078
19182
19251
19308
19366
19424
19478
19545
19605
19664
19721
19779
19823
19902
19995
20089
20147
20206
20261
20344
20417
20476
20533
20641
20746
20808
20875
20941
20997
21055
21114
21171
21229
21285
21346
21398
21458
21519
21576
21623
21682
21742
21801
21861
21919
21978
22049
22137
22194
22251
22311
22370
22426
22466
22536
22602
22652
22693
22730
22766
22803
22847
22889
22904
22904
22904
22904
22905
22905
22905
22905
22905
22905
22905
22905
22907
22912
22918
22926
22933
22954
23000
23031
23078
23129
23169
23213
23257
23298
23338
23379
23411
23467
23470
23524
23575
23622
23671
23725
23778
23834
23887
23928
23966
23996
24029
24059
24090
24115
24134
24150
24169
24183
24193
24200
24214
24261
24321
24357
24444
24540
24626
24680
24725
24769
24798
24848
24894
24936
24981
25025
25069
25109
25154
25200
25249
25301
25342
25401
25462
25518
25576
25635
25687
25742
25785
25864
25955
26011
26086
26188
26298
26379
26448
26562
26667
26753
26813
26871
26929
26986
27033
27110
27201
27261
27314
27365
27418
27452
27486
27507
27518
27521
27522
27522
27522
27522
27522
27522
27522
27522
27522
27527
27555
27589
27617
27658
27708
27720
27729
27745
27809
27842
27865
27889
27911
27931
27950
27961
27971
27981
27988
27994
27996
28022
28072
28121
28147
28171
28202
28206
28206
28206
28206
28206
28206
28206
28206
28206
28206
28206
28206
28206
28218
28246
28290
28346
28403
28462
28504
28565
28623
28680
28741
28797
28870
28929
28987
29041
29100
29158
29216
29274
29332
29389
29447
29506
29553
29632
29693
29741
29799
29858
29917
29974
30033
30090
30150
30206
30257
30349
30420
30473
30550
30606
30667
30727
30784
30839
30898
30946
31014
31074
31130
31187
31242
31316
31405
31464
31518
31585
31668
31753
31817
31879
31936
31974
32048
32143
32212
32270
32328
32387
32444
32493
32551
32608
32667
32719
32738
32742
32742
32742
32742
32742
32742
32744
32754
32781
32813
32866
32915
32971
33046
33128
33189
33228
33268
33308
33354
33407
33451
33491
33566
33663
33768
33841
33897
33944
34010
34067
34127
34165
34237
34296
34356
34413
34471
34529
34590
34657
34714
34773
34820
34890
34950
35008
35065
35122
35157
35207
35253
35289
35303
35309
35312
35318
35328
35328
35328
35328
35342
35354
35354
35354
35354
35354
35354
35356
35368
35414
35492
35532
35595
35671
35753
35856
35950
35997
36055
36102
36147
36188
36223
36254
36273
36299
36320
36325
36325
36325
36325
36334
36356
36357
36358
36400
36456
36503
36516
36538
36564
36587
36613
36633
36646
36679
36735
36804
36843
36869
36882
36932
36988
37004
37009
37009
37009
37009
37014
37025
37025
37025
37025
37025
37029
37041
37056
37071
37088
37106
37109
37155
37223
37277
37346
37403
37448
37465
37485
37499
37509
37515
37518
37521
37523
37524
37524
37524
37524
37524
37524
37524
37524
37524
37524
37524
37524
37524
37524
37524
37524
37524
37524
37524
37524
37524
37524
37524
37524
37524
37524
37524
37524
37524
37524
37524
37524
37524
37524
37524
37524
37524
37524
37524
37524
37524
37527
37555
37598
37640
37654
37654
37654
37654
37654
37654
37654
37654
37654
37654
37654
37654
37654
37655
37669
37690
37718
37754
37804
37844
37878
37882
37882
37882
37882
37882
37882
37882
37882
37882
37882
37882
37882
37882
37882
37882
37882
37882
37882
37882
37882
37882
37882
37882
37882
37882
37882
37882
37882
37882
37882
37882
37882
37882
37882
37882
37882
37882
37882
37882
37882
37882
37882
37882
37882
37882
37882
37882
37882
37882
37882
37882
37882
37882
37882
37882
37882
37882
37882
37882
37882
37882
37882
37882
37882
37882
37882
37882
37882
37882
37882
37882
37887
37907
37938
37968
37996
38037
38060
38084
38098
38111
38139
38188
38219
38246
38272
38295
38316
38330
38372
38438
38481
38580
38690
38771
38833
38887
38933
38960
38991
39005
39007
39049
39060
39065
39065
39065
39065
39065
39065
39065
39065
39065
39065
39065
39065
39065
39065
39065
39065
39065
39065
39065
39065
39065
39065
39065
39065
39065
39065
39065
39066
39069
39070
39073
39082
39088
39089
39089
39089
39089
39089
39089
39089
39089
39089
39089
39089
39089
39089
39089
39089
39089
39089
39089
39089
39089
39089
39089
39089
39089
39089
39089
39089
39089
39089
39089
39089
39089
39089
39089
39089
39089
39089
39089
39089
39089
39091
39105
39134
39173
39177
39179
39183
39217
39275
39333
39386
39433
39472
39487
39494
39496
39496
39496
39496
39506
39529
39547
39549
39549
39549
39549
39549
39549
39549
39549
39549
39549
39549
39549
39549
39549
39549
39549
39549
39549
39549
39549
39549
39549
39549
39549
39549
39549
39549
39549
39549
39549
39549
39549
39549
39549
39549
39549
39549
39549
39549
39549
39561
39577
39580
39580
39580
39581
39583
39599
39621
39644
39668
39686
39705
39713
39717
39717
39717
39720
39720
39720
39720
39720
39720
39720
39720
39720
39720
39720
39720
39720
39720
39720
39720
39720
39720
39720
39720
39720
39720
39720
39720
39720
39720
39720
39720
39721
39721
39721
39721
39721
39721
39721
39721
39721
39721
39723
39758
39799
39825
39847
39865
39886
39905
39920
39931
39939
39943
39949
39960
39964
39970
40005
40069
40147
40193
40245
40289
40327
40362
40383
40416
40463
40498
40507
40512
40515
40516
40521
40531
40552
40570
40584
40595
40601
40603
40603
40603
40603
40603
40603
40603
40603
40603
40603
40603
40603
40603
40603
40603
40603
40603
40603
40603
40603
40603
40603
40603
40603
40603
40603
40603
40603
40603
40603
40603
40603
40603
40603
40603
40603
40603
40603
40603
40603
40603
40603
40603
40603
40603
40603
40603
40608
40640
40693
40744
40797
40854
40909
40962
41022
41079
41135
41190
41248
41308
41366
41414
41482
41537
41592
41650
41709
41768
41828
41884
41958
42011
42047
42077
42098
42114
42123
42127
42138
42179
42219
42230
42231
42262
42297
42297
42297
42297
42298
42315
42324
42324
42341
42385
42454
42499
42565
42646
42726
42757
42757
42757
42757
42757
42757
42757
42757
42757
42757
42757
42757
42757
42759
42778
42827
42860
42887
42896
42896
42896
42897
42898
42900
42904
42904
42904
42904
42904
42904
42904
42904
42904
42904
42904
42904
42904
42904
42904
42904
42904
42904
42904
42904
42904
42904
42904
42904
42904
42904
42904
42904
42907
42918
42945
42948
42949
42951
42955
42960
42966
42972
42972
42972
42972
42972
42972
42972
42972
42972
42972
42972
42972
42972
42972
42972
42972
42972
42972
42972
42972
42972
42972
42972
42972
42972
42972
42972
42972
42972
42972
42972
42972
42972
42972
42972
42972
42972
42972
42972
42972
42977
42995
43029
43065
43101
43141
43174
43208
43240
43270
43301
43326
43370
43403
43436
43470
43480
43480
43480
43480
43480
43490
43527
43578
43627
43660
43660
43660
43660
43660
43660
43660
43660
43660
43660
43660
43660
43660
43660
43660
43660
43660
43660
43660
43660
43660
43660
43660
43660
43660
43660
43662
43680
43705
43724
43734
43741
43744
43744
43744
43744
43744
43744
43744
43744
43744
43744
43744
43744
43744
43744
43744
43744
43744
43744
43744
43744
43744
43744
43744
43744
43744
43744
43744
43744
43744
43744
43744
43744
43744
43744
43744
43744
43744
43745
43745
43745
43745
43745
43745
43745
43745
43745
43745
43745
43745
43745
43745
43745
43745
43745
43745
43745
43745
43745
43745
43745
43745
43745
43745
43745
43745
43745
43745
43745
43745
43745
43745
43745
43745
43745
43745
43745
43745
43745
43745
43745
43745
43745
43745
43745
43745
43745
43745
43745
43745
43745
43745
43745
43745
43745
43745
43745
43745
43745
43745
43745
43745
43745
43745
43745
43745
43745
43745
43745
43745
43745
43745
43745
43745
43745
43745
43745
43745
43745
43745
43745
43745
43745
43745
43745
43745
43745
43745
43745
43745
43745
43745
43745
43745
43745
43745
43745
43745
43745
43745
43745
43745
43745
43745
43745
43745
43745
43745
43745
43745
43745
43745
43745
43745
43745
43745
43745
43745
43745
43745
43745
43745
43745
43745
43745
43745
43745
43745
43745
43745
43745
43745
43745
43745
43745
43745
43745
43745
43745
43745
43745
43745
43745
43745
43745
43745
43745
43745
43745
43745
43745
43745
43745
43745
43745
43745
43745
43745
43745
43745
43745
43745
43745
43745
43745
43745
43745
43745
43745
43745
43745
43745
43745
43745
43745
43745
43745
43745
43745
43745
43745
43745
43745
43745
43745
43745
43745
43745
43745
43745
43745
43745
43745
43745
43745
43745
43745
43745
43745
43745
43745
43745
43745
43745
43745
43745
43745
43745
43745
43745
43745
43745
43746
43770
43816
43859
43904
43948
43994
44055
44121
44175
44226
44275
44325
44371
44419
44499
44581
44648
44694
44723
44738
44744
44747
44747
44747
44747
44756
44783
44806
44806
44806
44806
44806
44806
44806
44806
44806
44806
44806
44806
44825
44875
44926
44976
45030
45085
45124
45199
45277
45323
45369
45416
45458
45497
45537
45574
45619
45692
45771
45826
45880
45932
45987
46024
46074
46121
46169
46214
46260
46307
46361
46410
46461
46510
46559
46606
46653
46694
46727
46747
46753
46788
46830
46863
46897
46928
46960
46992
47021
47053
47088
47122
47158
47192
47226
47258
47291
47321
47363
47401
47434
47509
47570
47623
47681
47737
47795
47855
47912
47957
48008
48063
48099
48140
48172
48202
48230
48257
48283
48316
48377
48417
48457
48497
48537
48577
48619
48702
48781
48819
48842
48860
48869
48902
48954
49005
49088
49168
49206
49244
49274
49307
49361
49447
49545
49604
49662
49720
49777
49835
49875
49920
49950
49976
50035
50097
50151
50205
50259
50314
50368
50420
50472
50523
50575
50627
50679
50730
50776
50836
50893
50950
51007
51065
51104
51176
51268
51333
51393
51439
51533
51640
51705
51818
51923
52014
52073
52132
52188
52248
52307
52361
52420
52479
52538
52595
52655
52696
52776
52865
52926
52984
53043
53100
53146
53229
53292
53351
53401
53432
53499
53585
53636
53675
53700
53700
53700
53700
53700
53700
53700
53700
53700
53700
53700
53700
53700
53700
53700
53700
53700
53700
53703
53741
53790
53848
53903
53962
54021
54071
54148
54222
54279
54335
54392
54451
54509
54579
54628
54696
54773
54832
54887
54945
55001
55059
55119
55169
55231
55291
55349
55407
55465
55524
55582
55641
55682
55740
55800
55857
55915
55974
56033
56092
56149
56222
56289
56344
56403
56444
56510
56572
56631
56692
56748
56806
56865
56921
56997
57060
57131
57233
57336
57401
57459
57518
57567
57647
57706
57765
57810
57887
57965
58024
58081
58139
58198
58257
58308
58393
58474
58534
58591
58648
58692
58767
58829
58889
58937
59031
59117
59174
59232
59290
59350
59411
59464
59510
59570
59628
59688
59742
59803
59857
59917
59977
60037
60094
60151
60197
60277
60368
60434
60494
60552
60612
60671
60721
60791
60847
60899
60980
61060
61132
61190
61247
61301
61360
61425
61487
61544
61615
61686
61743
61804
61861
61920
61979
62035
62088
62147
62191
62262
62343
62401
62462
62520
62579
62639
62688
62772
62868
62937
62996
63054
63113
63177
63265
63368
63439
63488
63533
63583
63626
63665
63702
63740
63768
63795
63831
63890
63942
63980
64000
64002
64002
64003
64003
64003
64003
64003
64003
64003
64003
64003
64003
64003
64003
64003
64003
64003
64003
64003
64003
64003
64005
64016
64036
64069
64138
64199
64280
64362
64447
64487
64527
64564
64600
64629
64633
64650
64719
64780
64829
64855
64862
64868
64888
64889
64893
64893
64893
64893
64893
64895
64921
64953
64986
65017
65044
65065
65081
65098
65115
65135
65152
65178
65207
65242
65279
65326
65372
65420
65460
65494
65526
65558
65587
65622
65655
65689
65764
65847
65912
66011
66078
66119
66168
66200
66217
66232
66244
66260
66274
66285
66295
66300
66323
66370
66426
66451
66462
66467
66475
66518
66583
66646
66675
66708
66736
66786
66834
66879
66927
66975
67026
67072
67158
67254
67298
67397
67486
67538
67584
67625
67662
67697
67715
67735
67754
67773
67788
67802
67828
67887
67948
67988
68022
68053
68085
68117
68162
68231
68309
68383
68464
68515
68561
68604
68647
68687
68726
68762
68798
68834
68866
68902
68936
68967
68992
69048
69102
69139
69173
69208
69240
69273
69338
69380
69418
69457
69494
69532
69567
69598
69622
69636
69640
69641
69641
69641
69641
69641
69641
69652
69675
69717
69794
69877
69963
70010
70049
70093
70124
70151
70183
70216
70249
70278
70308
70338
70367
70399
70427
70444
70450
70459
70488
70494
70496
70497
70497
70497
70517
70557
70580
70603
70645
70683
70724
70758
70778
70802
70822
70830
70832
70832
70832
70832
70832
70832
70832
70842
70898
70951
71000
71049
71076
71076
71076
71111
71146
71163
71179
71189
71193
71194
71194
71194
71194
71194
71194
71194
71197
71219
71253
71288
71334
71377
71427
71475
71531
71586
71646
71703
71764
71824
71863
71941
72023
72080
72124
72160
72231
72299
72344
72394
72444
72496
72539
72583
72618
72647
72674
72701
72733
72799
72864
72935
72980
73024
73075
73116
73151
73182
73255
73301
73348
73392
73438
73482
73521
73594
73686
73746
73806
73860
73920
73979
74036
74098
74181
74234
74278
74310
74345
74373
74443
74528
74577
74623
74656
74686
74713
74736
74758
74779
74800
74826
74840
74844
74844
74844
74844
74844
74844
74844
74844
74844
74844
74844
74847
74850
74856
74871
74905
74968
75027
75080
75120
75149
75179
75206
75230
75251
75269
75283
75323
75381
75415
75447
75483
75523
75567
75617
75664
75742
75838
75936
75994
76053
76109
76187
76270
76329
76373
76416
76445
76466
76474
76478
76478
76478
76478
76496
76519
76530
76530
76530
76530
76531
76553
76565
76581
76593
76603
76619
76634
76654
76668
76670
76671
76714
76773
76817
76823
76823
76823
76823
76823
76823
76827
76847
76872
76921
76972
76983
76989
77005
77060
77104
77111
77160
77197
77201
77201
77201
77201
77201
77201
77206
77210
77218
77233
77245
77269
77295
77308
77325
77339
77339
77339
77339
77339
77339
77339
77339
77339
77340
77351
77361
77382
77418
77455
77493
77509
77518
77524
77526
77526
77526
77526
77526
77526
77526
77526
77526
77526
77526
77526
77526
77526
77526
77526
77526
77526
77526
77528
77532
77535
77535
77535
77535
77536
77542
77551
77560
77570
77578
77582
77583
77583
77583
77583
77583
77583
77583
77583
77583
77583
77583
77583
77583
77583
77583
77583
77583
77583
77583
77583
77583
77583
77583
77583
77583
77583
77583
77583
77583
77583
77583
77583
77583
77583
77592
77592
77592
77592
77592
77592
77592
77592
77592
77592
77592
77592
77592
77592
77592
77592
77592
77592
77592
77592
77592
77592
77592
77592
77592
77592
77592
77592
77592
77592
77592
77592
77592
77592
77592
77592
77592
77592
77592
77592
77592
77592
77592
77592
77592
77592
77592
77592
77592
77592
77592
77592
77592
77592
77592
77592
77592
77592
77592
77592
77592
77592
77592
77592
77592
77592
77592
77592
77593
77595
77595
77595
77595
77595
77595
77597
77602
77607
77609
77635
77678
77707
77730
77750
77759
77763
77763
77763
77763
77763
77763
77763
77763
77763
77763
77763
77763
77763
77763
77763
77763
77763
77763
77763
77763
77763
77763
77763
77763
77763
77763
77763
77763
77763
77763
77763
77763
77763
77763
77763
77763
77763
77763
77763
77763
77763
77763
77763
77763
77763
77763
77763
77763
77763
77763
77763
77763
77763
77763
77763
77763
77763
77763
77763
77763
77763
77763
77763
77763
77763
77763
77763
77763
77763
77763
77763
77763
77763
77763
77763
77763
77763
77763
77763
77763
77763
77763
77763
77763
77763
77763
77763
77763
77763
77763
77763
77763
77763
77763
77763
77763
77763
77763
77763
77763
77763
77763
77763
77772
77809
77849
77876
77895
77897
77897
77897
77897
77897
77897
77897
77897
77897
77897
77897
77897
77897
77897
77897
77897
77897
77897
77897
77897
77897
77897
77897
77897
77897
77897
77897
77897
77897
77897
77897
77897
77897
77897
77897
77897
77897
77897
77897
77897
77897
77897
77897
77897
77897
77897
77897
77897
77897
77897
77897
77897
77897
77897
77897
77897
77897
77897
77897
77897
77897
77897
77897
77897
77897
77897
77897
77897
77897
77897
77897
77897
77897
77897
77897
77897
77897
77897
77897
77897
77897
77897
77897
77897
77897
77897
77897
77897
77897
77897
77897
77897
77897
77897
77897
77897
77897
77897
77897
77897
77897
77897
77897
77897
77897
77897
77897
77897
77897
77897
77897
77897
77897
77897
77897
77897
77897
77897
77897
77897
77897
77897
77897
77897
77913
77955
78009
78064
78146
78199
78250
78303
78352
78408
78466
78525
78576
78648
78732
78825
78863
78955
79025
79084
79142
79207
79265
79323
79382
79438
79498
79558
79608
79683
79754
79811
79872
79929
79983
80042
80097
80176
80244
80304
80347
80408
80464
80525
80583
80641
80698
80751
80820
80912
80987
81060
81163
81243
81302
81355
81419
81477
81534
81595
81653
81711
81764
81853
81944
81996
82057
82114
82171
82239
82319
82383
82441
82502
82600
82661
82716
82776
82836
82895
82951
83015
83101
83203
83277
83338
83377
83447
83506
83567
83626
83680
83740
83799
83856
83914
83974
84032
84090
84176
84268
84334
84391
84451
84507
84559
84635
84703
84763
84800
84871
84951
85034
85092
85145
85206
85264
85323
85409
85501
85560
85619
85677
85727
85815
85874
85934
85992
86052
86094
86148
86207
86266
86322
86368
86424
86481
86541
86602
86657
86715
86774
86832
86878
86949
87022
87080
87141
87200
87259
87318
87376
87455
87552
87612
87673
87733
87790
87851
87903
87974
88056
88112
88157
88227
88263
88281
88293
88299
88300
88300
88300
88300
88300
88301
88320
88364
88405
88470
88542
88596
88627
88657
88686
88713
88740
88757
88805
88876
88921
88966
89013
89060
89106
89143
89205
89261
89315
89371
89431
89489
89548
89600
89674
89726
89781
89835
89882
89962
90047
90105
90162
90221
90279
90319
90396
90449
90491
90530
90565
90600
90637
90667
90702
90739
90776
90815
90856
90885
90961
91054
91136
91194
91252
91309
91367
91417
91464
91504
91534
91571
91605
91639
91671
91700
91726
91746
91785
91838
91882
91913
91913
91913
91913
91913
91914
91936
91969
91986
91993
91993
91993
91993
91993
91993
91993
91993
91993
91993
91993
91993
91993
91993
91993
91993
91993
91993
91993
91993
91993
91993
91993
91993
91993
91993
91993
91993
91996
91998
92005
92014
92030
92031
92032
92035
92037
92037
92037
92037
92037
92037
92037
92037
92037
92037
92037
92037
92037
92037
92037
92037
92037
92037
92037
92037
92037
92037
92037
92037
92037
92037
92037
92037
92041
92063
92092
92125
92149
92170
92185
92194
92204
92208
92209
92209
92209
92209
92209
92211
92216
92223
92232
92240
92243
92244
92244
92244
92244
92244
92244
92244
92244
92244
92244
92244
92244
92244
92244
92244
92244
92244
92244
92244
92244
92244
92244
92244
92244
92244
92244
92244
92244
92244
92244
92244
92244
92244
92244
92244
92244
92244
92244
92244
92244
92244
92244
92244
92244
92244
92244
92244
92244
92244
92244
92244
92244
92244
92244
92244
92244
92244
92244
92244
92244
92244
92244
92244
92244
92244
92244
92244
92244
92244
92244
92244
92244
92244
92244
92244
92244
92244
92244
92244
92244
92244
92244
92244
92244
92244
92244
92244
92244
92244
92244
92244
92244
92244
92244
92244
92244
92244
92244
92244
92244
92244
92244
92244
92244
92244
92244
92244
92244
92244
92244
92244
92244
92244
92244
92244
92244
92244
92244
92244
92244
92244
92244
92244
92244
92244
92244
92244
92244
92244
92244
92244
92244
92244
92244
92244
92244
92244
92244
92244
92244
92244
92244
92244
92244
92244
92244
92244
92244
92244
92244
92244
92244
92244
92244
92244
92244
92244
92244
92244
92244
92244
92244
92244
92244
92244
92244
92244
92244
92244
92244
92244
92244
92244
92244
92244
92244
92244
92244
92244
92244
92244
92244
92244
92244
92244
92244
92244
92244
92244
92244
92244
92244
92244
92244
92244
92244
92244
92244
92244
92244
92244
92244
92253
92270
92294
92321
92337
92339
92343
92343
92343
92343
92343
92343
92347
92352
92352
92352
92352
92369
92395
92425
92456
92486
92514
92542
92573
92606
92639
92673
92711
92749
92793
92833
92875
92917
92960
93000
93041
93077
93150
93216
93273
93330
93387
93434
93478
93512
93546
93565
93568
93568
93568
93568
93569
93569
93569
93569
93569
93569
93569
93569
93569
93571
93598
93642
93695
93750
93808
93864
93908
93974
94032
94090
94148
94207
94257
94332
94420
94479
94543
94620
94703
94766
94827
94885
94945
94987
95064
95122
95181
95235
95284
95327
95367
95397
95422
95443
95463
95499
95541
95569
95596
95619
95640
95668
95729
95793
95834
95874
95913
95952
96005
96088
96191
96238
96302
96357
96399
96441
96483
96525
96554
96581
96599
96609
96641
96681
96684
96684
96684
96684
96684
96684
96684
96684
96684
96684
96684
96691
96708
96745
96804
96868
96914
96929
96947
96994
97019
97041
97061
97083
97107
97157
97191
97225
97258
97291
97322
97381
97464
97554
97615
97668
97708
97773
97831
97894
97973
98030
98078
98122
98150
98179
98214
98253
98320
98383
98441
98499
98557
98631
98721
98826
98895
99003
99107
99179
99239
99294
99390
99450
99483
99505
99524
99542
99554
99603
99678
99725
99773
99821
99872
99924
99969
100018
100070
100121
100164
100245
100336
100412
100471
100524
100586
100645
100704
100743
100789
100868
100947
101007
101066
101124
101174
101220
101251
101290
101322
101353
101377
101407
101452
101483
101507
101534
101558
101578
101595
101623
101682
101759
101810
101851
101893
101935
101973
102048
102128
102175
102217
102258
102301
102340
102362
102421
102470
102495
102523
102551
102574
102595
102608
102643
102675
102697
102722
102748
102775
102805
102833
102860
102886
102912
102936
102962
102977
103020
103066
103103
103139
103175
103211
103244
103288
103329
103350
103384
103418
103452
103485
103519
103553
103583
103616
103645
103715
103804
103896
103952
104009
104069
104115
104137
104178
104204
104217
104226
104229
104229
104230
104230
104230
104230
104230
104230
104230
104230
104230
104230
104230
104230
104230
104230
104244
104272
104301
104332
104367
104367
104367
104368
104403
104452
104483
104485
104487
104534
104588
104614
104668
104679
104689
104697
104705
104710
104712
104714
104715
104715
104715
104715
104715
104715
104715
104717
104718
104718
104718
104718
104718
104718
104718
104718
104718
104718
104718
104718
104718
104718
104718
104718
104718
104718
104718
104718
104718
104718
104718
104718
104718
104718
104718
104718
104718
104718
104718
104718
104718
104718
104718
104718
104723
104729
104739
104751
104771
104795
104822
104844
104865
104882
104888
104888
104888
104888
104888
104888
104888
104888
104888
104904
104919
104927
104927
104927
104927
104928
104928
104928
104928
104928
104928
104928
104928
104928
104928
104928
104928
104928
104928
104928
104928
104928
104928
104933
104964
105009
105020
105020
105020
105026
105031
105032
105032
105032
105032
105032
105032
105032
105032
105032
105032
105032
105032
105032
105032
105032
105032
105032
105032
105032
105032
105032
105032
105032
105032
105032
105032
105032
105032
105032
105032
105032
105032
105032
105032
105032
105032
105032
105032
105032
105032
105032
105032
105032
105032
105032
105032
105032
105032
105032
105032
105032
105032
105032
105032
105032
105032
105032
105032
105032
105032
105032
105032
105032
105032
105032
105032
105032
105032
105032
105032
105032
105032
105032
105032
105032
105032
105032
105032
105032
105032
105032
105032
105032
105032
105032
105032
105032
105032
105032
105032
105032
105032
105032
105032
105032
105032
105032
105032
105032
105032
105032
105032
105032
105032
105032
105032
105032
105032
105032
105032
105032
105032
105032
105032
105032
105032
105032
105032
105032
105032
105032
105032
105032
105032
105032
105032
105032
105032
105032
105032
105032
105032
105032
105032
105032
105032
105032
105032
105032
105032
105032
105032
105032
105032
105032
105032
105032
105032
105032
105032
105032
105032
105032
105032
105032
105032
105032
105032
105032
105032
105032
105032
105032
105032
105032
105032
105032
105032
105032
105032
105032
105032
105032
105032
105032
105032
105032
105032
105032
105032
105032
105032
105032
105032
105032
105032
105032
105032
105032
105032
105032
105032
105032
105032
105032
105032
105032
105032
105032
105032
105032
105032
105032
105032
105032
105032
105032
105032
105032
105032
105032
105032
105032
105032
105032
105032
105032
105032
105032
105032
105032
105032
105032
105032
105032
105032
105032
105032
105032
105032
105032
105032
105032
105032
105032
105032
105032
105032
105032
105032
105032
105032
105032
105032
105032
105032
105032
105032
105032
105032
105044
105071
105104
105139
105178
105216
105251
105290
105322
105345
105357
105358
105358
105358
105358
105358
105358
105358
105358
105358
105358
105358
105358
105358
105358
105358
105358
105358
105358
105358
105358
105358
105358
105358
105358
105358
105358
105358
105358
105358
105358
105358
105358
105358
105358
105358
105358
105358
105358
105358
105358
105358
105358
105358
105358
105358
105358
105358
105366
105393
105402
105402
105405
105408
105408
105411
105415
105421
105426
105428
105436
105463
105478
105482
105482
105482
105483
105487
105493
105499
105504
105511
105528
105538
105547
105555
105561
105561
105561
105561
105563
105566
105568
105568
105568
105568
105568
105568
105568
105568
105568
105568
105568
105568
105568
105568
105568
105568
105568
105568
105568
105568
105568
105568
105568
105568
105568
105568
105568
105568
105568
105568
105568
105568
105568
105568
105568
105568
105568
105568
105573
105596
105625
105652
105665
105672
105676
105676
105676
105676
105676
105676
105676
105676
105676
105676
105676
105676
105676
105676
105676
105676
105676
105676
105676
105676
105676
105676
105676
105676
105676
105676
105676
105676
105676
105676
105677
105690
105726
105775
105830
105883
105930
105975
106010
106079
106140
106216
106270
106326
106384
106443
106501
106553
106612
106655
106678
106692
106701
106704
106704
106714
106754
106783
106796
106809
106825
106833
106836
106836
106836
106836
106836
106836
106836
106836
106836
106836
106836
106836
106836
106836
106836
106836
106836
106836
106836
106840
106841
106845
106850
106854
106859
106865
106872
106875
106877
106879
106879
106879
106879
106879
106879
106879
106879
106879
106879
106879
106879
106879
106879
106879
106879
106879
106879
106879
106879
106879
106879
106879
106879
106879
106879
106879
106879
106879
106879
106879
106879
106879
106879
106879
106879
106879
106879
106879
106879
106879
106879
106880
106885
106890
106894
106898
106902
106906
106908
106911
106912
106912
106912
106912
106912
106912
106912
106912
106912
106912
106912
106912
106912
106912
106912
106912
106912
106912
106912
106912
106912
106912
106912
106912
106912
106912
106912
106912
106912
106912
106912
106912
106912
106912
106912
106912
106912
106912
106912
106912
106912
106912
106912
106912
106912
106912
106912
106912
106912
106912
106912
106912
106912
106912
106912
106912
106912
106912
106912
106912
106912
106912
106912
106912
106912
106912
106912
106912
106912
106912
106912
106912
106912
106912
106912
106912
106912
106912
106912
106912
106912
106912
106912
106912
106912
106912
106912
106912
106912
106912
106912
106912
106912
106912
106912
106912
106912
106912
106912
106912
106912
106912
106912
106912
106912
106912
106912
106912
106912
106912
106912
106912
106912
106912
106912
106912
106912
106912
106912
106912
106912
106912
106912
106912
106912
106912
106912
106912
106912
106912
106912
106912
106912
106912
106912
106912
106912
106912
106912
106912
106912
106912
106912
106912
106912
106912
106912
106912
106912
106912
106912
106912
106912
106912
106912
106912
106912
106912
106912
106912
106912
106912
106912
106912
106912
106912
106912
106912
106912
106912
106912
106912
106912
106912
106912
106912
106912
106912
106912
106912
106912
106912
106912
106912
106912
106912
106912
106912
106912
106912
106912
106912
106912
106912
106912
106912
106912
106912
106912
106912
106912
106912
106912
106912
106912
106912
106912
106912
106912
106912
106912
106912
106912
106912
106912
106912
106912
106912
106912
106912
106912
106912
106914
106928
106944
106959
106978
106991
107033
107090
107176
107262
107330
107388
107446
107505
107560
107648
107749
107811
107870
107928
107987
108046
108100
108158
108218
108276
108332
108392
108443
108477
108543
108623
108680
108720
108753
108779
108802
108822
108838
108851
108893
108928
108954
108980
109000
109011
109025
109036
109042
109046
109047
109047
109047
109047
109047
109047
109047
109047
109047
109047
109047
109047
109047
109047
109047
109047
109047
109047
109047
109047
109047
109047
109047
109047
109047
109047
109047
109048
109049
109060
109099
109162
109247
109328
109375
109427
109483
109542
109600
109645
109689
109719
109730
109732
109733
109733
109742
109782
109832
109840
109840
109840
109840
109850
109868
109893
109922
109936
109977
110011
110011
110011
110011
110011
110011
110011
110011
110011
110026
110057
110084
110100
110103
110103
110103
110103
110103
110110
110116
110122
110143
110186
110230
110267
110284
110284
110284
110303
110330
110345
110354
110360
110360
110360
110360
110360
110360
110360
110360
110360
110360
110360
110360
110360
110360
110360
110360
110360
110360
110360
110360
110360
110360
110360
110360
110360
110360
110360
110360
110372
110424
110472
110528
110582
110591
110591
110591
110591
110591
110591
110591
110591
110591
110591
110591
110592
110597
110602
110610
110617
110626
110632
110636
110637
110638
110641
110642
110642
110642
110642
110642
110642
110642
110642
110642
110642
110642
110642
110642
110642
110642
110642
110642
110642
110642
110642
110642
110642
110642
110642
110642
110642
110642
110642
110642
110642
110642
110642
110642
110642
110642
110642
110642
110642
110642
110642
110642
110642
110642
110642
110642
110642
110642
110642
110642
110642
110642
110642
110642
110642
110642
110642
110642
110642
110642
110642
110642
110642
110642
110642
110642
110642
110642
110642
110642
110642
110642
110642
110642
110642
110642
110642
110642
110642
110642
110642
110642
110642
110642
110643
110660
110694
110732
110768
110799
110821
110862
110931
110990
111047
111106
111161
111221
111274
111360
111433
111490
111546
111587
111633
111677
111723
111767
111813
111847
111904
111962
112021
112059
112108
112148
112181
112212
112239
112268
112297
112315
112345
112354
112355
112355
112355
112355
112357
112371
112377
112377
112377
112377
112377
112377
112411
112473
112531
112552
112571
112651
112738
112785
112823
112858
112888
112916
112943
112970
113002
113063
113118
113149
113178
113202
113222
113232
113245
113277
113332
113377
113409
113442
113467
113486
113505
113519
113539
113560
113580
113601
113617
113623
113623
113623
113623
113623
113623
113623
113623
113623
113623
113623
113623
113623
113623
113623
113623
113623
113623
113623
113623
113623
113623
113623
113623
113623
113623
113623
113623
113623
113630
113631
113631
113631
113631
113631
113631
113631
113631
113631
113631
113631
113632
113640
113645
113645
113646
113647
113648
113648
113648
113648
113648
113648
113648
113648
113648
113648
113648
113648
113648
113648
113648
113648
113648
113648
113648
113648
113648
113648
113648
113648
113648
113648
113648
113648
113648
113648
113648
113648
113648
113648
113648
113650
113657
113668
113682
113698
113712
113729
113746
113757
113766
113778
113792
113805
113821
113848
113874
113905
113934
113959
113986
114017
114048
114069
114101
114130
114154
114169
114184
114187
114187
114187
114187
114187
114187
114187
114187
114187
114187
114187
114187
114187
114187
114187
114187
114187
114187
114187
114187
114187
114187
114187
114187
114187
114187
114187
114187
114187
114195
114213
114237
114268
114308
114354
114402
114437
114486
114536
114550
114573
114590
114590
114590
114590
114590
114590
114590
114590
114590
114590
114590
114590
114590
114590
114590
114590
114590
114590
114590
114590
114590
114590
114590
114590
114590
114590
114590
114590
114590
114590
114590
114590
114590
114590
114590
114590
114590
114590
114590
114590
114590
114590
114590
114590
114590
114590
114590
114590
114590
114590
114590
114590
114590
114590
114590
114592
114615
114669
114696
114699
114706
114717
114726
114730
114733
114740
114750
114762
114778
114803
114829
114859
114898
114954
115001
115040
115067
115083
115092
115093
115093
115093
115093
115093
115093
115093
115093
115096
115111
115124
115131
115131
115131
115131
115134
115146
115150
115150
115150
115150
115150
115150
115150
115150
115150
115150
115150
115150
115150
115150
115150
115150
115150
115150
115150
115150
115150
115150
115150
115150
115150
115150
115150
115150
115150
115150
115150
115150
115150
115150
115150
115150
115150
115150
115150
115150
115150
115150
115150
115150
115150
115150
115150
115150
115150
115150
115150
115150
115150
115150
115150
115150
115150
115150
115150
115150
115150
115150
115150
115150
115150
115150
115150
115150
115150
115150
115150
115150
115150
115150
115150
115150
115150
115150
115150
115150
115150
115150
115150
115150
115150
115150
115150
115150
115150
115150
115150
115150
115150
115150
115150
115150
115150
115150
115150
115150
115150
115150
115150
115150
115150
115150
115150
115150
115150
115150
115150
115150
115150
115150
115150
115150
115150
115150
115150
115150
115150
115150
115150
115150
115150
115150
115150
115150
115150
115150
115150
115150
115150
115150
115150
115150
115150
115150
115150
115150
115150
115150
115150
115150
115150
115150
115150
115150
115150
115150
115150
115150
115150
115150
115150
115150
115150
115150
115150
115150
115150
115150
115150
115150
115150
115150
115150
115150
115150
115150
115150
115150
115150
115150
115150
115150
115150
115150
115150
115150
115150
115150
115150
115150
115150
115150
115150
115150
115150
115150
115152
115165
115170
115170
115170
115170
115170
115170
115170
115170
115170
115170
115170
115170
115170
115170
115170
115170
115170
115170
115170
115170
115170
115170
115170
115170
115170
115170
115170
115170
115170
115170
115170
115170
115170
115170
115170
115170
115170
115170
115170
115170
115170
115170
115170
115170
115170
115170
115170
115170
115170
115170
115170
115170
115170
115170
115170
115170
115170
115170
115170
115170
115170
115170
115170
115170
115170
115170
115170
115170
115170
115170
115170
115170
115170
115170
115170
115170
115170
115170
115170
115170
115170
115170
115170
115170
115170
115170
115170
115170
115170
115170
115170
115170
115170
115170
115170
115170
115170
115170
115170
115170
115170
115170
115170
115170
115170
115170
115170
115170
115170
115170
115170
115170
115170
115170
115170
115170
115170
115170
115170
115170
115170
115170
115170
115170
115170
115170
115170
115170
115170
115170
115170
115170
115170
115170
115170
115170
115170
115170
115170
115170
115170
115170
115170
115170
115170
115170
115170
115170
115170
115170
115170
115170
115170
115170
115170
115170
115170
115170
115170
115170
115170
115170
115170
115170
115170
115170
115170
115170
115170
115170
115170
115170
115170
115170
115170
115170
115170
115170
115170
115170
115170
115170
115170
115170
115170
115170
115170
115170
115170
115170
115170
115170
115170
115170
115170
115170
115170
115170
115170
115170
115170
115170
115170
115170
115170
115170
115170
115170
115170
115170
115170
115170
115170
115170
115170
115170
115170
115170
115170
115170
115170
115170
115170
115170
115170
115170
115170
115170
115170
115170
115170
115170
115170
115170
115170
115170
115170
115170
115170
115170
115170
115170
115170
115170
115170
115170
115170
115170
115170
115170
115170
115170
115170
115170
115170
115170
115170
115170
115170
115170
115170
115170
115170
115170
115170
115170
115170
115170
115170
115170
115170
115170
115170
115170
115170
115170
115170
115170
115170
115174
115182
115191
115202
115215
115230
115242
115246
115246
115246
115246
115246
115246
115246
115246
115246
115246
115246
115246
115246
115246
115246
115246
115246
115246
115246
115246
115246
115246
115246
115246
115246
115246
115246
115246
115246
115246
115246
115246
115246
115246
115246
115246
115246
115246
115246
115246
115246
115246
115246
115246
115246
115246
115246
115246
115246
115246
115246
115246
115246
115246
115246
115246
115246
115246
115246
115246
115246
115246
115246
115246
115246
115246
115246
115246
115246
115246
115246
115246
115246
115246
115246
115246
115246
115246
115246
115246
115246
115246
115246
115246
115246
115246
115246
115246
115246
115246
115246
115246
115246
115246
115246
115246
115246
115246
115246
115246
115246
115246
115246
115246
115246
115246
115246
115246
115246
115246
115246
115246
115246
115246
115246
115246
115246
115246
115246
115246
115246
115246
115246
115246
115246
115246
115246
115246
115246
115246
115246
115246
115246
115246
115246
115246
115246
115246
115246
115246
115246
115246
115246
115246
115246
115246
115246
115246
115246
115246
115246
115246
115246
115246
115246
115246
115246
115246
115246
115246
115246
115246
115246
115246
115246
115246
115246
115246
115246
115246
115246
115246
115246
115246
115246
115246
115246
115246
115246
115246
115246
115246
115246
115246
115247
115287
115338
115360
115360
115360
115360
115360
115383
115407
115433
115458
115477
115499
115518
115535
115546
115556
115573
115612
115639
115660
115676
115688
115703
115709
115722
115728
115728
115728
115728
115728
115728
115728
115728
115728
115728
115728
115728
115728
115728
115728
115728
115728
115728
115728
115728
115728
115728
115728
115728
115728
115728
115728
115728
115728
115728
115728
115728
115728
115728
115728
115728
115728
115728
115728
115728
115728
115728
115728
115728
115728
115728
115728
115728
115728
115728
115728
115728
115728
115728
115728
115728
115728
115728
115728
115728
115728
115728
115728
115728
115728
115728
115728
115728
115728
115728
115728
115728
115728
115728
115728
115728
115728
115728
115728
115728
115728
115728
115728
115728
115728
115728
115728
115728
115728
115728
115728
115728
115728
115728
115728
115728
115728
115728
115728
115728
115728
115728
115728
115728
115728
115728
115728
115728
115728
115728
115728
115728
115728
115728
115728
115728
115728
115728
115728
115728
115728
115728
115728
115728
115728
115728
115728
115728
115728
115728
115728
115728
115728
115728
115728
115728
115728
115728
115728
115728
115728
115728
115728
115728
115728
115728
115728
115728
115728
115728
115728
115728
115728
115728
115728
115728
115728
115728
115728
115728
115728
115728
115728
115728
115728
115728
115728
115728
115728
115728
115728
115728
115728
115728
115728
115728
115728
115728
115728
115728
115728
115728
115728
115728
115728
115728
115728
115728
115728
115728
115728
115728
115728
115728
115728
115728
115728
115728
115728
115728
115728
115728
115728
115728
115728
115728
115728
115728
115728
115728
115728
115728
115728
115728
115728
115728
115728
115728
115728
115728
115728
115728
115728
115728
115728
115728
115728
115728
115728
115728
115728
115728
115728
115728
115728
115728
115728
115728
115728
115728
115728
115728
115728
115728
115728
115728
115728
115728
115728
115728
115728
115728
115728
115728
115728
115728
115728
115728
115728
115728
115728
115728
115728
115728
115728
115728
115728
115728
115728
115728
115728
115728
115728
115728
115728
115728
115728
115728
115728
115728
115728
115728
115728
115728
115728
115728
115728
115728
115728
115728
115728
115728
115728
115728
115728
115728
115728
115728
115728
115728
115728
115728
115728
115728
115728
115728
115728
115728
115728
115728
115728
115728
115728
115728
115728
115728
115728
115728
115728
115728
115728
115728
115728
115728
115728
115728
115728
115728
115728
115728
115728
115728
115728
115728
115728
115728
115728
115728
115728
115728
115728
115728
115728
115728
115728
115728
115728
115728
115728
115728
115728
115728
115728
115728
115728
115728
115728
115728
115728
115728
115728
115728
115728
115728
115728
115728
115728
115728
115728
115728
115728
115728
115728
115728
115728
115728
115728
115728
115728
115728
115728
115728
115728
115728
115728
115739
115784
115819
115871
115910
115941
115974
116007
116036
116097
116185
116274
116327
116342
116350
116351
116353
116353
116353
116353
116353
116353
116353
116353
116353
116353
116353
116353
116353
116354
116361
116397
116441
116464
116464
116464
116464
116464
116464
116464
116464
116464
116465
116465
116466
116467
116472
116477
116487
116503
116513
116533
116571
116575
116577
116577
116577
116577
116577
116578
116580
116580
116580
116580
116580
116580
116580
116580
116580
116580
116580
116580
116580
116580
116580
116580
116580
116580
116580
116580
116580
116580
116580
116580
116580
116580
116580
116580
116580
116580
116580
116580
116580
116580
116580
116580
116580
116580
116580
116580
116580
116580
116580
116580
116580
116580
116580
116580
116580
116581
116607
116652
116697
116729
116743
116747
116747
116747
116755
116760
116772
116805
116846
116878
116901
116922
116939
116963
116997
117014
117024
117024
117024
117024
117024
117024
117024
117024
117024
117024
117024
117024
117024
117024
117024
117024
117024
117024
117024
117024
117024
117024
117024
117024
117024
117024
117024
117024
117024
117024
117024
117024
117024
117024
117024
117024
117024
117024
117024
117024
117024
117024
117024
117024
117024
117024
117024
117024
117024
117024
117024
117024
117024
117024
117024
117024
117024
117024
117024
117024
117024
117024
117024
117024
117024
117024
117024
117024
117024
117024
117024
117024
117024
117024
117024
117024
117024
117024
117024
117024
117024
117024
117024
117024
117024
117024
117024
117024
117024
117024
117024
117024
117024
117024
117024
117024
117024
117024
117024
117024
117024
117024
117024
117024
117024
117024
117024
117024
117024
117024
117024
117024
117024
117024
117024
117024
117024
117024
117024
117024
117026
117032
117038
117050
117061
117083
117099
117114
117122
117122
117124
117126
117135
117142
117147
117147
117147
117147
117147
117147
117147
117147
117147
117147
117147
117147
117147
117147
117147
117147
117147
117147
117147
117147
117147
117147
117147
117147
117148
117149
117149
117149
117149
117149
117149
117149
117149
117149
117149
117149
117149
117149
117149
117149
117149
117149
117149
117149
117149
117149
117149
117149
117149
117149
117149
117149
117149
117149
117149
117149
117149
117149
117149
117149
117149
117149
117149
117149
117149
117149
117149
117149
117149
117149
117149
117149
117149
117149
117149
117149
117149
117149
117149
117149
117149
117149
117149
117149
117149
117149
117149
117149
117149
117149
117149
117149
117149
117149
117149
117149
117149
117149
117149
117149
117149
117149
117149
117149
117153
117165
117187
117220
117235
117243
117243
117243
117243
117243
117243
117243
117243
117243
117243
117243
117243
117243
117243
117243
117243
117243
117243
117243
117243
117243
117243
117243
117243
117243
117243
117243
117243
117243
117243
117243
117243
117243
117243
117243
117243
117243
117243
117243
117243
117243
117243
117243
117243
117243
117243
117243
117243
117243
117243
117243
117243
117243
117243
117243
117243
117243
117243
117243
117243
117243
117243
117243
117243
117243
117243
117243
117243
117243
117243
117243
117243
117243
117243
117243
117243
117243
117243
117243
117243
117243
117243
117243
117243
117243
117243
117243
117243
117243
117243
117243
117243
117243
117243
117243
117243
117243
117243
117243
117243
117243
117243
117243
117243
117243
117243
117243
117243
117243
117243
117243
117243
117243
117243
117243
117243
117243
117243
117243
117243
117243
117243
117243
117243
117243
117243
117243
117243
117243
117243
117243
117243
117243
117243
117243
117243
117243
117243
117243
117243
117243
117243
117243
117243
117243
117243
117243
117243
117243
117243
117243
117243
117243
117243
117243
117243
117243
117243
117243
117243
117243
117243
117243
117243
117243
117243
117243
117243
117243
117243
117243
117243
117243
117243
117243
117243
117243
117243
117243
117243
117243
117243
117243
117243
117243
117243
117243
117243
117243
117243
117243
117243
117243
117243
117243
117243
117243
117243
117243
117243
117243
117243
117243
117243
117243
117243
117243
117243
117243
117243
117243
117243
117243
117243
117243
117243
117243
117243
117243
117243
117243
117243
117243
117243
117243
117243
117243
117243
117243
117243
117243
117243
117243
117243
117243
117243
117243
117243
117243
117243
117243
117243
117243
117243
117243
117243
117243
117243
117243
117243
117243
117243
117243
117243
117243
117243
117243
117243
117243
117243
117243
117243
117243
117243
117243
117243
117243
117243
117243
117243
117243
117243
117243
117243
117243
117243
117243
117243
117243
117243
117243
117243
117243
117243
117243
117243
117243
117243
117243
117243
117243
117243
117243
117243
117243
117243
117243
117243
117243
117243
117243
117243
117243
117243
117243
117243
117243
117243
117243
117243
117243
117243
117243
117243
117243
117243
117243
117243
117243
117243
117243
117243
117243
117243
117243
117243
117243
117243
117243
117243
117243
117243
117243
117243
117243
117243
117243
117243
117243
117243
117243
117243
117243
117243
117243
117243
117243
117243
117243
117243
117243
117243
117243
117243
117243
117243
117243
117243
117243
117243
117243
117243
117243
117243
117243
117243
117243
117243
117243
117243
117243
117243
117243
117243
117243
117243
117243
117243
117243
117243
117243
117243
117243
117243
117243
117243
117243
117243
117243
117243
117243
117243
117243
117243
117243
117243
117243
117243
117243
117243
117243
117243
117243
117243
117243
117243
117243
117243
117243
117243
117243
117243
117243
117243
117243
117243
117243
117243
117243
117243
117243
117243
117243
117243
117243
117243
117243
117243
117243
117243
117243
117243
117243
117243
117243
117243
117243
117243
117243
117243
117243
117243
117243
117243
117243
117243
117243
117243
117243
117243
117243
117243
117243
117243
117243
117243
117243
117243
117243
117243
117243
117243
117243
117243
117243
117243
117243
117243
117243
117243
117243
117243
117243
117243
117243
117243
117243
117243
117243
117243
117243
117243
117243
117243
117243
117243
117243
117243
117243
117243
117243
117243
117243
117243
117243
117243
117243
117243
117243
117243
117243
117243
117243
117243
117243
117243
117243
117243
117243
117243
117243
117243
117243
117243
117243
117243
117243
117243
117243
117243
117243
117243
117243
117243
117243
117243
117243
117243
117243
117243
117243
117243
117243
117243
117243
117243
117243
117243
117243
117243
117243
117243
117243
117243
117243
117243
117243
117243
117243
117243
117243
117243
117243
117243
117243
117243
117243
117243
117243
117243
117243
117243
117243
117243
117243
117243
117243
117243
117243
117243
117243
117243
117243
117243
117243
117243
117243
117243
117243
117243
117243
117243
117243
117243
117243
117243
117243
117243
117243
117243
117243
117243
117243
117243
117243
117243
117243
117243
117243
117243
117243
117243
117243
117243
117243
117243
117243
117243
117243
117243
117243
117243
117243
117243
117243
117243
117243
117243
117243
117243
117243
117243
117243
117243
117243
117243
117243
117243
117243
117243
117243
117243
117243
117243
117243
117243
117243
117243
117243
117243
117243
117243
117243
117243
117243
117243
117243
117243
117243
117243
117243
117243
117243
117243
117243
117243
117243
117243
117243
117243
117243
117243
117243
117243
117243
117243
117243
117243
117243
117243
117243
117243
117243
117243
117243
117243
117243
117243
117243
117243
117243
117243
117243
117243
117243
117243
117243
117243
117243
117243
117243
117243
117243
117243
117243
117243
117243
117243
117243
117243
117243
117243
117243
117243
117243
117243
117243
117243
117249
117261
117282
117301
117316
117328
117343
117358
117363
117365
117365
117365
117365
117365
117365
117365
117365
117365
117365
117368
117371
117371
117371
117371
117371
117371
117378
117378
117378
117392
117424
117461
117493
117493
117502
117533
117564
117583
117595
117597
117597
117601
117623
117658
117687
117708
117710
117710
117710
117710
117710
117710
117710
117710
117710
117710
117710
117710
117710
117710
117710
117710
117710
117710
117710
117710
117710
117710
117710
117710
117710
117710
117710
117710
117710
117710
117710
117710
117710
117710
117710
117710
117710
117710
117710
117710
117710
117710
117710
117710
117710
117710
117710
117710
117710
117710
117710
117710
117710
117710
117710
117710
117710
117710
117710
117710
117710
117710
117710
117710
117710
117710
117710
117710
117710
117710
117710
117710
117710
117710
117710
117710
117710
117710
117710
117710
117710
117710
117710
117710
117710
117710
117710
117710
117710
117710
117710
117710
117710
117710
117710
117710
117710
117710
117710
117710
117710
117710
117710
117710
117710
117710
117710
117710
117710
117710
117710
117710
117710
117710
117710
117710
117710
117710
117710
117710
117710
117710
117710
117710
117710
117710
117710
117710
117710
117710
117710
117710
117710
117710
117710
117710
117710
117710
117710
117710
117710
117710
117710
117710
117710
117710
117710
117710
117710
117710
117710
117710
117710
117710
117710
117710
117710
117710
117710
117710
117710
117710
117710
117710
117710
117710
117710
117710
117710
117710
117710
117710
117710
117710
117710
117710
117710
117710
117710
117710
117710
117710
117710
117710
117710
117710
117710
117710
117710
117710
117710
117710
117710
117710
117710
117710
117710
117715
117734
117751
117762
117762
117762
117762
117762
117763
117779
117794
117807
117819
117831
117839
117850
117852
117853
117863
117872
117880
117889
117899
117911
117929
117949
117972
117997
118026
118066
118098
118140
118179
118218
118253
118284
118310
118336
118358
118380
118399
118416
118432
118445
118458
118468
118470
118472
118476
118478
118478
118478
118478
118478
118478
118479
118479
118479
118479
118479
118479
118479
118479
118479
118479
118479
118479
118479
118479
118479
118479
118479
118479
118479
118479
118479
118479
118479
118479
118479
118479
118479
118479
118479
118479
118479
118479
118479
118479
118479
118479
118479
118479
118479
118479
118479
118479
118479
118479
118479
118479
118479
118479
118479
118479
118479
118479
118479
118479
118479
118479
118479
118479
118479
118489
118499
118504
118504
118504
118504
118504
118509
118509
118509
118509
118509
118509
118509
118509
118509
118509
118509
118509
118509
118509
118509
118509
118509
118509
118509
118509
118509
118509
118509
118509
118509
118509
118509
118509
118509
118509
118509
118509
118509
118509
118509
118509
118509
118509
118509
118509
118509
118509
118509
118509
118509
118509
118509
118509
118509
118509
118509
118509
118509
118509
118509
118509
118509
118509
118509
118509
118509
118509
118509
118509
118509
118509
118509
118509
118509
118509
118509
118509
118509
118509
118509
118509
118509
118509
118509
118509
118509
118509
118509
118509
118509
118509
118509
118509
118509
118509
118509
118509
118509
118509
118509
118509
118509
118509
118509
118509
118509
118509
118509
118509
118509
118509
118509
118509
118509
118509
118509
118509
118509
118509
118509
118509
118509
118509
118509
118509
118509
118509
118509
118509
118509
118509
118509
118509
118509
118509
118509
118509
118509
118509
118509
118509
118509
118509
118509
118509
118509
118509
118509
118509
118509
118509
118509
118509
118509
118509
118509
118509
118509
118509
118509
118509
118509
118509
118509
118509
118509
118509
118516
118530
118549
118567
118577
118578
118578
118578
118578
118578
118578
118578
118578
118578
118578
118578
118578
118578
118578
118578
118578
118578
118578
118578
118578
118578
118578
118578
118578
118578
118578
118578
118578
118578
118578
118578
118578
118578
118578
118578
118578
118578
118578
118578
118578
118578
118578
118578
118578
118578
118578
118578
118578
118578
118578
118578
118578
118583
118617
118651
118654
118654
118654
118662
118675
118689
118697
118697
118697
118697
118697
118697
118697
118697
118697
118697
118697
118697
118697
118697
118697
118697
118697
118697
118697
118697
118697
118697
118697
118697
118697
118697
118697
118697
118708
118739
118773
118773
118773
118773
118773
118773
118773
118773
118773
118773
118773
118773
118773
118773
118773
118773
118773
118773
118773
118773
118773
118773
118773
118773
118773
118773
118773
118773
118773
118773
118773
118773
118773
118773
118773
118773
118773
118773
118773
118773
118773
118773
118773
118773
118773
118773
118773
118773
118773
118773
118773
118773
118773
118773
118773
118773
118773
118773
118773
118773
118773
118773
118773
118773
118773
118773
118773
118773
118773
118773
118773
118773
118773
118773
118773
118773
118773
118773
118773
118773
118773
118773
118773
118773
118773
118773
118773
118773
118773
118773
118773
118773
118773
118773
118773
118773
118773
118775
118775
118775
118775
118775
118775
118775
118775
118775
118775
118775
118775
118775
118775
118775
118775
118775
118775
118775
118775
118775
118775
118775
118775
118775
118775
118775
118775
118775
118775
118775
118775
118775
118775
118775
118775
118775
118775
118775
118777
118795
118818
118844
118855
118855
118855
118855
118855
118855
118855
118875
118909
118917
118918
118918
118921
118921
118921
118921
118921
118946
118980
119000
119020
119040
119060
119078
119092
119131
119165
119191
119206
119223
119235
119243
119252
119257
119262
119263
119263
119264
119264
119264
119278
119279
119279
119279
119279
119279
119279
119279
119279
119279
119279
119279
119279
119279
119279
119279
119279
119279
119279
119279
119279
119279
119279
119279
119279
119279
119279
119279
119279
119289
119295
119295
119295
119295
119295
119295
119295
119295
119295
119295
119295
119295
119295
119295
119295
119295
119295
119295
119295
119295
119295
119295
119295
119295
119295
119295
119295
119295
119295
119295
119295
119295
119295
119295
119295
119295
119295
119295
119295
119295
119295
119295
119295
119295
119295
119295
119295
119295
119295
119295
119295
119295
119295
119295
119295
119295
119295
119295
119295
119295
119295
119295
119295
119295
119295
119295
119295
119295
119295
119295
119295
119295
119295
119295
119295
119295
119295
119295
119295
119295
119295
119295
119295
119295
119295
119295
119295
119295
119295
119295
119295
119295
119295
119295
119295
119295
119295
119295
119295
119295
119295
119295
119295
119295
119295
119295
119295
119295
119295
119295
119295
119295
119295
119295
119295
119295
119295
119295
119295
119295
119295
119295
119295
119295
119295
119295
119295
119295
119295
119295
119295
119295
119295
119295
119295
119295
119295
119295
119295
119295
119295
119295
119295
119295
119295
119295
119295
119295
119295
119295
119295
119295
119295
119295
119295
119295
119295
119295
119295
119295
119295
119295
119295
119295
119295
119295
119295
119295
119295
119295
119295
119295
119295
119295
119295
119295
119295
119295
119295
119295
119295
119295
119295
119295
119295
119295
119295
119295
119295
119295
119295
119295
119295
119295
119295
119295
119295
119295
119295
119295
119295
119295
119295
119295
119295
119295
119295
119295
119295
119295
119295
119295
119295
119295
119295
119295
119295
119295
119295
119295
119295
119295
119295
119295
119295
119295
119295
119295
119295
119295
119295
119295
119295
119295
119295
119295
119295
119295
119295
119295
119295
119295
119295
119295
119295
119295
119295
119295
119295
119295
119295
119295
119295
119295
119295
119295
119295
119295
119295
119295
119295
119295
119295
119295
119295
119295
119295
119295
119295
119295
119298
119305
119315
119338
119394
119457
119516
119566
119588
119588
119588
119588
119588
119609
119635
119655
119674
119689
119727
119767
119790
119790
119790
119790
119790
119790
119790
119790
119790
119790
119790
119790
119790
119790
119790
119790
119790
119791
119804
119806
119806
119806
119806
119806
119806
119806
119806
119806
119806
119806
119806
119806
119806
119806
119806
119806
119806
119806
119806
119806
119806
119806
119806
119806
119806
119806
119806
119806
119806
119806
119806
119806
119806
119806
119806
119806
119806
119806
119806
119806
119806
119806
119806
119806
119806
119806
119806
119806
119806
119806
119806
119806
119806
119806
119806
119806
119806
119806
119806
119806
119806
119806
119806
119806
119806
119806
119806
119806
119806
119806
119806
119806
119806
119806
119806
119806
119806
119806
119806
119806
119806
119806
119806
119806
119806
119806
119806
119806
119806
119806
119806
119806
119806
119806
119806
119806
119806
119806
119806
119806
119806
119806
119806
119806
119806
119806
119806
119806
119806
119806
119806
119806
119806
119806
119806
119806
119806
119806
119806
119806
119806
119806
119806
119806
119806
119806
119806
119806
119806
119806
119806
119806
119806
119806
119806
119806
119806
119806
119806
119806
119806
119806
119806
119806
119806
119806
119806
119806
119806
119806
119806
119806
119806
119806
119806
119806
119806
119806
119806
119806
119806
119806
119806
119806
119806
119806
119806
119806
119806
119806
119806
119806
119806
119806
119806
119806
119806
119806
119806
119806
119806
119806
119806
119806
119806
119806
119811
119823
119825
119825
119825
119825
119825
119825
119825
119825
119825
119825
119825
119825
119825
119825
119825
119825
119825
119825
119825
119825
119826
119832
119833
119833
119833
119833
119833
119833
119833
119833
119833
119833
119833
119833
119833
119833
119833
119833
119833
119833
119833
119833
119833
119833
119833
119833
119833
119833
119833
119833
119833
119833
119833
119833
119833
119833
119833
119833
119833
119833
119833
119833
119833
119833
119833
119833
119833
119833
119833
119833
119833
119833
119833
119833
119833
119833
119833
119835
119840
119846
119849
119849
119849
119849
119849
119849
119849
119849
119849
119849
119849
119849
119849
119849
119849
119849
119849
119849
119849
119849
119849
119849
119849
119849
119849
119849
119849
119849
119849
119849
119849
119849
119849
119849
119849
119849
119849
119849
119849
119849
119849
119849
119849
119849
119849
119849
119849
119851
119853
119853
119853
119853
119853
119853
119853
119853
119853
119853
119853
119853
119853
119853
119853
119853
119853
119853
119853
119853
119853
119853
119853
119853
119853
119853
119853
119853
119853
119853
119853
119853
119853
119853
119853
119853
119853
119853
119853
119853
119853
119853
119853
119853
119853
119853
119853
119853
119853
119853
119853
119853
119853
119853
119853
119853
119853
119853
119853
119853
119853
119853
119853
119853
119853
119853
119853
119853
119853
119853
119853
119853
119853
119853
119853
119853
119853
119853
119853
119853
119853
119853
119853
119853
119853
119853
119853
119853
119853
119853
119853
119853
119853
119853
119853
119853
119853
119853
119853
119853
119853
119853
119853
119853
119853
119853
119853
119853
119853
119853
119853
119853
119853
119853
119853
119853
119853
119853
119853
119853
119853
119853
119853
119853
119853
119853
119853
119853
119853
119853
119853
119853
119853
119853
119853
119853
119853
119853
119853
119853
119853
119853
119853
119853
119853
119853
119853
119853
119853
119853
119853
119853
119853
119853
119853
119853
119853
119853
119853
119853
119853
119853
119853
119853
119853
119853
119853
119853
119853
119853
119853
119853
119853
119853
119853
119853
119853
119853
119853
119853
119853
119853
119853
119853
119853
119853
119853
119853
119853
119853
119853
119853
119853
119853
119853
119853
119853
119853
119853
119853
119853
119853
119853
119853
119853
119853
119853
119853
119853
119853
119853
119853
119853
119853
119853
119853
119853
119853
119853
119853
119853
119853
119853
119853
119853
119853
119853
119853
119853
119853
119853
119853
119853
119853
119853
119853
119853
119853
119853
119853
119853
119853
119853
119853
119853
119853
119853
119853
119853
119853
119853
119853
119853
119853
119853
119853
119853
119853
119853
119853
119853
119853
119853
119853
119853
119853
119853
119853
119853
119853
119853
119853
119853
119853
119853
119853
119853
119853
119853
119853
119853
119853
119853
119853
119853
119853
119853
119853
119853
119853
119853
119853
119853
119853
119853
119853
119853
119853
119853
119853
119853
119853
119853
119853
119853
119853
119853
119853
119853
119853
119853
119853
119853
119853
119853
119853
119853
119853
119853
119853
119853
119853
119853
119853
119853
119853
119853
119853
119853
119853
119853
119853
119853
119853
119853
119853
119853
119853
119853
119853
119853
119853
119853
119853
119853
119853
119853
119853
119853
119853
119853
119853
119853
119853
119853
119853
119853
119853
119853
119853
119853
119853
119853
119853
119853
119853
119853
119853
119853
119853
119853
119853
119853
119853
119853
119853
119853
119853
119853
119853
119853
119853
119853
119853
119853
119853
119853
119853
119853
119853
119853
119853
119853
119853
119853
119853
119853
119853
119853
119853
119853
119853
119853
119853
119853
119853
119853
119853
119853
119853
119853
119853
119853
119853
119853
119853
119853
119853
119853
119853
119853
119853
119853
119853
119853
119853
119853
119853
119853
119853
119853
119853
119853
119853
119853
119853
119853
119853
119853
119853
119853
119853
119853
119853
119853
119853
119853
119853
119853
119853
119853
119853
119853
119853
119853
119853
119853
119853
119853
119853
119853
119854
119859
119860
119860
119860
119860
119860
119860
119860
119860
119860
119860
119860
119860
119860
119860
119860
119860
119860
119860
119860
119860
119860
119860
119860
119860
119860
119860
119860
119860
119860
119860
119860
119860
119860
119860
119860
119860
119860
119860
119860
119860
119860
119860
119860
119860
119860
119860
119860
119860
119860
119860
119860
119860
119860
119860
119860
119860
119860
119860
119860
119860
119860
119860
119860
119860
119860
119860
119860
119860
119860
119860
119860
119860
119860
119860
119860
119860
119860
119860
119860
119860
119860
119860
119860
119860
119860
119860
119860
119860
119860
119860
119860
119860
119860
119860
119860
119860
119860
119860
119860
119860
119860
119860
119860
119860
119860
119860
119860
119860
119860
119860
119860
119860
119860
119860
119860
119860
119860
119860
119860
119860
119860
119860
119860
119860
119860
119860
119860
119860
119860
119860
119860
119860
119860
119860
119860
119860
119860
119860
119860
119860
119860
119860
119860
119860
119860
119860
119860
119860
119860
119860
119860
119860
119860
119860
119860
119860
119860
119860
119860
119860
119860
119860
119860
119860
119860
119860
119860
119860
119860
119860
119860
119860
119860
119860
119860
119865
119877
119902
119923
119940
119940
119940
119940
119940
119940
119956
119974
119974
119974
119974
119974
119974
119976
119976
119976
119976
119976
119976
119976
119976
119976
119976
119976
119976
119976
119976
119976
119976
119976
119976
119976
119976
119976
119976
119976
119976
119976
119976
119976
119976
119976
119976
119976
119976
119976
119976
119976
119976
119976
119976
119976
119976
119976
119976
119976
119976
119976
119976
119976
119976
119976
119976
119976
119976
119976
119976
119976
119976
119976
119976
119976
119976
119976
119976
119976
119976
119976
119977
119978
119978
119978
119978
119978
119978
119978
119978
119978
119978
119978
119978
119978
119978
119978
119978
119978
119978
119978
119978
119978
119978
119978
119978
119978
119978
119978
119978
119978
119978
119978
119978
119978
119978
119978
119978
119978
119978
119978
119978
119978
119978
119978
119978
119978
119978
119978
119978
119978
119978
119978
119978
119978
119978
119978
119978
119978
119978
119978
119978
119978
119978
119978
119978
119978
119978
119978
119978
119978
119978
119978
119978
119978
119978
119978
119978
119978
119978
119978
119978
119978
119978
119978
119978
119978
119978
119978
119978
119978
119978
119978
119978
119978
119978
119978
119978
119978
119978
119978
119978
119978
119978
119978
119978
119978
119978
119978
119978
119978
119978
119978
119978
119978
119978
119978
119978
119978
119978
119978
119978
119978
119978
119978
119978
119978
119978
119978
119978
119978
119978
119978
119978
119978
119978
119978
119978
119978
119978
119978
119978
119978
119978
119978
119978
119978
119978
119978
119978
119978
119978
119978
119978
119978
119978
119978
119978
119978
119978
119978
119978
119978
119978
119978
119982
119982
119982
119982
119982
119982
119982
119982
119982
119982
119982
119982
119982
119982
119982
119982
119982
119982
119982
119982
119982
119982
119982
119982
119982
119982
119982
119982
119982
119982
119982
119982
119982
119982
119982
119982
119982
119982
119982
119982
119982
119982
119982
119982
119982
119982
119982
119982
119982
119982
119982
119982
119982
119982
119982
119982
119982
119982
119982
119982
119982
119982
119982
119982
119982
119982
119982
119982
119982
119982
119982
119982
119982
119982
119982
119982
119982
119982
119982
119982
119982
119982
119982
119982
119982
119982
119982
119982
119982
119982
119982
119982
119982
119982
119982
119982
119982
119982
119982
119982
119982
119982
119982
119982
119982
119982
119982
119982
119982
119982
119982
119982
119982
119982
119982
119982
119982
119982
119982
119982
119982
119982
119982
119982
119982
119982
119982
119982
119982
119982
119982
119982
119982
119982
119982
119982
119982
119982
119982
119982
119982
119982
119982
119982
119982
119982
119982
119982
119982
119982
119982
119982
119982
119982
119982
119982
119982
119982
119982
119982
119982
119982
119982
119982
119982
119982
119982
119982
119982
119982
119982
119982
119982
119982
119982
119982
119982
119982
119982
119982
119982
119982
119982
119982
119982
119982
119982
119982
119982
119982
119982
119982
119982
119982
119982
119982
119982
119982
119982
119982
119982
119982
119982
119982
119982
119982
119982
119982
119982
119982
119982
119982
119982
119982
119982
119982
119982
119982
119982
119982
119982
119982
119982
119982
119982
119982
119982
119982
119982
119982
119982
119982
119982
119982
119982
119982
119982
119982
119982
119982
119982
119982
119982
119982
119982
119982
119982
119982
119982
119982
119982
119982
119982
119982
119982
119982
119982
119982
119982
119982
119982
119982
119982
119982
119982
119982
119982
119982
119982
119982
119982
119982
119982
119982
119982
119982
119982
119982
119982
119982
119982
119982
119982
119982
119982
119982
119982
119982
119982
119982
119982
119982
119982
119982
119982
119982
119982
119982
119982
119982
119982
119982
119982
119982
119982
119982
119982
119982
119982
119982
119982
119982
119982
119982
119982
119982
119982
119982
119982
119982
119982
119982
119982
119982
119982
119982
119982
119982
119982
119982
119982
119982
119982
119982
119982
119982
119982
119982
119982
119982
119982
119982
119982
119982
119982
119982
119982
119982
119982
119982
119982
119982
119982
119982
119982
119982
119982
119982
119982
119982
119982
119982
119982
119982
119982
119982
119982
119982
119982
119982
119982
119982
119982
119982
119982
119982
119982
119982
119982
119982
119982
119982
119982
119982
119982
119982
119982
119982
119982
119982
119982
119982
119982
119982
119982
119982
119982
119982
119982
119982
119982
119982
119982
119982
119982
119982
119982
119982
119982
119982
119982
119982
119982
119982
119982
119982
119982
119982
119982
119982
119982
119982
119982
119982
119982
119982
119982
119982
119982
119982
119982
119982
119982
119982
119982
119982
119982
119982
119982
119982
119982
119982
119982
119982
119982
119982
119982
119982
119982
119982
119982
119982
119982
119982
119982
119982
119982
119982
119982
119982
119982
119982
119982
119982
119982
119982
119982
119982
119982
119982
119982
119982
119982
119982
119982
119982
119982
119982
119982
119982
119982
119982
119982
119982
119982
119982
119982
119982
119982
119982
119982
119982
119982
119982
119982
119982
119982
119982
119982
119982
119982
119982
119982
119982
119982
119982
119982
119982
119982
119982
119982
119982
119982
119982
119982
119982
119982
119982
119982
119982
119982
119982
119982
119982
119982
119982
119982
119982
119982
119982
119982
119982
119982
119982
119982
119982
119982
119982
119982
119982
119982
119982
119982
119982
119982
119982
119982
119982
119982
119982
119982
119982
119982
119982
119982
119982
119982
119982
119982
119982
119982
119982
119982
119982
119982
119982
119982
119982
119982
119982
119982
119982
119982
119982
119982
119982
119982
119982
119982
119982
119982
119982
119982
119982
119982
119982
119982
119982
119982
119982
119982
119982
119982
119982
119982
119982
119982
119982
119982
119982
119982
119982
119982
119982
119982
119982
119982
119982
119982
119982
119982
119982
119982
119982
119982
119982
119982
119982
119982
119982
119982
119982
119982
119982
119982
119982
119982
119982
119982
119982
119982
119982
119982
119982
119982
119982
119982
119982
119982
119982
119982
119982
119982
119982
119982
119982
119982
119982
119982
119982
119982
119982
119982
119982
119982
119982
119982
119982
119982
119982
119982
119982
119982
119982
119982
119982
119982
119982
119982
119982
119982
119982
119982
119982
119982
119982
119982
119982
119982
119982
119982
119982
119982
119982
119982
119982
119982
119982
119982
119982
119982
119982
119982
119982
119982
119982
119982
119982
119982
119982
119982
119982
119982
119982
119982
119982
119982
119982
119982
119982
119982
119982
119982
119982
119982
119982
119982
119982
119982
119982
119982
119982
119982
119982
119982
119982
119982
119982
119982
119982
119982
119982
119982
119982
119982
119982
119982
119982
119982
119982
119982
119982
119982
119982
119982
119982
119982
119982
119982
119982
119982
119982
119982
119982
119982
119982
119982
119982
119982
119982
119982
119982
119982
119982
119982
119982
119982
119982
119982
119982
119982
119982
119982
119982
119982
119982
119982
119982
119982
119982
119982
119982
119982
119982
119982
119982
119982
119982
119982
119982
119982
119982
119982
119982
119982
119982
119982
119982
119982
119982
119982
119982
119982
119982
119982
119982
119982
119982
119982
119982
119982
119982
119982
119982
119982
119982
119982
119982
119982
119982
119982
119982
119982
119982
119982
119982
119982
119982
119982
119982
119982
119982
119982
119982
119982
119982
119982
119982
119982
119982
119982
119982
119982
119982
119982
119982
119982
119982
119982
119982
119982
119982
119982
119982
119982
119982
119982
119982
119982
119982
119982
119982
119982
119982
119982
119982
119982
119982
119982
119982
119982
119982
119982
119982
119982
119982
119982
119982
119982
119982
119982
119982
119982
119982
119982
119983
119992
119998
119999
119999
119999
120000
120000
120000
120000
120000
120000
120000
120000
120000
120000
120000
120000
120000
120000
120000
120000
120000
120000
120000
120000
120000
120000
120000
120000
120000
120000
120000
120000
120000
120000
120000
120000
120000
120000
120000
120000
120000
120000
120000
120000
120000
120000
120000
120000
120000
120000
120000
120000
120000
120000
120000
120000
120000
120000
120000
120000
120000
120000
120000
120000
120000
120000
120000
120000
120000
120000
120000
120000
120000
120000
120000
120000
120000
120000
120000
120000
120000
120000
120000
120000
120000
120000
120000
120000
120000
120000
120000
120000
120000
120000
120000
120000
120000
120000
120000
120000
120000
120000
120000
120000
120000
120000
120000
120000
120000
120000
120000
120000
120000
120000
120000
120000
120000
120000
120000
120000
120000
120000
120000
120000
120000
120000
120000
120000
120000
120000
120000
120000
120000
120000
120000
120000
120000
120000
120000
120000
120000
120000
120000
120000
120000
120000
120000
120000
120000
120000
120000
120000
120000
120000
120000
120000
120000
120000
120000
120000
120000
120000
120000
120000
120000
120000
120000
120000
120000
120000
120000
120000
120000
120000
120000
120000
120000
120000
120000
120000
120000
120000
120000
120000
120000
120000
120000
120000
120000
120000
120000
120000
120000
120000
120000
120000
120000
120000
120000
120000
120000
120000
120000
120000
120000
120000
120000
120000
120000
120000
120000
120000
120000
120000
120000
120000
120000
120000
120000
120000
120000
120000
120000
120000
120000
120000
120000
120000
120000
120000
120000
120000
120000
120000
120000
120000
120000
120000
120000
120000
120000
120000
120000
120000
120000
120000
120000
120000
120000
120000
120000
120000
120000
120000
120000
120000
120000
120000
120000
120000
120000
120000
120000
120000
120000
120000
120000
120000
120000
120000
120000
120000
120000
120000
120000
120000
120000
120000
120000
120000
120000
120000
120000
120000
120000
120000
120000
120000
120000
120000
120000
120000
120000
120000
120000
120000
120000
120000
120000
120000
120000
120000
120000
120000
120000
120000
120000
120000
120000
120000
120000
120000
120000
120000
120000
120000
120000
120000
120000
120000
120000
120000
120000
120000
120000
120000
120000
120000
120000
120000
120000
120000
120000
120000
120000
120000
120000
120000
120000
120000
120000
120000
120000
120000
120000
120000
120000
120000
120000
120000
120000
120000
120000
120000
120000
120000
120000
120000
120000
120000
120000
120000
120000
120000
120000
120000
120000
120000
120000
120000
120000
120000
120000
120000
120000
120000
120000
120000
120000
120000
120000
120000
120000
120000
120000
120000
120000
120000
120000
120000
120000
120000
120000
120000
120000
120000
120000
120000
120000
120000
120000
120000
120000
120000
120000
120000
120000
120000
120000
120000
120000
120000
120000
120000
120000
120000
120000
120000
120000
120000
120000
120000
120000
120000
120000
120000
120000
120000
120000
120000
120000
120000
120000
120000
120000
120000
120000
120000
120000
120000
120000
120000
120000
120000
120000
120000
120000
120000
120000
120000
120000
120000
120000
120000
120000
120000
120000
120000
120000
120000
120000
120000
120000
120000
120000
120000
120000
120000
120000
120000
120000
120000
120000
120000
120000
120000
120000
120000
120000
120000
120000
120000
120000
120000
120000
120000
120000
120000
120000
120000
120000
120000
120000
120000
120000
120000
120000
120000
120000
120000
120000
120000
120000
120000
120000
120000
120000
120000
120000
120000
120000
120000
120000
120000
120000
120000
120000
120000
120000
120000
120000
120000
120000
120000
120000
120000
120000
120000
120000
120000
120000
120000
120000
120000
120000
120000
120000
120000
120000
120000
120000
120000
120000
120000
120000
120000
120000
120000
120000
120000
120000
120000
120000
120000
120000
120000
120000
120000
120000
120000
120000
120000
120000
120000
120000
120000
120000
120000
120000
120000
120000
120000
120000
120000
120000
120000
120000
120000
120000
120000
120000
120000
120000
120000
120000
120000
120000
120000
120000
120000
120000
120000
120000
120000
