Time needed: 1102.27 s
Distance travelled: 1738.74 m
Total rotation: 36424.5°
Objects found after: 18.60 s, 80.40 s, 681.73 s

+++ following progress ticks +++
463
535
628
685
745
805
846
904
962
1007
1078
1136
1194
1248
1319
1386
1444
1502
1560
1617
1672
1731
1790
1848
1909
1965
2077
2170
2229
2288
2345
2404
2463
2514
2593
2685
2754
2810
2836
2889
2936
2969
3006
3056
3100
3154
3211
3271
3326
3388
3431
3511
3573
3631
3691
3749
3811
3899
3989
4055
4105
4150
4191
4262
4312
4358
4401
4441
4512
4571
4624
4677
4727
4775
4823
4864
4911
4955
4999
5043
5084
5111
5152
5193
5234
5259
5260
5260
5260
5260
5260
5260
5260
5260
5260
5260
5262
5270
5292
5333
5382
5450
5520
5565
5593
5616
5636
5660
5692
5755
5812
5843
5875
5906
5936
5962
5992
6019
6066
6104
6142
6177
6215
6253
6291
6329
6370
6409
6449
6490
6532
6562
6592
6621
6649
6676
6703
6728
6753
6779
6841
6921
6985
7037
7093
7150
7207
7285
7383
7479
7539
7595
7649
7722
7795
7853
7909
7970
8029
8085
8133
8175
8233
8325
8388
8447
8503
8563
8621
8680
8738
8786
8864
8924
8983
9043
9100
9157
9215
9274
9354
9429
9484
9541
9599
9649
9724
9819
9877
9935
9993
10053
10109
10160
10249
10332
10393
10449
10509
10568
10608
10667
10725
10784
10841
10903
10959
11018
11065
11156
11252
11330
11389
11446
11503
11562
11618
11692
11780
11849
11906
11962
12024
12082
12136
12203
12274
12332
12386
12456
12539
12607
12666
12725
12783
12843
12923
12981
13039
13096
13184
13291
13384
13502
13605
13707
13760
13818
13876
13937
13994
14053
14110
14151
14224
14285
14345
14402
14461
14517
14577
14624
14705
14762
14824
14879
14939
14998
15057
15111
15168
15230
15290
15348
15402
15460
15521
15573
15653
15744
15814
15873
15930
15988
16047
16103
16164
16250
16327
16427
16483
16518
16575
16635
16694
16753
16812
16867
16929
16985
17048
17106
17165
17223
17285
17350
17404
17459
17518
17579
17637
17696
17756
17796
17884
17956
17992
18056
18117
18175
18232
18291
18347
18400
18474
18550
18605
18650
18713
18773
18828
18886
18945
19004
19053
19121
19181
19241
19295
19352
19420
19479
19536
19590
19660
19718
19777
19835
19894
19954
20012
20065
20124
20182
20240
20322
20421
20504
20563
20615
20676
20724
20786
20842
20937
21041
21145
21204
21260
21367
21456
21514
21551
21618
21684
21741
21836
21937
22041
22102
22154
22258
22362
22428
22482
22540
22591
22637
22683
22728
22772
22817
22861
22884
22910
22929
22946
22963
22979
22998
23032
23057
23118
23168
23213
23258
23299
23345
23390
23434
23467
23494
23513
23522
23528
23534
23564
23587
23602
23618
23662
23744
23828
23866
23895
23919
23941
23971
24041
24123
24185
24224
24261
24288
24307
24319
24334
24342
24345
24345
24353
24378
24420
24435
24449
24467
24481
24522
24594
24652
24703
24742
24782
24823
24865
24908
24950
24985
25012
25061
25099
25128
25169
25209
25246
25282
25320
25361
25400
25462
25547
25619
25677
25734
25793
25852
25897
25978
26073
26160
26218
26279
26326
26347
26404
26419
26482
26559
26624
26686
26746
26803
26864
26919
26991
27044
27101
27160
27218
27273
27352
27442
27499
27554
27667
27766
27829
27890
27949
28003
28064
28122
28178
28237
28297
28356
28415
28470
28524
28603
28662
28720
28778
28829
28907
28973
29028
29086
29146
29205
29263
29318
29370
29437
29485
29585
29665
29713
29816
29919
30018
30073
30133
30184
30245
30288
30305
30333
30345
30359
30415
30474
30494
30494
30494
30494
30494
30494
30494
30494
30494
30494
30494
30494
30494
30494
30494
30494
30494
30494
30494
30494
30500
30537
30592
30666
30737
30844
30949
31007
31065
31122
31170
31243
31306
31362
31417
31465
31516
31568
31607
31667
31724
31783
31844
31899
31956
31993
32018
32047
32070
32085
32091
32091
32091
32091
32091
32091
32091
32091
32091
32091
32091
32091
32091
32091
32091
32091
32091
32091
32091
32091
32092
32095
32099
32109
32118
32128
32135
32138
32138
32139
32140
32140
32147
32158
32172
32190
32206
32217
32224
32224
32224
32224
32224
32224
32224
32224
32224
32224
32224
32224
32224
32224
32224
32224
32224
32224
32224
32224
32224
32224
32224
32224
32224
32224
32224
32224
32224
32224
32224
32224
32224
32224
32224
32224
32224
32224
32224
32224
32224
32224
32224
32224
32224
32224
32224
32224
32224
32224
32224
32224
32224
32224
32224
32224
32224
32224
32224
32224
32224
32224
32224
32224
32224
32224
32224
32224
32224
32227
32243
32261
32270
32278
32284
32289
32289
32295
32296
32297
32297
32297
32297
32297
32297
32297
32298
32337
32372
32423
32456
32465
32496
32527
32561
32600
32625
32640
32648
32648
32648
32648
32648
32648
32648
32648
32648
32648
32648
32649
32667
32698
32741
32787
32819
32842
32855
32859
32859
32859
32859
32859
32859
32859
32859
32859
32859
32859
32859
32859
32859
32865
32883
32901
32911
32926
32931
32944
32979
33005
33024
33042
33058
33081
33133
33194
33257
33296
33338
33381
33459
33561
33645
33702
33750
33836
33895
33946
33993
34035
34080
34135
34179
34236
34296
34354
34403
34483
34565
34627
34685
34740
34803
34860
34918
34977
35035
35091
35150
35198
35270
35350
35406
35460
35518
35579
35616
35687
35745
35802
35862
35920
35978
36037
36096
36174
36271
36364
36428
36469
36532
36591
36649
36707
36763
36807
36886
36953
37012
37071
37128
37184
37230
37288
37346
37404
37463
37523
37577
37638
37697
37752
37833
37888
37946
38006
38059
38134
38221
38312
38367
38414
38489
38559
38614
38674
38726
38812
38912
38982
39041
39101
39159
39218
39271
39342
39424
39484
39537
39593
39631
39658
39681
39697
39707
39714
39725
39731
39769
39822
39870
39893
39911
39926
39942
39965
40016
40048
40075
40100
40125
40141
40191
40270
40364
40435
40494
40551
40611
40629
40671
40727
40789
40835
40931
41032
41105
41163
41235
41312
41372
41428
41485
41545
41595
41678
41771
41821
41919
42018
42110
42169
42227
42289
42368
42426
42484
42542
42600
42659
42721
42777
42836
42895
42936
43008
43098
43174
43210
43246
43315
43354
43366
43366
43366
43366
43366
43366
43366
43366
43366
43366
43366
43366
43366
43366
43376
43422
43471
43512
43589
43662
43705
43743
43782
43817
43850
43878
43910
43942
43973
44006
44042
44078
44125
44201
44275
44324
44369
44409
44443
44463
44476
44479
44479
44479
44479
44479
44479
44479
44499
44527
44568
44605
44642
44672
44694
44727
44748
44755
44755
44755
44755
44755
44755
44755
44755
44755
44755
44755
44755
44755
44755
44755
44755
44755
44755
44755
44755
44755
44755
44755
44755
44755
44755
44755
44755
44755
44755
44755
44775
44829
44877
44915
44925
44940
44950
44957
44959
44962
44964
44967
44973
44982
44995
45009
45022
45024
45024
45024
45024
45024
45024
45024
45024
45024
45024
45024
45024
45024
45024
45024
45024
45024
45024
45024
45024
45024
45024
45024
45024
45024
45024
45024
45024
45024
45024
45024
45024
45024
45024
45024
45024
45024
45024
45024
45024
45024
45024
45024
45024
45024
45024
45024
45024
45024
45024
45024
45024
45024
45024
45024
45024
45024
45024
45024
45024
45024
45024
45024
45024
45024
45024
45024
45024
45024
45024
45024
45024
45024
45024
45024
45024
45024
45024
45024
45024
45024
45024
45024
45024
45024
45024
45024
45024
45024
45024
45024
45024
45024
45024
45024
45024
45024
45024
45024
45024
45024
45024
45024
45024
45024
45024
45024
45024
45024
45024
45024
45024
45024
45024
45024
45024
45024
45024
45024
45024
45024
45024
45024
45024
45024
45024
45024
45024
45024
45024
45024
45024
45024
45024
45024
45024
45024
45024
45024
45024
45024
45024
45024
45024
45024
45024
45024
45024
45024
45024
45024
45024
45024
45024
45024
45024
45024
45024
45024
45024
45024
45024
45024
45024
45024
45024
45024
45024
45024
45024
45024
45024
45024
45024
45024
45024
45024
45024
45024
45024
45024
45024
45024
45024
45024
45024
45024
45024
45024
45028
45069
45122
45172
45212
45238
45276
45311
45339
45360
45376
45387
45408
45457
45515
45564
45606
45651
45681
45744
45812
45872
45931
45975
46046
46120
46164
46203
46238
46272
46306
46337
46387
46432
46481
46534
46584
46638
46690
46742
46781
46828
46873
46923
46969
47015
47064
47111
47144
47182
47217
47250
47289
47320
47382
47432
47481
47518
47530
47560
47573
47586
47594
47605
47652
47719
47753
47789
47823
47851
47911
47997
48062
48121
48165
48198
48222
48241
48245
48248
48248
48248
48248
48250
48272
48309
48347
48404
48464
48493
48507
48514
48547
48613
48654
48675
48712
48801
48892
48949
49000
49053
49106
49158
49210
49251
49312
49371
49427
49489
49546
49604
49662
49714
49772
49832
49889
49946
50004
50056
50117
50166
50207
50244
50282
50317
50352
50375
50431
50515
50602
50662
50714
50770
50830
50886
50947
51000
51059
51117
51178
51227
51312
51387
51434
51482
51531
51573
51619
51661
51727
51818
51904
51963
52006
52071
52132
52190
52250
52306
52367
52419
52464
52500
52564
52655
52738
52819
52902
52948
52989
53059
53140
53218
53277
53334
53391
53450
53508
53574
53634
53690
53737
53750
53754
53754
53754
53754
53754
53754
53754
53754
53754
53754
53754
53757
53759
53762
53769
53779
53791
53801
53801
53805
53805
53805
53806
53806
53806
53806
53806
53806
53806
53806
53806
53806
53806
53806
53815
53830
53850
53866
53880
53891
53901
53905
53905
53905
53905
53905
53905
53905
53905
53905
53905
53905
53905
53905
53905
53905
53905
53905
53905
53906
53910
53917
53927
53935
53940
53943
53944
53944
53944
53944
53944
53944
53944
53944
53944
53944
53944
53944
53944
53944
53944
53944
53944
53944
53944
53944
53944
53944
53944
53944
53944
53944
53944
53944
53944
53944
53944
53944
53944
53944
53944
53944
53944
53944
53944
53944
53944
53944
53944
53944
53944
53944
53944
53944
53944
53944
53944
53944
53944
53944
53944
53944
53944
53944
53944
53944
53957
54012
54062
54101
54129
54155
54185
54220
54260
54282
54289
54289
54289
54289
54289
54289
54289
54289
54289
54289
54289
54289
54289
54289
54298
54301
54302
54303
54303
54303
54303
54303
54303
54303
54303
54303
54303
54303
54303
54303
54303
54303
54303
54303
54303
54303
54303
54303
54303
54303
54303
54303
54303
54303
54303
54303
54303
54303
54303
54303
54303
54303
54303
54303
54303
54303
54303
54303
54303
54303
54303
54303
54303
54303
54303
54303
54303
54303
54303
54303
54303
54303
54303
54303
54303
54303
54303
54303
54303
54303
54303
54303
54303
54303
54303
54303
54303
54303
54303
54303
54303
54303
54303
54303
54303
54303
54303
54303
54303
54303
54303
54303
54303
54303
54303
54303
54303
54303
54303
54303
54303
54303
54303
54303
54303
54303
54303
54303
54303
54303
54303
54303
54303
54303
54303
54303
54303
54303
54303
54303
54303
54303
54303
54303
54303
54303
54303
54303
54303
54303
54303
54303
54303
54303
54303
54303
54303
54303
54304
54312
54330
54354
54389
54404
54438
54456
54456
54475
54505
54529
54529
54529
54532
54583
54652
54708
54780
54830
54869
54912
54959
55012
55061
55100
55149
55193
55232
55273
55321
55376
55429
55478
55519
55554
55570
55587
55602
55620
55638
55658
55679
55702
55727
55751
55777
55801
55821
55833
55850
55865
55881
55893
55897
55897
55897
55897
55897
55897
55897
55897
55897
55897
55897
55897
55897
55897
55897
55897
55897
55897
55897
55897
55897
55897
55897
55897
55897
55897
55897
55897
55897
55903
55916
55918
55918
55918
55918
55918
55918
55918
55918
55918
55918
55918
55918
55918
55918
55918
55918
55918
55918
55918
55918
55918
55918
55919
55919
55919
55919
55919
55919
55919
55920
55950
55999
56032
56044
56063
56084
56103
56127
56151
56179
56207
56235
56264
56301
56362
56409
56448
56481
56497
56511
56513
56513
56513
56513
56513
56513
56513
56513
56513
56513
56513
56513
56513
56513
56513
56513
56513
56513
56513
56513
56513
56513
56515
56521
56534
56551
56575
56612
56639
56670
56698
56724
56758
56791
56827
56866
56903
56941
56985
57032
57073
57124
57175
57228
57282
57338
57395
57444
57506
57555
57594
57631
57666
57698
57698
57700
57702
57702
57702
57702
57702
57702
57707
57735
57777
57841
57923
58004
58056
58140
58218
58242
58263
58278
58285
58287
58287
58287
58287
58287
58291
58316
58361
58430
58500
58568
58628
58732
58833
58895
58930
58958
58986
59010
59034
59054
59075
59131
59208
59289
59340
59388
59435
59482
59532
59577
59626
59670
59709
59753
59801
59847
59896
59950
60003
60054
60118
60175
60223
60282
60342
60394
60448
60504
60561
60616
60674
60729
60811
60869
60928
60989
61048
61105
61165
61223
61282
61341
61397
61469
61561
61655
61701
61764
61822
61879
61940
61998
62055
62131
62217
62267
62315
62360
62404
62444
62487
62534
62608
62664
62719
62759
62810
62856
62906
62955
63008
63063
63146
63234
63288
63344
63402
63461
63520
63578
63652
63733
63783
63836
63900
63973
64034
64092
64150
64208
64255
64332
64417
64473
64530
64589
64648
64707
64774
64865
64960
65019
65078
65138
65210
65268
65325
65367
65425
65485
65544
65600
65659
65707
65777
65863
65938
65997
66059
66131
66207
66255
66279
66290
66302
66309
66311
66313
66313
66319
66355
66413
66449
66489
66547
66571
66585
66599
66616
66639
66667
66695
66720
66743
66768
66787
66814
66845
66873
66905
66938
66976
67006
67047
67091
67142
67197
67256
67315
67375
67432
67489
67548
67608
67669
67721
67783
67842
67904
67979
68046
68107
68164
68223
68279
68322
68349
68377
68398
68402
68408
68422
68430
68430
68430
68430
68430
68430
68436
68441
68455
68470
68479
68489
68504
68520
68535
68540
68540
68540
68540
68540
68541
68541
68541
68541
68541
68541
68541
68541
68541
68541
68541
68541
68541
68541
68541
68541
68541
68541
68541
68541
68544
68550
68550
68550
68550
68550
68556
68590
68631
68690
68732
68781
68830
68881
68934
68983
69024
69048
69066
69125
69195
69249
69328
69391
69450
69508
69562
69617
69647
69670
69678
69682
69682
69682
69682
69682
69682
69683
69697
69714
69714
69718
69725
69743
69757
69770
69773
69773
69773
69773
69773
69774
69781
69795
69817
69846
69876
69882
69883
69883
69883
69883
69883
69883
69883
69883
69883
69883
69883
69883
69883
69883
69883
69883
69883
69883
69883
69883
69883
69883
69883
69883
69883
69883
69883
69883
69883
69883
69883
69883
69883
69883
69883
69883
69883
69883
69883
69883
69883
69883
69883
69883
69883
69883
69883
69883
69883
69883
69883
69883
69883
69883
69883
69883
69883
69883
69883
69883
69899
69947
69994
70041
70084
70126
70175
70217
70234
70241
70241
70241
70241
70261
70297
70323
70380
70449
70518
70574
70629
70687
70746
70790
70850
70909
70966
71010
71037
71049
71056
71066
71073
71073
71073
71073
71073
71073
71076
71076
71076
71076
71079
71095
71144
71200
71254
71270
71281
71312
71334
71334
71334
71334
71334
71334
71334
71334
71334
71334
71334
71334
71334
71334
71334
71334
71334
71334
71334
71334
71339
71370
71423
71472
71518
71556
71570
71570
71612
71651
71663
71670
71670
71693
71719
71738
71748
71748
71748
71748
71748
71748
71748
71748
71748
71748
71748
71748
71748
71748
71748
71748
71748
71748
71748
71748
71748
71748
71748
71748
71748
71748
71748
71748
71748
71748
71748
71748
71748
71748
71748
71748
71748
71748
71748
71748
71748
71748
71748
71748
71748
71748
71748
71748
71748
71748
71748
71748
71748
71748
71748
71748
71748
71748
71748
71748
71748
71748
71748
71748
71748
71748
71748
71748
71748
71748
71748
71748
71748
71748
71748
71748
71748
71748
71748
71748
71748
71748
71748
71748
71748
71748
71748
71748
71748
71748
71748
71748
71748
71748
71748
71748
71748
71748
71748
71748
71748
71748
71748
71748
71748
71748
71748
71748
71748
71748
71748
71748
71748
71748
71748
71748
71748
71748
71748
71748
71748
71748
71748
71748
71748
71748
71748
71748
71748
71748
71748
71748
71748
71748
71748
71748
71748
71748
71748
71748
71749
71765
71775
71775
71775
71775
71775
71775
71775
71775
71775
71775
71775
71775
71775
71775
71775
71775
71775
71775
71775
71775
71775
71775
71775
71775
71775
71775
71775
71775
71775
71775
71775
71775
71775
71775
71775
71775
71775
71775
71775
71775
71775
71775
71775
71775
71775
71775
71775
71775
71775
71775
71775
71775
71775
71775
71775
71775
71775
71775
71775
71775
71775
71775
71775
71775
71775
71775
71775
71775
71775
71775
71775
71775
71775
71775
71775
71775
71777
71792
71814
71843
71876
71916
71963
72005
72047
72077
72099
72127
72185
72241
72276
72306
72332
72357
72383
72410
72443
72475
72496
72514
72528
72534
72548
72560
72571
72582
72604
72665
72743
72807
72852
72880
72916
72948
72980
73018
73058
73098
73150
73206
73267
73314
73374
73427
73481
73536
73593
73651
73711
73757
73817
73874
73918
73985
74041
74091
74144
74197
74238
74276
74330
74380
74422
74508
74587
74642
74688
74728
74762
74790
74812
74822
74825
74845
74878
74913
74930
74944
74956
74967
74973
74999
75050
75075
75096
75112
75120
75127
75135
75137
75139
75143
75147
75151
75157
75163
75169
75178
75188
75200
75215
75231
75248
75270
75291
75311
75324
75344
75364
75384
75405
75427
75439
75459
75478
75496
75512
75527
75537
75542
75543
75543
75543
75543
75543
75543
75543
75543
75543
75543
75544
75549
75556
75566
75577
75583
75584
75584
75584
75584
75584
75584
75584
75584
75584
75584
75584
75584
75584
75584
75584
75584
75584
75584
75584
75584
75584
75584
75584
75584
75584
75584
75584
75584
75584
75584
75584
75584
75584
75584
75584
75584
75584
75584
75584
75584
75584
75584
75584
75584
75584
75584
75584
75584
75584
75584
75584
75584
75584
75584
75584
75584
75584
75584
75584
75584
75584
75584
75584
75584
75584
75584
75584
75584
75584
75584
75584
75584
75584
75584
75584
75584
75584
75584
75584
75584
75584
75584
75584
75584
75584
75584
75584
75584
75584
75584
75584
75584
75584
75584
75584
75584
75584
75584
75584
75584
75584
75584
75584
75584
75584
75584
75584
75584
75587
75593
75605
75607
75607
75607
75607
75607
75607
75607
75612
75620
75632
75632
75632
75632
75632
75635
75645
75662
75666
75666
75666
75666
75666
75666
75666
75666
75666
75666
75666
75666
75666
75666
75666
75666
75666
75666
75666
75666
75666
75666
75666
75666
75666
75666
75666
75666
75666
75666
75666
75666
75666
75666
75666
75666
75666
75666
75666
75666
75666
75666
75666
75666
75666
75666
75666
75666
75666
75666
75666
75666
75666
75666
75666
75666
75666
75666
75666
75666
75666
75666
75666
75666
75666
75666
75666
75667
75668
75672
75679
75695
75744
75782
75792
75792
75792
75816
75840
75865
75886
75903
75909
75909
75909
75909
75909
75909
75909
75909
75909
75909
75909
75909
75909
75909
75909
75909
75909
75909
75909
75909
75909
75909
75909
75909
75909
75909
75909
75909
75909
75909
75909
75909
75909
75909
75909
75909
75909
75909
75909
75909
75909
75909
75909
75909
75909
75909
75909
75909
75909
75909
75909
75909
75909
75909
75909
75909
75909
75909
75909
75909
75909
75909
75909
75909
75909
75909
75909
75909
75909
75909
75909
75909
75909
75909
75909
75909
75909
75909
75909
75909
75909
75909
75909
75909
75909
75910
75918
75936
75982
76015
76029
76039
76039
76039
76039
76039
76039
76039
76039
76039
76039
76039
76039
76039
76039
76039
76039
76039
76039
76039
76039
76039
76040
76049
76073
76083
76083
76085
76088
76088
76090
76090
76090
76090
76090
76090
76090
76090
76090
76090
76090
76090
76090
76090
76090
76090
76090
76090
76090
76090
76090
76090
76090
76090
76090
76090
76090
76090
76090
76090
76090
76090
76090
76090
76090
76090
76090
76090
76090
76090
76090
76090
76090
76090
76090
76090
76090
76090
76090
76090
76090
76090
76090
76090
76090
76090
76090
76090
76090
76090
76090
76090
76090
76090
76090
76090
76090
76090
76090
76090
76090
76090
76090
76090
76090
76090
76090
76090
76090
76090
76090
76090
76090
76090
76090
76090
76090
76090
76090
76090
76090
76090
76090
76090
76090
76090
76090
76090
76090
76090
76090
76090
76090
76090
76090
76090
76090
76090
76090
76090
76090
76090
76090
76090
76090
76090
76090
76090
76090
76090
76090
76090
76090
76090
76090
76090
76090
76090
76090
76090
76090
76090
76090
76090
76090
76090
76090
76090
76090
76090
76090
76090
76090
76090
76090
76090
76090
76090
76090
76090
76093
76120
76169
76227
76290
76325
76351
76368
76378
76381
76381
76383
76411
76437
76461
76509
76549
76590
76625
76660
76694
76729
76757
76792
76828
76861
76911
76953
76996
77038
77080
77126
77171
77217
77265
77312
77356
77393
77425
77455
77471
77486
77502
77517
77531
77546
77561
77577
77593
77607
77627
77648
77671
77697
77722
77747
77764
77784
77803
77822
77844
77859
77864
77864
77864
77864
77864
77864
77864
77864
77864
77864
77864
77864
77864
77864
77864
77864
77864
77864
77864
77864
77864
77864
77864
77864
77864
77864
77864
77864
77864
77864
77864
77864
77864
77864
77864
77864
77864
77864
77864
77864
77864
77864
77864
77864
77864
77864
77864
77864
77864
77864
77864
77864
77864
77864
77864
77864
77864
77864
77864
77864
77864
77864
77864
77864
77864
77864
77864
77864
77864
77864
77864
77864
77864
77864
77864
77864
77864
77864
77864
77864
77864
77864
77864
77864
77864
77864
77864
77864
77864
77864
77864
77864
77864
77864
77864
77864
77864
77864
77864
77864
77864
77864
77864
77864
77864
77864
77864
77864
77864
77864
77864
77864
77865
77883
77890
77890
77890
77890
77890
77890
77914
77950
77997
78050
78108
78167
78223
78273
78350
78404
78454
78504
78549
78590
78625
78659
78696
78731
78759
78795
78836
78872
78904
78933
78950
78963
78969
78970
78970
78970
78970
78970
78970
78970
78970
78970
78970
78970
78970
78970
78970
78970
78970
78970
78970
78970
78970
78972
78975
78975
78975
78975
78975
78975
78975
78982
78990
79000
79012
79026
79042
79052
79064
79078
79091
79109
79134
79164
79188
79203
79218
79222
79222
79222
79222
79222
79222
79222
79222
79222
79222
79222
79222
79222
79222
79222
79222
79222
79222
79222
79222
79222
79222
79222
79222
79222
79222
79222
79222
79222
79222
79222
79222
79222
79222
79222
79222
79222
79222
79222
79222
79222
79222
79222
79222
79222
79222
79222
79222
79222
79222
79222
79222
79222
79222
79222
79222
79222
79222
79222
79222
79222
79222
79222
79222
79222
79222
79222
79222
79222
79222
79222
79222
79222
79222
79222
79222
79222
79222
79222
79222
79222
79222
79222
79222
79222
79222
79222
79222
79222
79222
79222
79222
79222
79222
79222
79222
79222
79222
79222
79222
79222
79222
79222
79222
79222
79222
79222
79222
79222
79222
79222
79222
79222
79222
79222
79222
79222
79222
79222
79222
79222
79222
79222
79222
79222
79222
79222
79222
79222
79222
79222
79222
79222
79222
79222
79222
79222
79222
79222
79222
79222
79222
79222
79222
79222
79222
79222
79222
79222
79222
79222
79222
79222
79222
79222
79222
79222
79222
79222
79222
79222
79222
79222
79222
79222
79222
79222
79222
79222
79222
79222
79222
79222
79222
79222
79222
79222
79222
79222
79222
79222
79222
79222
79222
79222
79222
79222
79222
79222
79222
79222
79222
79222
79222
79222
79222
79222
79222
79222
79222
79222
79222
79222
79222
79222
79222
79222
79222
79222
79222
79222
79222
79222
79222
79222
79222
79222
79222
79222
79222
79222
79222
79222
79222
79222
79222
79222
79222
79222
79222
79222
79222
79222
79222
79222
79222
79222
79222
79222
79222
79222
79222
79222
79222
79222
79222
79222
79222
79222
79222
79222
79222
79222
79222
79222
79222
79222
79222
79222
79222
79222
79222
79222
79222
79222
79222
79222
79222
79222
79222
79222
79222
79222
79222
79222
79222
79222
79222
79222
79222
79222
79222
79222
79222
79222
79222
79222
79222
79222
79222
79222
79222
79222
79222
79222
79222
79222
79222
79222
79222
79222
79222
79222
79222
79222
79222
79222
79222
79222
79222
79222
79222
79222
79222
79222
79222
79222
79222
79222
79222
79222
79222
79222
79222
79222
79222
79222
79222
79222
79222
79222
79222
79222
79222
79222
79222
79222
79222
79222
79222
79222
79222
79222
79222
79222
79222
79222
79222
79222
79222
79222
79222
79222
79222
79222
79222
79222
79222
79222
79222
79222
79222
79222
79222
79222
79222
79222
79222
79222
79222
79222
79222
79222
79222
79222
79222
79222
79222
79222
79222
79222
79222
79222
79222
79222
79222
79222
79222
79222
79222
79222
79222
79222
79222
79222
79222
79222
79222
79222
79222
79222
79222
79222
79222
79222
79222
79222
79222
79222
79222
79222
79222
79222
79222
79222
79222
79222
79222
79222
79222
79222
79222
79223
79243
79270
79299
79329
79359
79390
79419
79481
79529
79585
79644
79704
79748
79816
79874
79929
79987
80025
80047
80055
80055
80055
80055
80055
80055
80055
80055
80055
80055
80055
80055
80055
80055
80055
80055
80055
80055
80077
80133
80195
80241
80268
80298
80333
80368
80397
80446
80492
80528
80574
80614
80652
80677
80682
80682
80682
80682
80682
80682
80703
80748
80789
80828
80862
80862
80862
80862
80862
80862
80862
80862
80862
80862
80862
80862
80862
80862
80862
80878
80906
80937
80968
80998
81031
81059
81077
81092
81105
81117
81128
81137
81155
81202
81271
81342
81430
81486
81522
81584
81642
81699
81757
81812
81872
81931
81975
82048
82121
82182
82236
82296
82356
82412
82468
82530
82606
82666
82724
82763
82828
82883
82946
82999
83057
83117
83177
83235
83286
83360
83414
83490
83568
83627
83686
83747
83804
83859
83921
83964
84034
84092
84151
84205
84277
84360
84418
84478
84538
84596
84639
84700
84760
84817
84874
84928
84988
85048
85090
85171
85267
85349
85405
85462
85520
85577
85627
85688
85747
85804
85864
85921
85969
85987
85995
86009
86042
86054
86057
86057
86057
86067
86105
86119
86121
86159
86224
86283
86307
86329
86349
86367
86408
86459
86486
86519
86553
86587
86619
86651
86682
86713
86749
86785
86821
86860
86929
87029
87110
87170
87223
87282
87352
87411
87470
87526
87585
87643
87702
87758
87803
87886
87978
88075
88135
88195
88251
88312
88376
88435
88494
88530
88608
88693
88764
88821
88881
88939
88999
89057
89108
89165
89225
89285
89341
89414
89473
89532
89592
89649
89704
89750
89820
89898
89959
90016
90072
90134
90191
90246
90295
90365
90455
90514
90585
90645
90704
90746
90777
90803
90821
90829
90832
90832
90832
90832
90832
90832
90832
90832
90832
90832
90832
90832
90832
90832
90832
90832
90832
90832
90832
90845
90882
90917
90974
91037
91069
91099
91146
91191
91238
91291
91332
91375
91420
91470
91515
91562
91607
91650
91725
91814
91870
91928
91988
92047
92102
92163
92222
92306
92402
92469
92525
92567
92605
92627
92646
92650
92650
92650
92669
92713
92723
92733
92783
92859
92922
92962
93038
93084
93137
93190
93266
93368
93473
93537
93594
93641
93713
93778
93836
93894
93932
94003
94089
94159
94212
94273
94332
94392
94445
94483
94516
94545
94567
94583
94595
94602
94617
94661
94716
94746
94766
94783
94798
94811
94830
94874
94926
95007
95107
95197
95257
95316
95369
95419
95457
95487
95509
95522
95547
95560
95563
95565
95588
95617
95623
95625
95625
95625
95625
95625
95625
95625
95625
95625
95625
95625
95625
95625
95628
95636
95640
95651
95672
95691
95695
95695
95695
95695
95695
95695
95695
95695
95695
95695
95695
95695
95695
95695
95695
95695
95695
95695
95695
95695
95695
95695
95695
95695
95695
95695
95695
95695
95695
95695
95695
95695
95695
95695
95695
95695
95696
95701
95710
95722
95734
95745
95750
95750
95768
95856
95949
96050
96126
96188
96248
96307
96364
96421
96473
96510
96522
96522
96522
96522
96522
96527
96541
96564
96573
96582
96596
96603
96658
96712
96743
96760
96775
96785
96796
96804
96832
96859
96883
96910
96938
96968
96998
97053
97136
97205
97264
97305
97332
97399
97445
97518
97579
97637
97694
97753
97801
97884
97954
98011
98070
98093
98094
98094
98094
98094
98094
98094
98095
98095
98095
98095
98095
98095
98095
98095
98095
98095
98095
98096
98104
98162
98175
98177
98178
98178
98178
98178
98178
98178
98178
98178
98178
98178
98178
98178
98178
98178
98178
98178
98186
98202
98222
98248
98269
98283
98288
98289
98289
98289
98300
98337
98389
98450
98486
98526
98618
98720
98778
98836
98894
98954
99004
99088
99148
99200
99271
99315
99374
99432
99491
99546
99605
99665
99723
99773
99843
99912
99971
100008
100089
100164
100221
100282
100340
100395
100436
100469
100495
100546
100616
100657
100691
100727
100761
100795
100829
100866
100913
100979
101028
101086
101144
101203
101261
101312
101378
101434
101478
101511
101539
101562
101582
101600
101612
101645
101669
101680
101697
101749
101783
101798
101809
101818
101826
101828
101828
101828
101828
101828
101841
101877
101911
101911
101911
101911
101911
101911
101911
101913
101927
101943
101956
101956
101992
102054
102115
102151
102169
102256
102341
102429
102479
102524
102568
102604
102664
102752
102850
102909
102968
103025
103084
103140
103197
103281
103360
103416
103464
103506
103543
103581
103614
103633
103651
103661
103671
103687
103704
103722
103736
103752
103767
103780
103794
103803
103812
103821
103833
103849
103871
103897
103923
103942
103971
103997
104017
104033
104049
104062
104068
104070
104088
104100
104100
104100
104100
104100
104103
104103
104105
104105
104106
104107
104108
104108
104108
104108
104108
104108
104108
104108
104108
104108
104108
104108
104108
104108
104108
104116
104134
104156
104171
104182
104189
104194
104221
104272
104297
104320
104345
104370
104415
104466
104502
104533
104537
104537
104537
104537
104537
104537
104537
104537
104554
104593
104646
104693
104703
104709
104711
104712
104712
104720
104729
104741
104743
104743
104745
104748
104753
104761
104774
104810
104850
104879
104889
104889
104889
104889
104889
104890
104904
104918
104939
104974
105026
105052
105052
105052
105052
105060
105079
105090
105090
105090
105090
105090
105090
105090
105090
105090
105090
105090
105090
105090
105090
105090
105090
105090
105090
105090
105090
105090
105090
105090
105090
105090
105090
105090
105090
105090
105090
105090
105090
105090
105090
105090
105090
105090
105090
105090
105090
105090
105090
105090
105090
105090
105090
105090
105090
105090
105090
105090
105090
105090
105090
105090
105090
105090
105090
105090
105090
105090
105090
105090
105090
105090
105090
105090
105090
105090
105090
105090
105090
105090
105090
105090
105090
105090
105090
105090
105090
105090
105090
105090
105090
105090
105090
105090
105090
105090
105090
105090
105090
105090
105090
105090
105090
105090
105090
105090
105090
105090
105090
105090
105090
105090
105090
105090
105090
105090
105090
105090
105090
105090
105090
105090
105090
105090
105090
105090
105090
105090
105090
105090
105090
105090
105090
105090
105090
105090
105090
105090
105090
105090
105090
105090
105090
105090
105090
105090
105090
105090
105090
105090
105090
105090
105090
105090
105090
105090
105090
105090
105090
105090
105090
105090
105090
105090
105090
105090
105090
105090
105090
105090
105090
105090
105090
105090
105090
105090
105090
105090
105090
105090
105090
105090
105090
105090
105090
105090
105090
105090
105090
105090
105090
105090
105090
105090
105090
105090
105090
105090
105090
105090
105090
105090
105090
105090
105090
105090
105090
105090
105090
105090
105090
105090
105090
105090
105090
105090
105090
105090
105090
105090
105090
105090
105090
105090
105090
105090
105090
105090
105090
105090
105090
105090
105090
105090
105090
105090
105090
105090
105090
105090
105090
105090
105091
105091
105094
105101
105105
105105
105105
105105
105105
105105
105105
105105
105105
105105
105105
105105
105105
105105
105105
105105
105105
105105
105105
105105
105105
105105
105105
105105
105105
105105
105105
105105
105105
105105
105105
105105
105105
105105
105105
105105
105105
105105
105105
105105
105105
105105
105105
105105
105105
105105
105105
105105
105105
105105
105105
105105
105105
105105
105105
105105
105105
105105
105107
105111
105118
105118
105118
105118
105118
105118
105118
105118
105118
105118
105118
105124
105132
105138
105138
105138
105138
105138
105139
105147
105149
105156
105158
105158
105158
105158
105168
105184
105213
105227
105281
105344
105416
105464
105505
105543
105572
105634
105662
105662
105675
105692
105698
105698
105698
105698
105716
105748
105779
105787
105813
105834
105845
105845
105845
105845
105845
105845
105845
105845
105845
105845
105846
105857
105875
105878
105878
105878
105878
105878
105878
105878
105878
105878
105878
105878
105878
105878
105878
105878
105878
105878
105878
105878
105878
105878
105878
105878
105878
105878
105878
105878
105878
105878
105878
105878
105878
105878
105878
105878
105878
105878
105878
105878
105878
105878
105878
105878
105878
105878
105878
105878
105878
105878
105878
105878
105878
105878
105878
105878
105878
105878
105878
105878
105878
105878
105878
105878
105878
105878
105878
105878
105878
105878
105878
105878
105878
105878
105878
105878
105878
105878
105878
105878
105878
105878
105878
105878
105878
105878
105878
105878
105878
105878
105878
105878
105878
105878
105878
105878
105878
105878
105878
105878
105878
105878
105878
105878
105878
105878
105878
105878
105878
105878
105878
105878
105878
105878
105878
105878
105878
105878
105878
105878
105878
105878
105878
105878
105878
105878
105878
105878
105878
105878
105878
105878
105878
105878
105878
105878
105878
105878
105878
105878
105878
105878
105878
105878
105878
105878
105878
105878
105878
105878
105878
105878
105878
105878
105878
105878
105878
105878
105878
105878
105878
105878
105878
105878
105878
105878
105878
105878
105878
105878
105878
105878
105878
105878
105878
105878
105878
105878
105878
105878
105878
105878
105878
105878
105878
105878
105878
105878
105878
105878
105878
105878
105878
105878
105878
105878
105878
105878
105878
105878
105878
105878
105878
105878
105878
105878
105878
105878
105878
105878
105878
105878
105878
105878
105878
105878
105878
105878
105878
105878
105878
105878
105884
105906
105941
105993
106051
106106
106165
106223
106279
106338
106395
106449
106496
106537
106565
106622
106702
106784
106889
106993
107081
107140
107200
107283
107335
107384
107412
107429
107468
107531
107605
107640
107669
107695
107715
107734
107744
107783
107845
107908
107943
107975
108044
108108
108174
108228
108288
108346
108406
108447
108518
108584
108642
108701
108759
108818
108867
108942
109031
109091
109147
109207
109274
109364
109450
109510
109569
109627
109685
109768
109836
109894
109955
110009
110066
110115
110180
110231
110291
110349
110409
110468
110521
110583
110642
110700
110754
110816
110873
110933
110999
111041
111103
111156
111199
111238
111265
111284
111300
111306
111307
111307
111307
111316
111344
111373
111408
111460
111546
111640
111706
111719
111719
111719
111719
111719
111719
111719
111720
111720
111723
111725
111725
111725
111728
111746
111811
111858
111935
112015
112080
112114
112141
112204
112284
112337
112371
112402
112433
112459
112478
112490
112504
112516
112529
112542
112554
112569
112582
112599
112625
112652
112668
112693
112725
112761
112795
112818
112836
112849
112870
112890
112915
112946
112977
113010
113047
113083
113121
113162
113188
113232
113278
113323
113367
113411
113451
113481
113512
113548
113573
113587
113593
113594
113594
113594
113594
113594
113594
113594
113594
113594
113594
113594
113594
113594
113594
113594
113594
113594
113594
113594
113594
113594
113594
113594
113594
113594
113594
113594
113594
113594
113594
113594
113594
113594
113594
113594
113594
113594
113594
113594
113594
113594
113594
113594
113594
113594
113594
113594
113594
113594
113594
113594
113594
113594
113594
113594
113594
113594
113594
113594
113594
113594
113594
113594
113594
113594
113594
113594
113594
113594
113594
113594
113594
113594
113594
113594
113594
113594
113594
113594
113594
113594
113594
113594
113594
113594
113594
113594
113594
113594
113594
113594
113594
113594
113594
113594
113594
113594
113594
113594
113594
113594
113594
113594
113594
113594
113594
113594
113594
113594
113594
113594
113594
113594
113594
113594
113594
113594
113594
113594
113594
113594
113594
113594
113594
113594
113594
113594
113594
113594
113594
113594
113594
113594
113594
113594
113594
113594
113594
113594
113594
113594
113594
113594
113594
113594
113594
113594
113594
113594
113594
113594
113594
113594
113594
113594
113594
113594
113594
113594
113594
113594
113594
113594
113594
113594
113594
113594
113594
113594
113594
113594
113594
113594
113594
113594
113594
113594
113594
113594
113594
113594
113594
113594
113594
113594
113594
113594
113594
113594
113594
113594
113594
113594
113594
113594
113594
113594
113595
113611
113629
113650
113675
113702
113709
113709
113709
113709
113709
113709
113709
113709
113709
113709
113709
113709
113709
113709
113716
113730
113747
113770
113795
113819
113840
113862
113898
113917
113917
113917
113917
113917
113917
113917
113917
113917
113917
113917
113917
113918
113919
113920
113920
113920
113920
113920
113920
113920
113920
113920
113920
113920
113920
113920
113920
113920
113920
113920
113920
113920
113920
113920
113920
113920
113920
113920
113920
113920
113920
113920
113920
113920
113920
113920
113920
113920
113920
113920
113920
113920
113920
113920
113920
113920
113920
113920
113920
113920
113920
113920
113920
113920
113920
113920
113920
113920
113920
113920
113920
113920
113920
113920
113920
113920
113920
113920
113920
113920
113920
113920
113920
113920
113920
113920
113920
113920
113920
113920
113920
113924
113960
114014
114072
114129
114189
114247
114291
114374
114432
114490
114548
114607
114665
114725
114768
114783
114789
114789
114789
114789
114789
114795
114802
114820
114855
114904
114959
114994
115070
115144
115176
115205
115214
115215
115215
115219
115234
115235
115235
115235
115267
115317
115379
115429
115451
115451
115451
115451
115451
115451
115451
115451
115451
115451
115451
115451
115451
115451
115451
115454
115464
115481
115491
115499
115505
115522
115552
115594
115617
115621
115622
115622
115622
115622
115622
115622
115622
115622
115622
115622
115622
115622
115622
115622
115622
115622
115622
115622
115622
115622
115622
115622
115622
115622
115622
115622
115622
115622
115622
115622
115622
115622
115622
115622
115622
115622
115622
115622
115622
115622
115622
115622
115622
115622
115622
115622
115622
115622
115622
115622
115622
115622
115622
115622
115622
115622
115622
115622
115622
115622
115622
115622
115622
115622
115622
115622
115622
115622
115622
115622
115622
115622
115622
115622
115622
115622
115622
115622
115622
115622
115622
115622
115622
115622
115622
115622
115622
115622
115622
115622
115622
115622
115622
115622
115622
115622
115622
115622
115622
115622
115622
115622
115622
115622
115622
115622
115622
115622
115622
115622
115622
115622
115622
115622
115622
115622
115622
115624
115645
115679
115691
115704
115714
115719
115721
115722
115727
115734
115740
115740
115740
115740
115740
115740
115740
115740
115740
115740
115740
115740
115740
115740
115740
115740
115740
115740
115740
115740
115741
115762
115779
115780
115780
115782
115790
115795
115799
115799
115799
115799
115799
115799
115799
115799
115799
115799
115799
115799
115799
115799
115799
115799
115799
115799
115799
115799
115799
115799
115799
115799
115799
115799
115799
115799
115799
115799
115799
115799
115799
115799
115799
115799
115799
115799
115799
115799
115799
115799
115799
115799
115799
115799
115799
115799
115799
115799
115799
115799
115799
115799
115799
115799
115799
115799
115799
115799
115799
115799
115799
115799
115799
115799
115799
115799
115799
115799
115799
115799
115799
115799
115799
115799
115799
115799
115799
115799
115799
115799
115799
115799
115799
115799
115799
115799
115799
115799
115799
115799
115799
115799
115799
115799
115799
115799
115799
115799
115799
115799
115799
115799
115799
115799
115799
115799
115799
115799
115799
115799
115799
115799
115799
115799
115799
115799
115799
115799
115799
115799
115799
115799
115799
115799
115799
115799
115799
115799
115799
115799
115799
115799
115799
115799
115799
115799
115799
115799
115799
115799
115799
115799
115799
115799
115799
115799
115799
115799
115799
115799
115799
115799
115799
115799
115799
115799
115799
115799
115799
115799
115799
115799
115799
115799
115799
115799
115799
115799
115799
115799
115799
115799
115799
115799
115799
115799
115799
115799
115799
115799
115799
115799
115799
115799
115799
115799
115799
115799
115799
115799
115799
115799
115799
115799
115799
115799
115799
115799
115799
115799
115799
115799
115799
115799
115799
115799
115799
115799
115799
115799
115799
115799
115799
115799
115799
115799
115799
115799
115799
115799
115799
115799
115799
115799
115799
115799
115799
115799
115799
115799
115799
115799
115799
115799
115799
115799
115799
115799
115799
115799
115799
115799
115799
115799
115799
115799
115799
115799
115799
115799
115799
115799
115799
115799
115799
115799
115799
115799
115799
115799
115799
115799
115799
115799
115799
115799
115799
115799
115799
115799
115799
115799
115799
115799
115799
115799
115799
115799
115799
115799
115799
115799
115799
115799
115799
115799
115799
115799
115799
115799
115799
115799
115799
115799
115799
115799
115799
115799
115799
115799
115799
115799
115799
115799
115799
115799
115799
115799
115799
115799
115799
115799
115799
115799
115799
115799
115799
115799
115799
115799
115799
115799
115799
115799
115799
115799
115799
115799
115799
115799
115799
115799
115799
115799
115799
115799
115799
115799
115799
115799
115799
115799
115799
115799
115799
115799
115799
115799
115799
115799
115801
115823
115852
115890
115921
115926
115926
115926
115926
115932
115960
116001
116016
116016
116016
116016
116016
116016
116016
116016
116016
116016
116016
116016
116022
116027
116027
116027
116027
116027
116027
116027
116027
116027
116027
116027
116027
116027
116027
116027
116027
116027
116027
116027
116027
116027
116027
116027
116027
116027
116027
116027
116027
116027
116027
116027
116027
116027
116027
116027
116027
116027
116027
116027
116027
116027
116027
116027
116027
116027
116027
116027
116027
116027
116027
116027
116027
116027
116027
116027
116027
116027
116027
116027
116027
116027
116027
116027
116027
116027
116027
116027
116027
116027
116027
116027
116027
116027
116027
116027
116027
116027
116027
116027
116027
116027
116027
116027
116027
116027
116027
116027
116027
116027
116027
116027
116027
116027
116027
116027
116027
116027
116028
116031
116035
116038
116038
116038
116038
116038
116038
116038
116038
116038
116038
116038
116038
116038
116038
116038
116038
116038
116038
116038
116038
116038
116038
116038
116038
116038
116038
116038
116038
116038
116038
116038
116038
116038
116038
116038
116038
116038
116038
116038
116038
116038
116038
116038
116038
116038
116038
116038
116038
116038
116038
116038
116038
116038
116038
116038
116038
116038
116038
116038
116038
116038
116038
116038
116038
116038
116038
116038
116038
116038
116038
116038
116038
116038
116038
116038
116038
116038
116038
116038
116038
116038
116038
116038
116038
116038
116038
116038
116038
116038
116038
116038
116038
116038
116038
116038
116038
116038
116038
116038
116038
116038
116038
116038
116038
116038
116038
116038
116038
116038
116038
116038
116038
116038
116038
116038
116038
116038
116038
116038
116038
116038
116038
116038
116038
116038
116038
116038
116038
116038
116038
116038
116038
116038
116038
116038
116038
116038
116038
116038
116038
116038
116038
116038
116038
116038
116038
116038
116038
116038
116038
116038
116038
116038
116038
116038
116038
116038
116038
116038
116038
116038
116038
116038
116038
116038
116038
116038
116038
116038
116038
116038
116038
116038
116038
116038
116038
116038
116038
116038
116038
116038
116038
116038
116038
116038
116038
116038
116038
116038
116038
116038
116038
116038
116038
116038
116038
116038
116038
116038
116038
116038
116038
116038
116038
116038
116038
116038
116038
116038
116038
116038
116038
116038
116038
116038
116038
116038
116038
116038
116038
116038
116038
116038
116038
116038
116038
116038
116038
116038
116038
116038
116038
116038
116038
116038
116038
116038
116038
116038
116038
116038
116038
116038
116038
116038
116038
116038
116038
116038
116038
116038
116038
116038
116038
116038
116038
116038
116038
116038
116038
116038
116038
116038
116038
116038
116038
116038
116038
116038
116038
116038
116038
116038
116038
116038
116038
116038
116038
116038
116038
116038
116038
116038
116038
116038
116038
116038
116038
116038
116038
116038
116038
116038
116038
116043
116063
116094
116135
116183
116187
116187
116187
116187
116187
116187
116187
116187
116187
116187
116187
116187
116187
116187
116187
116202
116220
116246
116271
116285
116298
116310
116320
116334
116344
116388
116448
116491
116500
116502
116502
116514
116514
116514
116514
116514
116514
116514
116514
116514
116514
116514
116514
116514
116514
116514
116514
116514
116514
116514
116514
116514
116514
116514
116514
116514
116514
116514
116514
116514
116514
116514
116514
116514
116514
116514
116514
116514
116514
116514
116514
116514
116514
116514
116524
116549
116583
116620
116662
116706
116745
116779
116810
116843
116874
116907
116942
116981
117055
117121
117167
117206
117233
117254
117275
117288
117306
117321
117332
117342
117346
117348
117348
117348
117348
117348
117348
117348
117348
117348
117348
117348
117348
117348
117348
117348
117348
117348
117348
117351
117359
117383
117421
117436
117447
117455
117462
117471
117477
117477
117477
117477
117477
117477
117477
117477
117477
117477
117477
117477
117477
117477
117477
117477
117477
117477
117477
117477
117477
117477
117477
117477
117477
117477
117477
117477
117477
117477
117477
117477
117477
117477
117477
117477
117477
117477
117477
117477
117477
117477
117477
117477
117477
117477
117477
117477
117477
117477
117477
117477
117477
117477
117477
117477
117477
117477
117477
117477
117477
117477
117477
117477
117477
117477
117477
117477
117477
117477
117477
117477
117477
117477
117477
117477
117477
117477
117477
117477
117477
117477
117477
117477
117477
117477
117477
117477
117477
117477
117477
117477
117477
117477
117477
117477
117477
117477
117477
117477
117477
117477
117477
117477
117477
117477
117477
117477
117477
117477
117477
117477
117477
117477
117477
117477
117477
117477
117477
117477
117477
117477
117477
117477
117477
117477
117477
117477
117477
117477
117477
117477
117477
117477
117477
117477
117477
117477
117477
117477
117477
117477
117477
117477
117477
117477
117477
117477
117477
117477
117477
117477
117477
117477
117477
117477
117477
117477
117477
117477
117477
117477
117477
117477
117477
117477
117477
117477
117477
117477
117477
117477
117477
117477
117477
117477
117477
117477
117477
117477
117477
117477
117477
117477
117477
117477
117477
117477
117477
117477
117477
117477
117477
117477
117477
117477
117477
117477
117477
117477
117480
117484
117492
117508
117529
117541
117562
117577
117588
117599
117607
117611
117616
117619
117619
117619
117619
117619
117619
117619
117619
117619
117619
117619
117619
117619
117619
117619
117619
117619
117619
117619
117619
117619
117619
117619
117619
117619
117619
117619
117619
117619
117619
117619
117619
117619
117619
117619
117619
117619
117619
117619
117619
117619
117619
117619
117619
117619
117619
117619
117619
117619
117619
117619
117619
117619
117619
117619
117619
117619
117619
117619
117619
117619
117619
117619
117619
117619
117619
117619
117619
117619
117619
117619
117619
117619
117619
117619
117619
117619
117619
117619
117619
117619
117619
117619
117619
117619
117619
117619
117619
117619
117619
117619
117619
117619
117619
117619
117619
117619
117619
117619
117619
117619
117619
117619
117619
117619
117619
117619
117619
117619
117619
117619
117619
117619
117633
117663
117700
117735
117762
117775
117816
117859
117882
117904
117926
117946
117959
117974
117992
118007
118029
118052
118080
118112
118141
118175
118199
118218
118243
118282
118302
118321
118341
118356
118378
118398
118416
118430
118436
118438
118438
118440
118445
118450
118455
118455
118455
118455
118455
118455
118455
118455
118455
118455
118455
118455
118455
118455
118455
118455
118455
118455
118455
118455
118455
118455
118455
118455
118455
118455
118455
118455
118455
118455
118455
118455
118455
118455
118455
118455
118455
118455
118455
118455
118455
118455
118455
118455
118455
118455
118455
118455
118455
118455
118455
118455
118455
118455
118455
118455
118455
118455
118455
118455
118455
118455
118455
118455
118456
118456
118457
118457
118458
118458
118458
118458
118458
118458
118458
118458
118458
118458
118458
118458
118458
118458
118458
118458
118458
118458
118458
118458
118458
118458
118458
118458
118458
118458
118458
118458
118458
118458
118458
118458
118458
118458
118458
118458
118458
118458
118458
118458
118458
118458
118458
118458
118458
118458
118458
118458
118458
118458
118458
118458
118458
118458
118458
118458
118458
118458
118458
118458
118458
118458
118458
118458
118460
118470
118491
118514
118521
118535
118535
118535
118535
118535
118535
118535
118535
118536
118540
118543
118544
118544
118544
118544
118544
118544
118544
118544
118544
118544
118544
118544
118544
118544
118544
118544
118544
118544
118544
118544
118544
118544
118544
118544
118544
118544
118544
118544
118544
118544
118544
118544
118544
118544
118544
118544
118544
118544
118544
118544
118544
118544
118544
118544
118544
118544
118544
118544
118544
118544
118544
118544
118544
118544
118544
118544
118544
118544
118544
118544
118544
118544
118544
118544
118544
118544
118544
118544
118544
118544
118544
118544
118544
118544
118544
118544
118544
118544
118544
118544
118544
118544
118544
118544
118544
118544
118544
118544
118544
118544
118544
118544
118544
118544
118544
118544
118544
118544
118544
118544
118544
118544
118544
118544
118544
118544
118544
118544
118544
118544
118544
118544
118544
118544
118544
118544
118544
118544
118544
118544
118544
118544
118544
118544
118544
118544
118544
118544
118544
118544
118544
118544
118544
118544
118544
118544
118544
118544
118544
118544
118544
118544
118544
118544
118544
118544
118544
118544
118544
118544
118544
118544
118544
118544
118544
118544
118544
118544
118544
118544
118544
118544
118544
118544
118544
118544
118544
118544
118544
118544
118544
118544
118544
118544
118544
118544
118544
118544
118544
118544
118544
118544
118544
118544
118544
118544
118544
118544
118544
118544
118544
118544
118544
118544
118544
118544
118544
118544
118544
118544
118544
118544
118544
118544
118544
118544
118544
118544
118544
118544
118544
118544
118544
118544
118544
118544
118544
118544
118544
118544
118544
118544
118544
118544
118544
118544
118544
118544
118544
118544
118544
118544
118544
118544
118544
118544
118544
118544
118544
118544
118544
118544
118544
118544
118544
118544
118544
118544
118544
118544
118544
118544
118544
118544
118544
118544
118544
118544
118544
118544
118544
118544
118544
118544
118544
118544
118544
118544
118544
118544
118544
118544
118544
118544
118544
118544
118544
118544
118544
118544
118544
118544
118544
118544
118544
118544
118544
118544
118544
118544
118544
118544
118544
118544
118544
118544
118544
118544
118544
118544
118544
118544
118544
118544
118544
118544
118544
118544
118544
118544
118544
118544
118544
118544
118544
118544
118544
118544
118544
118544
118544
118544
118544
118544
118544
118544
118544
118544
118544
118544
118544
118544
118544
118544
118544
118544
118544
118544
118544
118544
118544
118544
118544
118544
118544
118544
118544
118544
118544
118544
118544
118544
118544
118544
118544
118544
118544
118544
118544
118544
118544
118544
118544
118544
118544
118544
118544
118544
118544
118544
118544
118544
118544
118544
118544
118544
118544
118544
118544
118544
118544
118544
118544
118544
118544
118544
118544
118544
118544
118544
118544
118544
118544
118544
118544
118544
118544
118544
118544
118544
118544
118544
118544
118544
118544
118544
118544
118544
118544
118544
118544
118544
118544
118544
118544
118544
118544
118544
118544
118544
118544
118544
118544
118544
118544
118544
118544
118544
118544
118544
118544
118544
118544
118544
118544
118544
118544
118544
118544
118544
118544
118544
118544
118544
118544
118544
118544
118544
118544
118544
118544
118544
118544
118544
118544
118544
118544
118544
118544
118544
118544
118544
118544
118544
118544
118544
118544
118544
118544
118544
118544
118544
118544
118544
118544
118544
118544
118544
118544
118544
118544
118544
118544
118544
118544
118544
118544
118544
118544
118544
118544
118544
118544
118544
118553
118562
118562
118562
118562
118562
118562
118562
118562
118562
118562
118563
118567
118581
118601
118616
118650
118680
118710
118738
118765
118792
118819
118847
118869
118876
118877
118880
118881
118881
118881
118881
118881
118881
118881
118881
118881
118881
118881
118881
118881
118881
118881
118881
118881
118881
118881
118881
118881
118881
118881
118881
118881
118881
118881
118881
118881
118881
118881
118881
118881
118881
118881
118881
118881
118881
118881
118881
118881
118881
118881
118881
118881
118881
118881
118881
118881
118881
118881
118881
118881
118881
118881
118881
118881
118881
118881
118881
118881
118881
118881
118881
118881
118881
118881
118881
118881
118881
118881
118881
118881
118881
118881
118881
118881
118881
118881
118881
118881
118881
118881
118881
118881
118881
118881
118881
118881
118881
118881
118881
118881
118881
118881
118881
118881
118881
118881
118881
118881
118881
118881
118881
118881
118881
118881
118881
118881
118881
118881
118881
118881
118881
118881
118881
118881
118881
118881
118881
118881
118881
118881
118881
118881
118881
118881
118881
118883
118902
118925
118950
118973
118997
119023
119046
119058
119058
119058
119058
119058
119058
119058
119058
119058
119058
119058
119058
119058
119058
119058
119058
119058
119058
119058
119058
119058
119058
119058
119058
119058
119058
119058
119058
119058
119058
119058
119058
119058
119058
119058
119058
119058
119058
119058
119058
119058
119058
119058
119058
119058
119058
119058
119058
119058
119058
119058
119058
119058
119058
119058
119058
119058
119058
119058
119058
119058
119058
119058
119058
119058
119058
119058
119058
119058
119058
119058
119058
119058
119058
119058
119058
119058
119058
119058
119058
119058
119058
119058
119058
119058
119058
119058
119058
119058
119058
119058
119058
119058
119058
119058
119058
119058
119058
119058
119058
119058
119058
119058
119058
119058
119058
119058
119058
119058
119058
119058
119058
119058
119058
119058
119058
119058
119058
119058
119058
119058
119058
119058
119058
119058
119058
119058
119058
119058
119058
119058
119058
119058
119058
119058
119058
119058
119058
119058
119058
119058
119058
119058
119058
119058
119058
119058
119058
119058
119058
119058
119058
119058
119058
119058
119058
119058
119058
119058
119058
119058
119058
119058
119058
119058
119058
119058
119058
119058
119058
119058
119058
119058
119058
119058
119058
119058
119058
119058
119058
119058
119058
119058
119058
119058
119058
119058
119058
119058
119058
119058
119058
119058
119058
119058
119058
119058
119058
119058
119058
119058
119058
119058
119058
119058
119058
119058
119058
119058
119058
119058
119058
119058
119058
119058
119058
119058
119058
119058
119058
119058
119058
119058
119058
119058
119058
119058
119058
119058
119058
119058
119058
119058
119058
119058
119058
119058
119058
119058
119058
119058
119058
119058
119058
119058
119058
119058
119058
119058
119058
119058
119058
119058
119058
119058
119058
119058
119058
119058
119058
119058
119058
119058
119058
119058
119058
119058
119058
119058
119058
119058
119058
119058
119058
119058
119058
119058
119058
119058
119058
119058
119058
119058
119058
119058
119058
119058
119058
119058
119058
119058
119058
119058
119058
119058
119058
119058
119058
119058
119058
119058
119058
119058
119058
119058
119058
119058
119058
119058
119058
119058
119058
119058
119058
119058
119058
119058
119058
119058
119058
119058
119058
119058
119058
119058
119058
119058
119058
119058
119058
119058
119058
119058
119058
119058
119058
119058
119058
119058
119058
119058
119058
119058
119058
119058
119058
119058
119058
119058
119058
119058
119058
119058
119058
119058
119058
119058
119058
119058
119058
119058
119058
119058
119058
119058
119058
119058
119058
119058
119058
119058
119058
119058
119058
119058
119058
119058
119058
119058
119058
119058
119058
119058
119058
119058
119058
119058
119058
119058
119058
119058
119058
119058
119058
119058
119058
119058
119058
119058
119058
119058
119058
119058
119058
119058
119058
119058
119058
119058
119058
119058
119058
119058
119058
119058
119058
119058
119058
119058
119058
119058
119058
119058
119058
119058
119058
119058
119058
119058
119058
119058
119058
119058
119058
119058
119058
119058
119058
119058
119058
119058
119058
119058
119058
119058
119058
119058
119058
119058
119058
119058
119058
119058
119058
119058
119058
119058
119058
119058
119058
119058
119058
119058
119058
119058
119058
119058
119058
119058
119058
119058
119058
119058
119058
119058
119058
119058
119058
119058
119058
119058
119058
119058
119058
119058
119058
119058
119058
119058
119058
119058
119058
119058
119058
119058
119058
119058
119058
119058
119058
119058
119058
119058
119058
119058
119058
119058
119058
119058
119058
119058
119058
119058
119058
119058
119058
119058
119058
119058
119058
119058
119058
119058
119058
119058
119058
119058
119058
119058
119058
119058
119058
119058
119058
119058
119058
119058
119058
119058
119058
119058
119058
119058
119058
119058
119058
119058
119058
119058
119058
119058
119058
119058
119058
119058
119058
119058
119058
119058
119058
119058
119058
119058
119058
119058
119058
119058
119058
119058
119058
119058
119058
119058
119058
119058
119058
119058
119058
119058
119058
119059
119059
119059
119059
119059
119077
119118
119166
119216
119270
119323
119351
119354
119354
119354
119356
119364
119370
119370
119370
119370
119370
119370
119375
119411
119424
119437
119449
119454
119455
119457
119461
119461
119461
119461
119461
119461
119461
119461
119461
119461
119461
119461
119461
119461
119461
119461
119461
119461
119461
119461
119461
119461
119461
119461
119461
119461
119461
119461
119461
119461
119461
119461
119461
119461
119461
119461
119461
119461
119461
119461
119461
119461
119461
119461
119461
119461
119461
119461
119461
119461
119461
119461
119461
119461
119461
119461
119461
119461
119461
119461
119461
119461
119461
119461
119461
119461
119461
119461
119461
119461
119461
119461
119461
119461
119461
119461
119473
119478
119478
119484
119506
119533
119557
119562
119562
119562
119562
119562
119572
119611
119655
119700
119713
119717
119717
119717
119717
119717
119717
119717
119717
119717
119717
119717
119721
119727
119727
119727
119727
119727
119727
119727
119729
119733
119735
119735
119735
119735
119735
119735
119735
119735
119735
119735
119735
119735
119735
119735
119735
119735
119735
119739
119743
119745
119745
119745
119745
119745
119745
119745
119745
119745
119745
119745
119745
119745
119745
119745
119745
119745
119745
119745
119745
119745
119745
119745
119745
119745
119745
119745
119745
119745
119745
119745
119745
119745
119745
119745
119745
119745
119745
119745
119745
119745
119745
119745
119745
119745
119745
119745
119745
119745
119745
119745
119745
119745
119745
119745
119745
119745
119745
119745
119745
119745
119745
119745
119745
119745
119745
119745
119745
119745
119745
119745
119745
119745
119745
119745
119745
119745
119745
119745
119745
119745
119745
119745
119745
119745
119745
119745
119745
119745
119745
119745
119745
119745
119745
119745
119745
119745
119745
119745
119745
119745
119745
119745
119745
119745
119745
119745
119745
119745
119745
119745
119745
119745
119745
119745
119745
119745
119745
119745
119745
119745
119745
119745
119745
119745
119745
119745
119745
119745
119745
119745
119745
119745
119745
119745
119745
119745
119745
119745
119745
119745
119745
119745
119745
119745
119745
119745
119748
119750
119750
119750
119750
119750
119750
119750
119750
119750
119750
119750
119750
119750
119750
119750
119750
119750
119750
119750
119750
119750
119750
119750
119750
119750
119750
119750
119750
119750
119750
119750
119750
119750
119750
119750
119750
119750
119750
119750
119750
119750
119750
119750
119750
119750
119750
119750
119750
119750
119750
119750
119750
119750
119750
119750
119750
119750
119750
119750
119750
119750
119750
119750
119750
119750
119750
119750
119750
119750
119750
119750
119750
119750
119750
119750
119750
119750
119750
119750
119750
119750
119750
119750
119750
119750
119750
119750
119750
119750
119750
119750
119750
119750
119750
119750
119750
119750
119750
119750
119750
119750
119750
119750
119750
119750
119750
119750
119750
119750
119750
119750
119750
119750
119750
119750
119750
119750
119750
119750
119750
119750
119750
119750
119750
119750
119750
119750
119750
119750
119750
119750
119750
119750
119750
119750
119750
119750
119750
119750
119750
119750
119750
119750
119750
119750
119750
119750
119750
119750
119750
119750
119750
119750
119750
119750
119750
119750
119750
119750
119750
119750
119750
119750
119750
119750
119750
119750
119750
119750
119750
119750
119750
119750
119750
119750
119750
119750
119750
119750
119750
119750
119750
119750
119750
119750
119750
119750
119750
119750
119750
119750
119750
119750
119750
119750
119750
119750
119750
119750
119750
119750
119750
119750
119750
119750
119750
119750
119750
119750
119750
119750
119750
119750
119750
119750
119750
119750
119750
119750
119750
119750
119750
119750
119750
119750
119750
119750
119750
119750
119750
119750
119750
119750
119764
119804
119827
119829
119849
119870
119887
119898
119903
119903
119903
119903
119903
119903
119903
119903
119903
119903
119903
119903
119903
119903
119903
119903
119903
119903
119903
119903
119903
119903
119903
119903
119903
119903
119903
119903
119903
119903
119903
119903
119903
119903
119903
119903
119903
119903
119903
119903
119903
119903
119903
119903
119903
119903
119906
119921
119943
119954
119954
119962
119965
119968
119969
119969
119969
119969
119969
119969
119969
119969
119969
119969
119969
119969
119969
119969
119969
119969
119969
119969
119969
119969
119969
119969
119969
119969
119969
119969
119969
119969
119969
119969
119969
119969
119969
119969
119969
119969
119969
119969
119969
119969
119969
119969
119969
119969
119969
119969
119969
119969
119969
119969
119969
119969
119969
119969
119969
119969
119969
119969
119969
119969
119969
119969
119969
119969
119969
119969
119969
119969
119969
119969
119969
119969
119969
119969
119969
119969
119969
119969
119969
119969
119969
119969
119969
119969
119969
119969
119969
119969
119969
119969
119969
119969
119969
119969
119969
119969
119969
119969
119969
119969
119969
119969
119969
119969
119969
119969
119969
119969
119969
119969
119969
119969
119969
119969
119969
119969
119969
119969
119969
119969
119969
119969
119969
119969
119969
119969
119969
119969
119969
119969
119969
119969
119969
119969
119969
119969
119969
119969
119969
119969
119969
119969
119969
119969
119969
119969
119969
119969
119969
119969
119969
119969
119969
119969
119969
119969
119969
119969
119969
119969
119969
119969
119969
119969
119969
119969
119969
119969
119969
119969
119969
119969
119969
119969
119969
119969
119969
119969
119969
119969
119969
119969
119969
119969
119969
119969
119969
119969
119969
119969
119969
119971
119976
119983
119985
119985
119985
119985
119985
119985
119985
119985
119985
119985
119985
119985
119985
119985
119985
119985
119985
119985
119985
119985
119985
119985
119985
119985
119985
119985
119985
119985
119985
119985
119985
119985
119985
119985
119985
119985
119985
119985
119985
119985
119985
119985
119985
119985
119985
119985
119985
119985
119985
119985
119985
119985
119985
119985
119985
119985
119985
119985
119985
119985
119985
119985
119985
119985
119985
119985
119985
119985
119985
119985
119985
119985
119985
119985
119985
119985
119985
119985
119985
119985
119985
119985
119985
119985
119985
119985
119985
119985
119985
119985
119985
119985
119985
119985
119985
119985
119985
119985
119985
119985
119985
119985
119985
119985
119985
119985
119985
119985
119985
119985
119985
119985
119985
119985
119985
119985
119985
119985
119985
119985
119985
119985
119985
119985
119985
119985
119985
119985
119985
119985
119985
119985
119985
119985
119985
119985
119985
119985
119985
119985
119985
119985
119985
119985
119985
119985
119985
119985
119985
119985
119985
119985
119985
119985
119985
119985
119985
119985
119985
119985
119985
119985
119985
119985
119985
119985
119985
119985
119985
119985
119985
119985
119985
119985
119985
119985
119985
119985
119985
119985
119985
119985
119985
119985
119985
119985
119985
119985
119985
119985
119985
119985
119985
119985
119985
119985
119985
119985
119985
119985
119985
119985
119985
119985
119985
119985
119985
119985
119985
119985
119985
119985
119985
119985
119985
119985
119985
119985
119985
119985
119985
119985
119985
119985
119985
119985
119985
119985
119985
119985
119985
119985
119985
119985
119985
119985
119985
119985
119985
119985
119985
119985
119985
119985
119985
119985
119985
119985
119985
119985
119985
119985
119985
119985
119985
119985
119985
119985
119985
119985
119985
119985
119985
119985
119985
119985
119985
119985
119985
119985
119985
119985
119985
119985
119985
119985
119985
119985
119985
119985
119985
119985
119985
119985
119985
119985
119985
119985
119985
119985
119985
119985
119985
119985
119985
119985
119985
119985
119985
119985
119985
119985
119985
119985
119985
119985
119985
119985
119985
119985
119985
119985
119985
119985
119985
119985
119985
119985
119985
119985
119985
119985
119985
119985
119985
119985
119985
119985
119985
119985
119985
119985
119985
119985
119985
119985
119985
119985
119985
119985
119985
119985
119985
119985
119985
119985
119985
119985
119985
119985
119985
119985
119985
119985
119985
119985
119985
119985
119985
119985
119985
119985
119985
119985
119985
119985
119985
119985
119985
119985
119985
119985
119985
119985
119985
119985
119985
119985
119985
119985
119985
119985
119985
119985
119985
119985
119985
119985
119985
119985
119985
119985
119985
119985
119985
119985
119985
119985
119985
119985
119985
119985
119985
119985
119985
119985
119985
119985
119985
119985
119985
119985
119985
119985
119985
119985
119985
119985
119985
119985
119985
119985
119985
119985
119985
119985
119985
119985
119985
119985
119985
119985
119985
119985
119985
119985
119985
119985
119985
119985
119985
119985
119985
119985
119985
119985
119985
119985
119985
119985
119985
119985
119985
119985
119985
119985
119985
119985
119985
119985
119985
119985
119985
119986
119987
119992
119996
120000
120000
120000
120000
120000
120000
120000
120000
120000
120000
120000
120000
120000
120000
120000
120000
120000
120000
120000
120000
120000
120000
120000
120000
120000
120000
120000
120000
120000
120000
120000
120000
120000
120000
120000
120000
120000
120000
120000
120000
120000
120000
120000
120000
120000
120000
120000
120000
120000
120000
120000
120000
120000
120000
120000
120000
120000
120000
120000
120000
120000
120000
120000
120000
120000
120000
120000
120000
120000
120000
120000
120000
120000
120000
120000
120000
120000
120000
120000
120000
120000
120000
120000
120000
120000
120000
120000
120000
120000
120000
120000
120000
120000
120000
120000
120000
120000
120000
120000
120000
120000
120000
120000
120000
120000
120000
120000
120000
120000
120000
120000
120000
120000
120000
120000
120000
120000
120000
120000
120000
120000
120000
120000
120000
120000
120000
120000
120000
120000
120000
120000
120000
120000
120000
120000
120000
120000
120000
120000
120000
120000
120000
120000
120000
120000
120000
120000
120000
120000
120000
120000
120000
120000
120000
120000
120000
120000
120000
120000
120000
120000
120000
120000
120000
120000
120000
120000
120000
120000
120000
120000
120000
120000
120000
120000
120000
120000
120000
120000
120000
120000
120000
120000
120000
120000
120000
120000
120000
120000
120000
120000
120000
120000
120000
120000
120000
120000
120000
120000
120000
120000
120000
120000
120000
120000
120000
120000
120000
120000
120000
120000
120000
120000
120000
120000
120000
120000
120000
120000
120000
120000
120000
120000
120000
120000
120000
120000
120000
120000
120000
120000
120000
120000
120000
120000
120000
120000
120000
120000
120000
120000
120000
120000
120000
120000
120000
120000
120000
120000
120000
120000
120000
120000
120000
120000
120000
120000
120000
120000
120000
120000
120000
120000
120000
120000
120000
120000
120000
120000
120000
120000
120000
120000
120000
120000
120000
120000
120000
120000
120000
120000
120000
120000
120000
120000
120000
120000
120000
120000
120000
120000
120000
120000
120000
120000
120000
120000
120000
120000
120000
120000
120000
120000
120000
120000
120000
120000
120000
120000
120000
120000
120000
120000
120000
120000
120000
120000
120000
120000
120000
120000
120000
120000
120000
120000
120000
120000
120000
120000
120000
120000
120000
120000
120000
120000
120000
120000
120000
120000
120000
120000
120000
120000
120000
120000
120000
120000
120000
120000
120000
120000
120000
120000
120000
120000
120000
120000
120000
120000
120000
120000
120000
120000
120000
120000
120000
120000
120000
120000
120000
120000
120000
120000
120000
120000
120000
120000
120000
120000
120000
120000
120000
120000
120000
120000
120000
120000
120000
120000
120000
120000
120000
120000
120000
120000
120000
120000
120000
120000
120000
120000
120000
120000
120000
120000
120000
120000
120000
120000
120000
120000
120000
120000
120000
120000
120000
120000
120000
120000
120000
120000
120000
120000
120000
120000
120000
120000
120000
120000
120000
120000
120000
120000
120000
120000
120000
120000
120000
120000
120000
120000
120000
120000
120000
120000
120000
120000
120000
120000
120000
120000
120000
120000
120000
120000
120000
120000
120000
120000
120000
120000
120000
120000
120000
120000
120000
120000
120000
120000
120000
120000
120000
120000
120000
120000
120000
120000
120000
120000
120000
120000
120000
120000
120000
120000
120000
120000
120000
120000
120000
120000
120000
120000
120000
120000
120000
120000
120000
120000
120000
120000
120000
120000
120000
120000
120000
120000
120000
120000
120000
120000
120000
120000
120000
120000
120000
120000
120000
120000
120000
120000
120000
120000
120000
120000
120000
120000
120000
120000
120000
120000
120000
120000
120000
120000
120000
120000
120000
120000
120000
120000
120000
120000
120000
120000
120000
120000
120000
120000
120000
120000
120000
120000
120000
120000
120000
120000
120000
120000
120000
120000
120000
120000
120000
120000
120000
120000
120000
120000
120000
120000
120000
120000
120000
120000
120000
120000
120000
120000
120000
120000
120000
120000
120000
120000
120000
120000
120000
120000
120000
120000
120000
120000
120000
120000
120000
120000
120000
120000
120000
120000
120000
120000
120000
120000
120000
120000
120000
120000
120000
120000
120000
120000
120000
120000
120000
120000
120000
120000
120000
120000
120000
120000
120000
120000
120000
120000
120000
120000
120000
120000
120000
120000
120000
120000
120000
120000
120000
120000
120000
120000
120000
120000
120000
120000
120000
120000
120000
120000
120000
120000
120000
120000
120000
120000
120000
120000
120000
120000
120000
120000
120000
120000
120000
120000
120000
120000
120000
120000
120000
120000
120000
120000
120000
120000
120000
120000
120000
120000
120000
120000
120000
120000
120000
120000
120000
120000
120000
120000
120000
120000
120000
120000
120000
120000
120000
120000
120000
120000
120000
120000
120000
120000
120000
120000
120000
120000
120000
120000
120000
120000
120000
120000
120000
120000
120000
120000
120000
120000
120000
120000
120000
120000
120000
120000
120000
120000
120000
120000
120000
120000
120000
120000
120000
120000
120000
120000
120000
120000
120000
120000
120000
120000
120000
120000
120000
120000
120000
120000
120000
120000
120000
120000
120000
120000
120000
120000
120000
120000
120000
120000
120000
120000
120000
120000
120000
120000
120000
120000
120000
120000
120000
120000
120000
120000
120000
120000
120000
120000
120000
120000
120000
120000
120000
120000
120000
120000
120000
120000
120000
120000
120000
120000
120000
120000
120000
120000
120000
120000
120000
120000
120000
120000
120000
120000
120000
120000
120000
120000
120000
120000
120000
120000
120000
120000
120000
120000
120000
120000
120000
120000
120000
120000
120000
120000
120000
120000
120000
120000
120000
120000
120000
120000
120000
120000
120000
120000
120000
120000
120000
120000
120000
120000
120000
120000
120000
120000
120000
120000
120000
120000
120000
120000
120000
120000
120000
120000
120000
120000
120000
120000
120000
120000
120000
120000
120000
120000
120000
120000
120000
120000
120000
120000
120000
120000
120000
120000
120000
120000
120000
120000
120000
120000
120000
120000
120000
120000
120000
120000
120000
120000
120000
120000
120000
120000
120000
120000
120000
120000
120000
120000
120000
120000
120000
120000
120000
120000
120000
120000
120000
120000
120000
120000
120000
120000
120000
120000
120000
120000
120000
120000
120000
120000
120000
120000
120000
120000
120000
120000
120000
120000
120000
120000
120000
120000
120000
120000
120000
120000
120000
120000
120000
120000
120000
120000
120000
120000
120000
120000
120000
120000
120000
120000
120000
120000
120000
120000
120000
120000
120000
120000
120000
120000
120000
120000
120000
120000
120000
120000
120000
120000
120000
120000
120000
120000
120000
120000
120000
120000
120000
120000
120000
120000
120000
120000
120000
120000
120000
120000
120000
120000
120000
120000
120000
120000
120000
120000
120000
120000
120000
120000
120000
120000
120000
120000
120000
120000
120000
120000
120000
120000
120000
120000
120000
120000
120000
120000
120000
120000
120000
120000
120000
120000
120000
120000
120000
120000
120000
120000
120000
120000
120000
120000
120000
120000
120000
120000
120000
120000
120000
120000
120000
120000
120000
120000
120000
120000
120000
120000
120000
120000
120000
120000
120000
120000
120000
120000
120000
120000
120000
120000
120000
120000
120000
120000
120000
120000
120000
120000
120000
120000
120000
120000
120000
120000
120000
120000
120000
120000
120000
120000
120000
120000
