462.3
526.9
631.4
693.2
752.1
817.5
861.5
926.5
986.7
1045.5
1110.1
1176.7
1246.4
1310.5
1376.2
1433.4
1489.6
1554.3
1620.8
1681.2
1735.1
1802.3
1867.3
1926.9
1983.7
2042.5
2126.7
2191.2
2248.4
2309.1
2370.9
2433.2
2498.9
2563.9
2626.0
2694.8
2758.7
2826.9
2884.2
2940.3
2998.0
3054.6
3111.0
3167.6
3228.8
3292.1
3356.2
3414.7
3472.0
3527.8
3579.9
3640.6
3702.7
3756.1
3806.3
3862.0
3915.2
3970.2
4022.3
4072.7
4118.6
4159.7
4205.4
4254.2
4297.4
4341.0
4382.2
4423.4
4467.7
4514.5
4560.0
4609.9
4669.8
4724.6
4774.8
4826.5
4879.7
4929.2
4983.0
5042.9
5101.8
5158.6
5211.0
5266.4
5323.5
5375.9
5432.8
5488.7
5545.3
5601.6
5664.5
5721.3
5776.4
5834.9
5893.5
5945.1
5994.7
6046.8
6105.0
6157.5
6216.2
6274.5
6335.3
6390.6
6445.0
6493.9
6547.0
6606.5
6665.0
6716.2
6772.8
6825.4
6876.1
6921.5
6966.3
7006.7
7052.7
7108.0
7161.4
7207.9
7256.6
7304.8
7349.6
7396.9
7444.7
7487.7
7535.3
7586.8
7643.6
7703.4
7761.6
7818.0
7869.2
7924.1
7976.5
8021.1
8075.5
8132.5
8180.8
8228.1
8289.3
8358.1
8418.7
8469.2
8521.0
8572.9
8626.9
8681.8
8741.4
8798.6
8847.6
8894.1
8936.7
8988.3
9039.5
9085.0
9130.6
9174.6
9219.9
9271.2
9323.9
9361.5
9404.2
9444.3
9487.3
9530.9
9577.9
9626.6
9668.7
9711.1
9752.8
9801.1
9850.3
9897.4
9941.3
9988.6
10039.1
10088.1
10136.4
10189.1
10248.1
10300.4
10350.1
10396.5
10446.2
10497.9
10555.5
10608.7
10656.0
10694.5
10738.2
10787.4
10832.1
10874.6
10918.6
10962.9
11007.0
11052.2
11098.9
11153.3
11207.8
11269.2
11328.0
11390.6
11453.2
11514.9
11576.3
11631.3
11686.4
11744.1
11806.0
11862.0
11921.1
11977.8
12032.4
12082.4
12138.9
12200.5
12263.4
12321.7
12375.6
12432.9
12489.1
12535.8
12588.1
12637.8
12675.3
12721.6
12771.6
12820.3
12862.1
12903.0
12945.0
12987.3
13027.2
13063.3
13102.0
13144.6
13189.0
13226.3
13272.8
13327.7
13374.7
13417.9
13472.6
13540.4
13600.8
13655.8
13707.9
13758.3
13811.0
13863.4
13918.8
13973.6
14021.9
14076.8
14131.8
14179.3
14216.9
14253.8
14291.3
14326.4
14362.3
14397.3
14438.8
14485.6
14527.9
14574.0
14613.9
14652.5
14688.2
14719.3
14745.5
14772.2
14800.3
14833.5
14865.0
14893.6
14934.0
14971.4
15007.2
15039.3
15071.2
15103.2
15139.3
15174.3
15204.2
15236.2
15269.6
15306.1
15336.9
15370.9
15409.0
15450.0
15487.2
15524.8
15561.7
15597.7
15634.9
15671.8
15709.4
15744.6
15780.9
15814.8
15852.8
15893.9
15934.5
15976.9
16015.3
16052.3
16086.4
16122.7
16154.0
16196.2
16243.8
16287.1
16322.9
16362.4
16400.5
16436.9
16474.3
16513.9
16551.3
16584.5
16622.6
16664.5
16694.6
16727.3
16764.0
16800.9
16831.2
16862.2
16896.4
16930.3
16962.2
16995.6
17028.5
17061.2
17093.3
17123.6
17155.9
17189.3
17220.6
17253.9
17285.7
17318.8
17353.8
17387.9
17420.4
17456.9
17489.2
17517.8
17548.2
17578.3
17608.7
17649.1
17688.6
17721.6
17755.2
17788.6
17822.5
17853.9
17891.3
17931.6
17974.6
18020.4
18071.4
18112.1
18157.9
18201.4
18239.7
18277.4
18326.0
18372.6
18410.3
18445.6
18481.2
18514.5
18553.3
18590.7
18620.1
18657.3
18697.8
18733.6
18765.9
18802.5
18838.7
18874.1
18906.9
18945.2
18979.5
19015.5
19060.4
19104.6
19140.8
19168.8
19196.8
19229.6
19263.1
19288.8
19319.1
19341.9
19367.8
19388.3
19410.4
19431.2
19455.7
19485.0
19516.3
19548.1
19573.3
19597.1
19622.0
19652.0
19679.5
19706.3
19730.9
19756.5
19787.6
19818.6
19856.6
19900.7
19954.9
19999.9
20041.0
20081.4
20126.9
20166.4
20210.8
20254.1
20295.1
20334.4
20374.9
20416.8
20450.6
20474.3
20494.2
20512.7
20532.1
20555.8
20580.8
20604.9
20629.8
20651.6
20675.2
20702.9
20727.7
20762.1
20800.2
20837.1
20867.5
20901.2
20935.6
20967.3
21000.3
21030.4
21063.1
21089.5
21116.1
21149.1
21184.1
21215.9
21247.5
21280.6
21312.5
21344.8
21376.2
21410.5
21446.0
21483.1
21520.8
21555.2
21592.0
21628.7
21659.3
21693.8
21725.7
21753.9
21791.1
21828.8
21862.6
21897.2
21937.8
21982.8
22028.5
22064.2
22113.1
22165.1
22214.1
22266.9
22301.3
22335.9
22375.7
22417.7
22453.3
22493.1
22534.6
22573.1
22604.0
22634.3
22662.7
22697.6
22725.7
22753.2
22789.0
22823.6
22859.8
22894.7
22919.5
22950.0
22986.5
23019.2
23050.7
23081.0
23117.0
23155.8
23192.8
23229.8
23262.8
23297.6
23328.4
23362.5
23396.5
23431.8
23460.9
23488.2
23514.7
23540.8
23570.4
23595.0
23622.2
23646.9
23671.9
23699.6
23718.9
23740.7
23761.1
23779.2
23804.5
23830.8
23858.1
23878.1
23894.6
23908.5
23924.1
23944.6
23959.3
23972.0
23988.6
24007.8
24032.6
24052.1
24063.5
24082.7
24108.3
24135.9
24161.8
24199.7
24238.9
24275.5
24304.5
24338.0
24373.1
24405.9
24436.6
24470.8
24506.4
24541.2
24573.6
24604.6
24638.1
24678.9
24716.8
24758.6
24806.2
24858.5
24908.5
24956.8
25006.7
25062.4
25126.5
25185.5
25239.3
25290.5
25339.0
25387.5
25433.5
25478.9
25523.1
25564.4
25615.5
25664.2
25713.3
25764.0
25806.6
25857.8
25906.7
25953.3
25996.6
26041.9
26085.4
26129.1
26175.0
26217.4
26259.8
26296.4
26337.8
26377.4
26415.6
26454.5
26489.5
26530.8
26571.1
26611.1
26648.8
26685.5
26721.4
26759.0
26801.5
26844.5
26892.9
26935.9
26976.0
27018.0
27060.3
27097.8
27133.3
27164.1
27198.1
27235.6
27268.3
27294.9
27320.1
27346.3
27372.9
27402.9
27431.3
27459.0
27486.2
27514.6
27547.4
27582.8
27625.5
27666.4
27708.5
27751.0
27788.7
27827.0
27860.7
27895.5
27932.6
27976.2
28016.7
28056.2
28097.5
28140.5
28186.1
28231.6
28272.3
28314.1
28357.0
28402.3
28440.9
28485.2
28526.8
28573.0
28614.5
28656.6
28698.8
28742.2
28786.3
28829.9
28879.1
28925.7
28969.5
29007.7
29049.5
29092.5
29135.5
29175.6
29216.0
29249.3
29284.7
29320.9
29350.0
29383.1
29419.6
29454.9
29489.3
29524.6
29561.1
29596.0
29627.8
29660.2
29700.5
29737.9
29770.0
29807.0
29839.9
29875.0
29906.2
29941.9
29975.9
30007.9
30031.0
30062.2
30099.5
30135.4
30177.3
30208.5
30242.0
30278.3
30312.0
30347.4
30386.0
30429.0
30468.3
30501.5
30542.8
30582.3
30615.0
30654.1
30692.4
30723.5
30767.9
30809.9
30848.6
30891.0
30936.0
30987.5
31032.5
31072.4
31113.6
31156.8
31206.8
31251.6
31296.6
31341.0
31381.9
31425.6
31472.1
31521.8
31564.8
31602.2
31643.3
31686.0
31723.4
31757.7
31792.5
31829.5
31869.4
31912.6
31955.6
31993.8
32034.9
32070.8
32111.5
32148.4
32188.3
32232.4
32270.7
32305.5
32338.8
32371.9
32411.8
32446.9
32486.4
32527.5
32568.6
32606.4
32644.8
32683.3
32722.9
32759.6
32793.9
32828.1
32868.4
32904.1
32941.4
32978.1
33016.0
33049.9
33086.1
33124.3
33164.1
33205.4
33252.2
33291.3
33327.4
33369.9
33416.6
33461.6
33503.9
33544.1
33583.4
33624.0
33658.5
33693.5
33724.7
33755.4
33785.2
33818.4
33858.7
33897.3
33933.9
33969.4
34005.1
34043.0
34080.7
34120.0
34160.4
34201.2
34239.7
34276.5
34314.5
34350.5
34387.4
34423.7
34458.7
34495.2
34535.5
34573.3
34603.3
34631.1
34659.5
34689.6
34715.3
34744.6
34768.2
34799.0
34831.5
34861.9
34900.2
34944.4
34981.2
35015.0
35057.2
35101.7
35139.7
35176.0
35215.7
35254.8
35299.0
35345.7
35393.8
35434.2
35476.9
35521.0
35564.5
35609.6
35651.0
35689.9
35725.0
35760.4
35792.0
35827.4
35862.0
35893.0
35928.7
35968.6
36004.1
36041.2
36082.5
36118.4
36157.3
36194.0
36229.1
36260.5
36294.5
36327.2
36360.1
36390.0
36416.5
36442.8
36471.6
36500.7
36530.2
36560.4
36589.5
36617.9
36647.7
36675.0
36700.9
36730.3
36757.6
36789.3
36825.5
36862.1
36893.1
36921.0
36945.8
36969.2
36992.2
37017.1
37040.9
37063.3
37091.1
37112.4
37135.0
37162.5
37191.3
37218.1
37246.6
37273.9
37301.2
37330.7
37364.3
37392.7
37418.9
37448.5
37480.6
37510.1
37540.0
37578.2
37619.1
37659.6
37697.1
37731.0
37761.3
37786.8
37817.1
37843.2
37868.5
37889.3
37918.0
37946.6
37976.2
38006.4
38040.2
38075.4
38107.4
38141.5
38171.4
38206.8
38254.8
38303.5
38355.2
38409.2
38471.5
38527.2
38575.6
38616.5
38659.8
38703.1
38749.1
38785.7
38827.8
38870.9
38914.9
38952.2
38988.1
39025.3
39066.2
39105.6
39149.2
39188.6
39225.9
39259.2
39287.9
39311.8
39339.8
39363.2
39380.9
39394.9
39408.4
39425.2
39438.3
39450.4
39461.5
39472.1
39484.7
39496.9
39504.9
39514.8
39524.1
39532.1
39540.8
39552.2
39563.7
39574.6
39590.6
39605.0
39616.8
39630.3
39645.4
39661.8
39677.3
39691.7
39708.1
39727.2
39746.4
39765.8
39786.0
39804.4
39826.9
39851.6
39876.5
39904.4
39936.1
39967.2
40000.0
40034.7
40054.0
40078.2
40113.2
40151.3
40182.0
40210.2
40240.0
40271.9
40308.5
40339.7
40376.1
40412.7
40447.1
40475.5
40505.4
40535.7
40559.4
40589.8
40627.3
40660.3
40694.4
40729.0
40772.0
40811.2
40844.8
40873.4
40903.8
40939.5
40979.7
41019.2
41060.2
41094.8
41134.5
41172.6
41207.3
41238.9
41270.1
41302.5
41341.7
41380.0
41418.9
41453.8
41493.0
41539.7
41581.0
41623.6
41664.3
41699.0
41740.9
41788.6
41833.2
41880.8
41921.8
41969.8
42021.4
42070.6
42111.6
42154.5
42191.3
42236.2
42275.4
42312.3
42345.0
42380.3
42416.2
42445.1
42474.5
42505.8
42533.6
42560.8
42587.5
42611.8
42635.7
42665.8
42699.7
42725.5
42754.9
42784.1
42805.2
42826.7
42845.5
42863.7
42887.7
42919.8
42955.7
42983.6
43020.4
43064.0
43100.8
43136.7
43174.6
43216.6
43257.4
43298.2
43341.0
43380.2
43418.9
43454.4
43496.0
43531.7
43566.9
43606.2
43647.6
43689.9
43736.5
43775.8
43814.4
43850.8
43888.4
43927.7
43961.2
43998.4
44036.0
44066.0
44092.3
44119.5
44146.4
44173.1
44198.3
44225.0
44248.8
44272.2
44295.6
44323.6
44355.2
44380.3
44405.5
44431.7
44459.1
44486.8
44515.7
44543.8
44567.0
44589.1
44608.5
44628.5
44647.1
44668.7
44689.4
44715.0
44742.3
44764.7
44786.0
44807.5
44830.2
44856.2
44881.6
44911.8
44943.2
44973.6
45002.7
45035.5
45072.0
45112.6
45153.6
45188.6
45232.4
45273.6
45310.6
45346.3
45377.9
45402.6
45432.7
45464.1
45491.0
45516.8
45540.9
45564.8
45593.9
45619.9
45648.7
45678.0
45703.4
45723.6
45739.3
45753.9
45769.8
45793.0
45814.9
45836.7
45858.6
45872.7
45898.9
45925.9
45949.0
45969.7
45990.2
46008.9
46024.9
46040.7
46057.9
46075.1
46091.1
46106.0
46121.6
46142.7
46168.0
46191.8
46211.9
46229.1
46249.2
46269.0
46286.2
46305.6
46324.4
46341.8
46357.4
46371.7
46386.7
46400.7
46411.0
46425.7
46443.0
46463.6
46484.2
46498.6
46512.5
46525.8
46539.3
46551.7
46564.7
46579.1
46599.6
46619.2
46641.3
46662.7
46683.8
46701.5
46716.1
46733.0
46747.5
46760.6
46775.2
46789.7
46804.4
46819.4
46835.5
46851.7
46872.5
46896.9
46918.7
46940.5
46960.4
46982.9
47006.9
47031.1
47055.1
47076.0
47095.1
47110.8
47125.0
47136.7
47152.4
47164.6
47179.2
47199.7
47224.4
47242.5
47257.7
47277.3
47295.2
47309.0
47324.8
47340.1
47363.3
47389.1
47416.8
47446.9
47474.6
47503.7
47534.5
47561.4
47597.1
47632.6
47669.7
47707.0
47742.1
47776.0
47814.4
47848.7
47882.6
47918.3
47954.5
47987.4
48017.5
48051.9
48083.0
48111.4
48139.3
48169.8
48203.1
48233.8
48264.7
48293.6
48318.4
48344.4
48372.5
48401.6
48429.6
48459.3
48490.7
48517.3
48543.4
48571.1
48597.2
48621.1
48641.6
48664.8
48690.3
48714.7
48736.9
48763.6
48784.6
48806.9
48823.4
48840.8
48855.8
48870.6
48888.7
48910.9
48931.9
48953.8
48971.7
48991.4
49017.8
49047.1
49074.5
49104.3
49134.7
49164.8
49194.9
49229.2
49266.4
49301.0
49332.8
49364.1
49392.5
49428.7
49466.4
49500.3
49535.6
49573.1
49610.7
49642.9
49673.7
49709.7
49746.8
49776.7
49803.4
49825.6
49850.9
49878.6
49905.9
49933.9
49957.1
49977.9
50001.6
50024.1
50041.7
50064.3
50096.9
50127.3
50159.3
50189.2
50220.0
50249.7
50279.9
50312.9
50351.1
50386.9
50425.3
50462.6
50503.3
50543.8
50588.3
50624.0
50668.6
50715.3
50759.7
50804.0
50844.8
50888.4
50931.4
50971.6
51007.4
51049.4
51094.5
51135.0
51175.6
51210.1
51248.3
51281.9
51307.6
51329.5
51354.2
51375.2
51397.7
51425.2
51450.6
51478.4
51508.2
51535.7
51563.4
51594.8
51626.3
51665.1
51706.5
51747.2
51785.0
51829.0
51872.0
51918.5
51964.4
52005.5
52048.5
52083.9
52115.8
52149.5
52181.4
52215.7
52253.1
52289.0
52325.1
52357.6
52395.0
52433.5
52470.6
52505.4
52534.6
52572.0
52605.6
52650.4
52695.4
52735.4
52768.8
52800.8
52828.9
52855.9
52884.6
52905.8
52926.3
52943.4
52959.1
52973.1
52988.8
53001.7
53013.4
53024.7
53034.8
53048.0
53061.1
53071.1
53082.4
53095.3
53107.4
53119.1
53130.8
53144.0
53160.6
53177.2
53195.9
53213.4
53227.3
53241.3
53255.4
53269.5
53282.9
53299.2
53319.1
53343.6
53362.2
53380.3
53398.7
53414.1
53429.6
53440.3
53457.7
53471.4
53487.3
53505.4
53525.0
53549.9
53576.1
53599.0
53615.6
53634.1
53657.2
53679.7
53700.8
53720.1
53739.4
53752.3
53764.1
53779.6
53795.1
53812.1
53833.5
53853.2
53868.3
53882.7
53895.7
53911.5
53927.2
53946.8
53968.7
53991.1
54017.1
54040.7
54064.8
54089.3
54108.7
54120.8
54134.7
54147.3
54158.0
54166.9
54174.4
54181.9
54189.4
54198.3
54208.1
54217.5
54226.2
54235.7
54250.2
54266.1
54288.7
54312.7
54332.1
54351.2
54367.4
54387.1
54407.3
54425.3
54442.7
54459.5
54473.9
54488.2
54503.0
54517.4
54529.7
54540.9
54557.4
54575.4
54596.1
54614.5
54630.4
54649.0
54666.5
54686.2
54699.1
54711.7
54723.2
54735.0
54746.7
54759.1
54771.1
54783.7
54795.4
54806.7
54819.7
54831.4
54842.7
54852.8
54866.7
54883.9
54901.2
54916.6
54929.5
54945.3
54964.6
54985.0
55001.1
55018.8
55032.0
55043.1
55049.4
55053.7
55060.0
55065.9
55071.7
55077.4
55083.2
55090.3
55098.5
55106.9
55121.5
55136.7
55150.6
55162.8
55171.9
55180.8
55188.2
55198.4
55207.2
55215.7
55227.2
55240.7
55253.0
55261.9
55269.6
55278.0
55288.8
55305.1
55320.2
55331.3
55342.7
55354.5
55366.2
55378.9
55389.9
55402.5
55412.9
55422.8
55430.8
55437.5
55443.0
55448.6
55454.8
55460.1
55465.4
55471.0
55476.9
55482.7
55488.5
55494.6
55498.8
55505.5
55516.1
55526.0
55537.6
55549.2
55560.8
55573.5
55585.4
55600.8
55612.9
55621.4
55632.9
55644.5
55656.0
55668.1
55679.4
55691.0
55702.5
55711.5
55724.6
55737.5
55749.4
55760.9
55770.8
55783.1
55797.8
55811.1
55822.9
55834.8
55846.2
55854.7
55869.0
55882.2
55895.4
55909.7
55921.3
55933.9
55947.1
55964.9
55981.9
56000.1
56016.8
56034.9
56053.9
56068.5
56088.1
56106.5
56125.5
56142.8
56156.2
56167.3
56178.0
56187.4
56203.6
56217.8
56236.5
56258.1
56277.6
56299.5
56325.8
56346.5
56367.9
56390.2
56416.5
56445.3
56471.1
56500.4
56528.4
56549.2
56569.5
56588.4
56605.7
56625.5
56646.3
56663.2
56679.8
56692.4
56702.6
56710.5
56721.4
56735.8
56750.0
56762.2
56776.2
56792.4
56806.4
56819.4
56830.4
56840.1
56849.6
56861.3
56874.3
56890.0
56903.6
56920.2
56935.3
56949.6
56970.4
56994.0
57016.3
57036.5
57057.5
57077.5
57096.1
57119.3
57147.0
57171.4
57191.4
57212.6
57235.9
57263.9
57287.7
57307.8
57334.6
57360.5
57385.7
57407.8
57432.8
57453.2
57475.6
57501.5
57529.1
57548.0
57565.9
57583.1
57600.4
57617.8
57633.2
57656.5
57681.7
57703.6
57725.7
57751.2
57771.9
57790.3
57809.1
57828.2
57843.4
57860.7
57880.4
57897.4
57915.1
57939.9
57961.4
57979.1
57995.2
58009.6
58031.2
58055.4
58074.7
58096.9
58120.0
58137.6
58156.3
58174.9
58194.4
58219.2
58239.6
58267.2
58292.7
58320.0
58341.6
58362.7
58385.0
58405.7
58424.2
58441.0
58457.1
58476.0
58495.9
58514.1
58531.0
58550.4
58578.7
58608.1
58629.9
58655.9
58683.4
58706.0
58725.7
58747.2
58772.4
58801.0
58824.2
58848.2
58873.1
58896.3
58917.2
58936.4
58954.2
58973.4
58994.8
59013.5
59040.2
59066.9
59084.8
59100.7
59119.7
59139.9
59159.5
59182.6
59207.9
59232.1
59257.7
59280.3
59303.2
59326.0
59344.1
59362.4
59377.8
59393.7
59414.2
59432.6
59451.9
59472.8
59491.5
59506.7
59521.3
59537.2
59557.9
59577.6
59594.5
59611.0
59627.1
59645.3
59661.5
59677.5
59692.9
59709.7
59729.1
59747.0
59763.6
59786.4
59812.1
59835.4
59858.9
59879.8
59906.0
59934.3
59958.4
59986.2
60012.4
60037.8
60061.3
60081.0
60103.1
60126.1
60149.4
60170.8
60189.4
60211.1
60232.9
60253.2
60274.8
60293.7
60320.5
60350.8
60376.9
60398.9
60420.5
60440.6
60462.5
60485.5
60506.9
60529.2
60550.8
60566.3
60584.7
60603.4
60617.1
60631.6
60648.4
60662.7
60674.7
60687.1
60704.6
60724.8
60744.1
60764.0
60785.3
60800.5
60812.8
60829.1
60846.1
60857.4
60866.8
60875.5
60885.0
60896.2
60906.0
60922.6
60941.5
60964.6
60990.2
61012.4
61032.2
61053.7
61078.0
61097.6
61118.7
61137.5
61152.2
61172.7
61192.2
61210.6
61225.0
61241.0
61258.8
61277.1
61297.4
61314.9
61335.7
61354.5
61375.5
61392.9
61410.7
61427.1
61447.5
61467.5
61486.4
61503.0
61518.6
61531.5
61545.0
61561.3
61574.6
61587.6
61605.0
61626.5
61645.3
61661.4
61679.5
61699.6
61716.0
61731.6
61747.1
61761.5
61778.3
61796.4
61812.8
61829.3
61845.6
61861.8
61880.0
61896.7
61915.2
61933.2
61954.2
61978.1
62002.8
62024.9
62048.1
62072.1
62091.8
62114.4
62133.3
62153.1
62171.0
62194.7
62215.9
62239.1
62263.5
62287.5
62310.2
62330.1
62348.2
62369.2
62389.2
62404.6
62422.3
62441.9
62461.8
62479.5
62497.5
62514.8
62529.9
62549.1
62567.3
62586.5
62610.5
62635.7
62653.6
62668.6
62681.3
62692.1
62702.9
62713.4
62724.6
62740.3
62757.7
62772.5
62786.0
62800.9
62815.6
62830.5
62845.4
62860.6
62878.3
62899.2
62917.0
62930.3
62942.8
62954.9
62967.9
62980.8
62996.6
63014.0
63035.5
63056.9
63083.7
63110.6
63140.7
63165.3
63190.8
63214.6
63240.0
63263.2
63286.1
63308.2
63324.8
63338.9
63352.8
63366.8
63383.7
63402.7
63423.7
63447.8
63468.9
63488.0
63509.4
63532.7
63558.9
63590.8
63624.5
63656.5
63684.1
63707.7
63734.1
63761.3
63785.7
63810.3
63835.8
63858.9
63884.9
63915.3
63948.1
63980.1
64004.0
64022.3
64039.3
64061.8
64084.8
64108.9
64129.7
64150.4
64172.3
64195.0
64226.2
64252.3
64277.1
64303.8
64324.9
64343.5
64364.2
64383.4
64403.5
64429.9
64455.1
64479.9
64503.1
64521.3
64533.8
64545.1
64555.8
64566.2
64576.7
64587.0
64598.9
64613.1
64630.0
64646.6
64663.5
64683.6
64704.8
64723.7
64751.7
64785.7
64822.1
64853.1
64880.9
64912.6
64937.3
64962.0
64985.4
65009.3
65032.5
65053.1
65073.3
65103.0
65136.6
65169.0
65194.8
65216.0
65236.5
65257.2
65277.2
65295.9
65312.8
65333.8
65352.1
65371.8
65390.7
65413.8
65440.0
65473.6
65509.1
65542.5
65565.9
65589.7
65612.6
65635.1
65652.8
65675.5
65700.3
65722.1
65740.1
65756.2
65771.3
65795.0
65822.4
65847.1
65867.4
65887.4
65905.6
65918.9
65935.5
65953.0
65972.5
65999.3
66023.9
66045.2
66070.4
66094.7
66118.1
66139.3
66158.9
66177.8
66196.5
66216.3
66239.5
66265.4
66285.6
66300.9
66311.0
66325.9
66345.4
66374.0
66397.2
66419.5
66442.3
66463.9
66487.7
66514.6
66538.8
66558.0
66577.1
66595.7
66622.5
66648.0
66671.4
66693.0
66720.8
66745.3
66766.5
66792.7
66818.6
66838.0
66863.1
66882.4
66899.2
66914.9
66930.0
66946.1
66964.5
66980.2
66993.4
67006.9
67019.8
67029.5
67039.7
67052.5
67069.3
67087.5
67104.9
67121.6
67135.6
67150.6
67165.2
67181.0
67198.5
67217.1
67238.9
67262.2
67282.5
67302.3
67321.6
67338.5
67355.3
67370.3
67384.5
67400.8
67417.1
67429.8
67446.0
67461.3
67473.1
67481.0
67491.9
67505.6
67518.3
67529.2
67539.2
67547.8
67560.3
67577.3
67591.7
67603.6
67615.1
67625.9
67640.3
67658.9
67677.7
67691.1
67704.6
67717.5
67731.0
67748.0
67765.5
67776.7
67786.8
67795.2
67803.8
67811.9
67820.3
67831.0
67841.4
67851.3
67857.1
67863.0
67871.6
67883.7
67899.6
67918.3
67936.2
67959.2
67985.5
68003.3
68021.9
68040.5
68056.3
68071.9
68089.7
68106.4
68127.3
68152.5
68175.6
68203.5
68232.4
68264.2
68294.4
68326.1
68350.7
68378.3
68402.6
68429.0
68454.3
68481.9
68512.0
68540.2
68566.9
68594.5
68624.1
68652.9
68683.1
68713.8
68744.2
68774.1
68799.2
68828.9
68854.7
68887.7
68922.2
68950.0
68984.7
69017.5
69044.0
69068.2
69093.1
69115.9
69143.1
69166.4
69185.6
69201.9
69216.0
69231.0
69249.4
69269.2
69282.9
69301.5
69322.8
69348.1
69373.9
69401.4
69424.3
69450.8
69476.9
69503.0
69527.5
69551.2
69572.1
69597.5
69623.4
69649.4
69674.5
69696.9
69720.6
69749.6
69777.4
69803.2
69833.2
69863.7
69889.9
69915.3
69941.7
69971.4
70004.3
70036.4
70072.8
70111.7
70143.2
70173.6
70203.1
70232.6
70262.6
70296.5
70328.1
70357.1
70388.6
70414.9
70443.3
70468.5
70490.6
70520.7
70549.0
70579.2
70605.8
70636.7
70670.5
70704.1
70734.7
70772.0
70804.9
70830.3
70852.9
70874.2
70897.9
70924.2
70949.8
70978.8
71006.8
71032.0
71053.7
71073.9
71095.2
71122.7
71150.9
71176.8
71202.5
71223.4
71246.1
71265.1
71282.3
71296.2
71314.2
71329.4
71341.2
71355.9
71373.1
71388.6
71399.9
71407.5
71413.3
71419.0
71425.9
71433.9
71440.4
71446.1
71453.2
71459.9
71467.2
71472.8
71478.6
71485.2
71500.7
71518.2
71533.7
71548.9
71562.0
71574.0
71583.8
71594.1
71603.3
71610.4
71616.4
71624.8
71635.3
71644.4
71655.8
71668.6
71679.4
71689.6
71699.1
71708.6
71721.1
71734.7
71750.6
71765.2
71776.5
71790.1
71810.4
71831.9
71849.1
71860.2
71871.0
71879.1
71886.9
71892.7
71898.6
71905.6
71914.7
71925.6
71937.5
71949.9
71966.7
71981.9
71993.6
72005.2
72016.8
72030.0
72044.7
72059.8
72069.9
72080.0
72093.0
72106.8
72121.7
72137.5
72153.9
72170.0
72188.2
72211.5
72238.0
72264.4
72286.0
72300.2
72313.7
72326.6
72339.1
72354.5
72375.6
72396.1
72414.7
72440.2
72464.3
72488.4
72518.2
72548.1
72573.1
72594.3
72616.4
72636.0
72653.9
72669.8
72685.5
72704.1
72717.6
72731.6
72745.5
72760.1
72775.6
72792.2
72806.4
72816.9
72830.6
72840.5
72849.9
72859.3
72870.4
72880.9
72889.7
72899.8
72906.2
72912.1
72918.0
72924.3
72933.4
72945.7
72958.8
72971.4
72981.6
72996.4
73011.7
73025.1
73039.5
73053.9
73066.0
73074.6
73084.3
73089.1
73099.0
73111.4
73123.4
73131.6
73139.0
73149.9
73158.5
73167.4
73176.2
73184.7
73193.1
73202.5
73216.9
73230.4
73239.4
73248.6
73257.6
73265.9
73273.9
73281.5
73291.3
73302.9
73315.3
73323.8
73331.6
73342.8
73354.3
73365.0
73379.1
73390.3
73400.3
73411.9
73423.5
73433.9
73444.2
73454.0
73468.0
73482.0
73496.1
73510.8
73525.6
73537.8
73545.9
73555.2
73565.5
73575.0
73584.8
73594.6
73603.6
73615.7
73626.6
73637.1
73651.2
73666.4
73680.6
73696.0
73711.1
73726.2
73739.6
73749.8
73761.5
73780.9
73800.2
73820.3
73842.3
73862.7
73887.9
73910.5
73930.3
73950.6
73974.6
74003.4
74033.4
74061.4
74081.8
74105.4
74130.3
74150.0
74166.8
74192.7
74221.5
74239.4
74258.2
74279.4
74303.9
74331.3
74357.3
74379.2
74403.2
74426.2
74449.2
74477.9
74509.1
74535.5
74555.2
74574.9
74591.9
74609.9
74630.9
74652.7
74672.8
74698.2
74720.2
74739.5
74764.7
74787.3
74803.5
74819.8
74834.9
74848.5
74861.6
74875.2
74888.7
74901.7
74914.0
74927.1
74941.5
74957.7
74977.0
74991.1
75003.3
75018.4
75035.2
75050.7
75068.0
75084.7
75098.5
75108.5
75119.7
75131.5
75142.5
75152.1
75161.5
75169.8
75178.3
75186.3
75198.1
75209.6
75221.9
75233.5
75241.8
75252.0
75264.4
75274.3
75285.6
75296.7
75306.8
75317.1
75326.4
75339.2
75353.0
75370.7
75391.0
75415.9
75437.2
75457.6
75474.3
75487.9
75502.7
75515.3
75527.4
75537.8
75552.9
75568.4
75582.4
75597.2
75612.2
75626.1
75644.9
75660.8
75675.4
75688.9
75704.8
75718.5
75730.8
75743.9
75755.7
75772.8
75789.7
75804.7
75818.1
75832.2
75846.7
75860.8
75874.4
75890.5
75909.5
75928.0
75946.1
75962.0
75976.9
75991.6
76008.9
76026.2
76045.6
76061.5
76074.6
76092.1
76111.2
76130.0
76154.7
76174.2
76187.2
76201.6
76213.9
76225.5
76237.3
76248.2
76263.7
76282.5
76299.2
76311.7
76324.3
76337.9
76345.7
76351.7
76361.6
76368.0
76375.9
76387.5
76401.8
76413.1
76427.8
76441.8
76456.5
76468.8
76479.1
76494.0
76512.2
76529.3
76551.9
76570.2
76589.2
76612.7
76630.1
76648.2
76669.8
76694.7
76719.2
76745.7
76770.8
76789.7
76804.8
76821.3
76831.3
76841.3
76856.9
76879.4
76893.7
76907.6
76921.9
76940.3
76959.2
76975.1
76993.2
77012.1
77031.2
77045.2
77058.0
77073.4
77087.1
77099.8
77111.8
77128.5
77145.4
77158.9
77171.7
77184.8
77195.7
77207.1
77216.9
77228.5
77238.6
77250.9
77265.1
77276.3
77285.5
77294.0
77301.2
77306.8
77312.6
77320.2
77328.2
77331.1
77338.6
77345.6
77356.0
77368.8
77378.2
77386.7
77394.2
77402.5
77415.0
77428.4
77440.8
77455.2
77470.9
77486.5
77500.9
77509.4
77524.8
77543.5
77559.3
77572.3
77583.6
77595.4
77609.7
77625.6
77638.0
77649.9
77661.6
77673.5
77683.8
77693.9
77703.5
77715.0
77726.0
77737.3
77750.1
77762.4
77774.8
77785.4
77796.6
77807.6
77816.4
77828.1
77841.2
77855.8
77867.2
77877.9
77889.7
77899.1
77910.0
77922.8
77932.3
77940.9
77949.2
77958.4
77969.6
77975.9
77986.1
77996.0
78001.9
78007.9
78014.4
78022.8
78029.3
78035.0
78040.9
78046.4
78052.4
78057.4
78066.3
78072.7
78078.3
78083.8
78087.9
78091.4
78094.2
78103.1
78110.6
78115.5
78118.8
78121.5
78124.2
78127.6
78134.5
78143.2
78151.0
78159.9
78167.6
78174.9
78187.1
78196.6
78206.7
78217.0
78227.2
78239.2
78255.0
78277.1
78298.4
78316.6
78334.0
78356.3
78376.8
78396.6
78412.6
78431.5
78453.5
78475.0
78491.6
78511.9
78534.5
78555.9
78572.8
78584.8
78605.3
78621.8
78636.0
78649.1
78661.3
78671.3
78677.1
78683.0
78690.6
78700.8
78713.7
78726.1
78740.5
78752.4
78763.9
78777.3
78792.3
78808.2
78822.7
78839.9
78859.1
78874.1
78889.1
78903.4
78926.9
78951.3
78969.6
78983.9
78999.0
79016.7
79030.3
79043.6
79061.1
79077.8
79092.4
79110.6
79124.6
79139.3
79155.6
79172.5
79188.9
79208.2
79222.9
79235.4
79249.0
79266.7
79285.1
79302.9
79316.2
79332.5
79351.0
79369.7
79390.7
79412.9
79435.1
79450.2
79463.4
79482.1
79494.5
79504.9
79514.9
79524.7
79533.9
79543.9
79557.4
79574.4
79589.9
79601.0
79611.6
79618.7
79632.4
79647.5
79662.4
79674.1
79685.3
79693.9
79701.8
79713.5
79724.2
79732.5
79740.2
79750.7
79763.1
79776.2
79786.7
79796.5
79806.7
79816.2
79825.6
79837.3
79848.2
79858.5
79867.8
79883.2
79897.8
79910.0
79918.7
79926.1
79934.2
79942.1
79954.1
79969.5
79984.6
79992.8
80003.2
80009.9
80015.2
80024.0
80029.9
80035.9
80042.1
80049.2
80054.6
80063.6
80079.5
80092.2
80101.3
80109.3
80120.6
80134.2
80146.6
80158.5
80170.6
80184.2
80196.5
80209.9
80221.0
80235.4
80253.5
80270.4
80288.2
80302.5
80312.8
80324.2
80336.9
80352.7
80370.5
80381.0
80390.7
80399.5
80407.1
80416.6
80425.8
80433.9
80442.7
80448.8
80453.3
80460.3
80464.4
80470.0
80480.1
80489.7
80496.7
80503.9
80513.3
80528.7
80546.5
80565.6
80586.9
80606.4
80625.0
80642.8
80662.2
80680.4
80694.6
80711.3
80729.2
80751.5
80771.2
80789.8
80811.2
80839.6
80864.8
80888.1
80909.1
80926.8
80945.8
80966.3
80986.9
81005.9
81024.3
81041.2
81057.7
81072.3
81092.1
81108.8
81126.5
81145.7
81161.2
81176.2
81190.3
81208.3
81230.1
81247.7
81269.7
81287.2
81307.7
81325.1
81344.8
81362.6
81381.3
81398.3
81419.6
81443.6
81468.4
81493.1
81516.2
81538.2
81559.0
81581.0
81605.1
81624.2
81646.5
81668.6
81692.4
81710.9
81732.2
81758.4
81782.8
81808.9
81830.2
81849.8
81868.3
81885.6
81903.3
81924.6
81948.5
81976.2
82002.9
82023.5
82049.6
82075.7
82098.8
82126.3
82151.0
82172.0
82195.0
82218.0
82241.6
82265.5
82291.3
82317.1
82343.8
82368.0
82393.7
82422.4
82450.5
82478.6
82505.1
82529.1
82553.7
82577.0
82597.5
82615.0
82627.5
82640.4
82653.0
82662.6
82671.3
82680.4
82688.6
82696.2
82706.6
82717.2
82730.6
82747.0
82761.8
82775.6
82793.2
82811.0
82825.9
82837.7
82850.7
82863.9
82876.2
82888.2
82900.7
82917.7
82932.8
82946.0
82954.9
82962.4
82969.2
82979.6
82990.1
83000.9
83011.5
83024.6
83041.1
83054.2
83064.2
83075.3
83085.9
83094.0
83102.2
83115.4
83132.4
83151.7
83173.0
83197.3
83228.0
83262.8
83290.8
83314.4
83335.1
83361.8
83395.7
83432.0
83468.1
83499.0
83531.0
83561.8
83584.8
83612.0
83637.8
83662.0
83689.5
83713.6
83736.3
83754.3
83770.9
83787.7
83801.1
83816.6
83833.7
83851.0
83868.6
83885.3
83900.0
83913.4
83929.6
83943.3
83953.4
83964.3
83976.7
83994.6
84015.0
84029.4
84042.7
84055.1
84071.8
84089.9
84103.7
84114.7
84123.0
84129.5
84140.1
84151.7
84168.1
84183.4
84197.0
84216.0
84233.9
84249.1
84270.8
84291.9
84308.7
84326.2
84340.3
84356.3
84368.4
84379.5
84394.3
84409.1
84423.1
84435.8
84448.4
84458.9
84468.1
84482.2
84499.0
84516.5
84531.6
84540.6
84555.9
84572.7
84585.0
84605.7
84626.9
84648.1
84662.7
84675.7
84690.7
84709.1
84725.5
84739.7
84754.7
84767.7
84780.6
84794.3
84812.1
84833.3
84854.5
84871.9
84889.1
84905.2
84933.1
84963.7
84992.5
85013.5
85037.3
85059.2
85079.8
85100.5
85120.5
85138.4
85161.0
85182.5
85204.9
85227.4
85251.3
85273.0
85293.2
85314.4
85335.4
85356.8
85382.2
85404.1
85419.7
85437.2
85455.0
85471.5
85491.3
85521.9
85549.7
85573.9
85595.1
85616.0
85635.8
85661.0
85683.8
85703.6
85719.2
85735.5
85751.6
85768.0
85783.1
85800.0
85814.5
85825.9
85836.9
85850.8
85863.0
85874.7
85890.3
85905.5
85917.5
85934.6
85951.6
85967.7
85984.1
85998.3
86014.0
86028.6
86044.9
86064.3
86083.3
86101.3
86126.1
86152.3
86179.5
86211.4
86243.3
86272.3
86300.7
86332.5
86362.2
86388.4
86416.6
86444.9
86473.5
86501.1
86525.2
86561.0
86598.7
86631.3
86664.1
86703.2
86738.8
86773.1
86808.4
86841.6
86870.9
86899.5
86928.2
86958.1
86985.9
87013.6
87040.3
87066.8
87100.9
87130.8
87165.0
87198.3
87226.3
87247.1
87262.6
87280.1
87300.2
87313.3
87323.9
87334.6
87347.9
87356.0
87363.0
87374.1
87389.3
87403.2
87415.4
87428.4
87440.3
87452.7
87467.7
87481.0
87499.4
87517.3
87536.2
87556.0
87574.6
87592.5
87617.5
87638.4
87659.6
87679.2
87699.1
87719.1
87739.1
87759.8
87780.7
87802.4
87821.3
87847.3
87878.2
87906.6
87928.9
87948.5
87966.8
87983.9
87999.9
88013.6
88032.1
88051.7
88068.7
88082.8
88097.3
88116.6
88143.5
88171.1
88192.7
88211.6
88230.7
88244.7
88264.4
88287.5
88309.1
88326.8
88344.0
88361.3
88379.5
88403.0
88426.0
88451.5
88470.8
88485.9
88506.3
88520.1
88530.4
88542.3
88553.3
88564.7
88575.3
88585.3
88591.2
88597.4
88602.4
88606.7
88611.4
88615.4
88619.9
88624.7
88630.3
88638.2
88648.3
88656.4
88661.3
88665.6
88671.2
88677.0
88683.8
88691.0
88698.0
88704.6
88715.7
88728.2
88739.6
88752.2
88766.6
88778.6
88795.5
88808.7
88820.4
88830.5
88840.0
88848.7
88857.0
88867.9
88875.6
88883.8
88894.0
88904.6
88912.4
88919.5
88926.5
88934.1
88943.8
88959.9
88971.6
88983.5
88994.9
89007.2
89019.9
89031.6
89042.0
89050.7
89059.7
89067.7
89077.8
89087.4
89095.7
89109.2
89124.0
89133.6
89143.9
89155.7
89168.8
89179.9
89192.5
89205.6
89218.9
89232.7
89252.3
89272.4
89286.1
89303.8
89324.0
89344.7
89363.0
89380.1
89398.7
89416.6
89430.9
89445.4
89455.4
89465.9
89478.2
89485.7
89492.2
89499.5
89508.2
89519.4
89529.3
89537.5
89549.6
89565.9
89582.7
89596.8
89609.1
89628.2
89646.9
89665.9
89686.4
89701.6
89715.5
89729.0
89744.5
89761.3
89776.8
89790.4
89801.0
89812.7
89826.6
89842.0
89857.3
89874.2
89889.7
89903.9
89923.8
89944.3
89965.5
89983.5
89995.8
90001.1
90008.0
90013.8
90020.1
90028.1
90034.2
90039.0
90043.4
90046.2
90049.1
90052.7
90057.6
90068.1
90079.9
90090.9
90100.9
90114.5
90135.9
90156.0
90173.9
90187.5
90205.3
90223.5
90239.1
90253.4
90269.0
90289.5
90305.5
90319.9
90329.6
90338.7
90346.9
90357.5
90370.9
90387.3
90404.6
90422.9
90441.5
90463.1
90485.2
90506.9
90528.9
90544.4
90557.2
90568.6
90584.2
90600.4
90615.7
90630.5
90645.0
90659.5
90674.0
90691.2
90708.3
90725.9
90742.6
90755.8
90768.1
90780.5
90794.4
90804.9
90814.6
90822.0
90832.5
90842.1
90851.0
90854.5
90857.5
90862.0
90865.1
90869.4
90874.8
90882.5
90894.5
90906.6
90922.0
90940.8
90960.6
90980.6
91001.2
91025.1
91048.8
91066.7
91088.3
91110.5
91134.0
91160.7
91183.1
91202.5
91225.6
91250.3
91282.0
91310.2
91332.7
91350.9
91366.3
91378.9
91397.1
91413.5
91431.3
91448.4
91470.6
91490.1
91508.3
91523.1
91539.3
91556.1
91571.8
91585.6
91598.8
91610.2
91628.7
91653.6
91682.3
91713.7
91747.9
91773.5
91800.3
91830.0
91856.1
91877.5
91900.1
91923.0
91950.2
91973.6
91998.8
92029.4
92062.7
92092.2
92116.5
92141.0
92161.7
92192.7
92220.8
92248.0
92274.4
92297.4
92316.2
92339.9
92362.3
92377.9
92389.1
92397.8
92406.1
92416.5
92426.4
92437.3
92447.3
92456.9
92470.7
92485.7
92496.6
92508.1
92517.5
92528.0
92540.1
92552.3
92563.7
92578.8
92587.8
92596.4
92605.5
92613.5
92621.4
92630.6
92634.0
92637.0
92639.5
92644.8
92651.5
92656.4
92660.7
92668.6
92681.4
92693.1
92700.0
92714.0
92724.8
92738.0
92753.6
92766.7
92779.8
92789.6
92796.5
92802.7
92808.5
92814.7
92821.6
92829.3
92838.1
92847.1
92856.3
92865.9
92874.1
92886.5
92899.2
92909.4
92919.0
92929.0
92938.1
92948.8
92961.0
92975.1
92985.5
93000.3
93011.0
93021.0
93032.5
93040.9
93048.9
93056.3
93061.0
93063.7
93065.7
93067.7
93070.2
93073.8
93076.3
93079.5
93085.4
93093.0
93101.0
93112.4
93123.5
93131.1
93136.6
93144.8
93158.8
93173.6
93182.8
93191.9
93209.0
93228.0
93242.9
93256.4
93274.2
93288.2
93299.2
93308.2
93320.4
93335.4
93345.8
93359.6
93373.5
93384.9
93392.4
93398.4
93409.0
93419.8
93431.7
93443.3
93455.2
93470.1
93485.7
93498.2
93506.0
93511.8
93516.2
93520.4
93524.1
93530.0
93537.1
93545.2
93555.7
93569.2
93581.6
93596.3
93613.9
93631.5
93654.3
93676.2
93692.8
93709.1
93729.5
93748.6
93769.6
93790.6
93807.0
93819.1
93830.3
93840.3
93853.0
93861.1
93867.2
93873.9
93880.3
93885.5
93890.2
93897.3
93902.7
93907.8
93913.3
93920.7
93927.2
93932.5
93939.7
93949.3
93965.8
93981.4
93996.9
94011.7
94022.2
94034.2
94043.1
94050.9
94057.6
94068.7
94079.4
94087.7
94100.0
94115.0
94126.5
94138.4
94150.2
94162.1
94172.2
94181.2
94187.9
94198.6
94212.1
94225.8
94236.9
94246.6
94256.1
94262.2
94269.1
94276.1
94285.8
94296.2
94304.1
94310.4
94317.1
94327.4
94338.8
94346.8
94356.1
94365.7
94373.0
94381.3
94392.8
94411.4
94429.4
94443.3
94460.4
94477.4
94486.8
94494.6
94506.5
94526.4
94545.0
94553.0
94560.4
94573.6
94589.8
94611.7
94632.3
94647.8
94661.8
94678.2
94691.7
94703.6
94716.1
94729.5
94744.5
94758.7
94771.9
94788.3
94805.1
94820.6
94837.6
94855.8
94871.7
94883.5
94898.0
94910.4
94924.6
94937.0
94949.5
94962.5
94981.9
94999.8
95016.1
95031.2
95046.8
95062.0
95079.5
95099.8
95117.4
95138.5
95158.6
95184.6
95209.1
95227.7
95244.6
95263.1
95281.7
95297.6
95311.7
95325.3
95339.7
95352.7
95365.5
95377.2
95391.3
95407.6
95423.4
95437.8
95451.0
95466.4
95481.0
95497.0
95512.6
95527.0
95541.8
95561.3
95581.3
95596.8
95611.4
95631.2
95655.7
95679.2
95700.4
95721.5
95736.8
95752.5
95767.0
95783.6
95799.2
95816.3
95834.0
95848.8
95859.5
95870.2
95882.1
95894.5
95904.5
95912.3
95920.0
95927.7
95931.8
95935.9
95943.2
95948.0
95950.8
95955.6
95962.2
95968.1
95970.5
95974.3
95978.2
95980.7
95985.5
95996.0
96003.6
96011.8
96022.8
96034.5
96042.7
96050.9
96058.9
96066.4
96074.3
96082.0
96089.0
96096.2
96106.2
96118.4
96129.0
96138.2
96149.2
96160.3
96171.5
96181.6
96191.9
96202.7
96213.9
96223.6
96235.4
96245.7
96256.0
96271.0
96286.8
96303.9
96317.0
96329.9
96338.5
96345.7
96352.3
96358.9
96366.3
96369.9
96377.7
96386.2
96393.3
96399.2
96405.3
96411.1
96417.1
96422.9
96428.8
96437.7
96447.9
96458.8
96467.8
96478.1
96487.6
96498.2
96509.2
96520.8
96531.9
96541.1
96557.6
96574.6
96588.9
96604.3
96618.9
96636.4
96656.8
96675.3
96690.1
96704.9
96727.6
96744.5
96761.3
96776.6
96791.6
96803.5
96812.5
96819.9
96831.3
96842.7
96853.1
96863.1
96873.0
96882.8
96894.3
96905.4
96914.9
96923.4
96930.4
96936.4
96942.3
96946.4
96953.1
96959.1
96964.6
96970.2
96976.0
96982.1
96987.5
96997.4
97013.1
97031.3
97048.1
97066.7
97079.1
97094.2
97112.0
97127.2
97140.0
97151.5
97161.5
97171.7
97181.7
97195.3
97209.4
97219.9
97230.3
97240.4
97253.9
97268.5
97278.7
97292.5
97306.2
97318.8
97331.1
97345.4
97359.8
97375.6
97392.8
97405.5
97419.8
97434.7
97447.4
97457.7
97465.5
97470.9
97476.3
97483.9
97492.0
97502.9
97510.6
97514.8
97521.3
97529.2
97535.9
97540.5
97548.6
97554.2
97560.7
97569.3
97579.8
97593.2
97607.4
97615.4
97621.7
97627.2
97635.3
97642.4
97649.6
97657.7
97664.5
97673.8
97684.5
97694.3
97704.9
97716.5
97727.9
97743.6
97759.5
97776.1
97791.1
97803.9
97812.7
97822.4
97833.0
97843.0
97852.9
97868.4
97883.2
97896.0
97907.7
97917.5
97927.1
97937.8
97948.1
97963.0
97978.2
97996.6
98017.1
98037.4
98052.8
98063.7
98074.2
98080.6
98085.0
98088.1
98090.3
98091.6
98095.5
98100.4
98107.3
98115.1
98126.0
98135.8
98144.1
98153.5
98161.9
98173.3
98185.4
98195.6
98204.5
98213.7
98221.2
98227.6
98234.7
98245.7
98257.3
98266.8
98278.7
98292.6
98310.3
98328.9
98343.6
98355.5
98366.5
98377.0
98386.7
98394.2
98398.5
98406.0
98415.0
98422.8
98434.0
98438.7
98443.6
98449.8
98462.7
98479.9
98495.9
98510.4
98532.0
98549.4
98562.3
98572.9
98582.7
98594.0
98608.6
98621.9
98634.0
98648.0
98667.4
98687.0
98701.2
98720.4
98739.1
98757.8
98776.0
98793.7
98811.6
98828.9
98845.9
98864.8
98891.5
98915.9
98939.3
98959.1
98979.5
99000.4
99026.2
99059.8
99101.1
99141.0
99175.2
99205.0
99237.8
99271.4
99301.5
99331.9
99357.1
99377.5
99407.0
99434.1
99456.2
99471.2
99483.3
99507.9
99530.3
99552.8
99570.6
99588.1
99605.6
99615.5
99632.8
99647.8
99658.8
99668.5
99677.3
99685.6
99693.4
99699.9
99713.8
99729.2
99739.6
99750.9
99762.0
99771.4
99778.0
99786.5
99797.2
99809.7
99823.3
99838.9
99856.4
99874.5
99892.5
99912.4
99930.5
99948.9
99965.9
99985.0
100001.1
100016.2
100029.7
100041.5
100052.4
100060.1
100066.8
100072.9
100078.8
100085.5
100092.1
100097.9
100104.0
100109.6
100118.4
100124.3
100130.4
100135.9
100139.3
100140.8
100144.4
100150.7
100160.5
100170.5
100175.3
100186.4
100190.5
100198.6
100209.3
100217.1
100225.4
100232.5
100242.9
100257.0
100267.9
100278.1
100290.1
100300.9
100311.2
100321.6
100332.0
100341.9
100353.8
100368.9
100380.8
100395.1
100412.4
100426.6
100440.2
100452.9
100463.8
100476.9
100488.0
100498.6
100518.3
100541.0
100565.6
100586.6
100602.9
100622.3
100651.4
100676.9
100692.4
100708.3
100728.2
100744.7
100758.3
100774.0
100789.7
100806.5
100822.8
100838.3
100857.1
100877.9
100897.8
100915.8
100935.8
100960.2
100979.5
100999.2
101018.5
101033.5
101051.9
101066.9
101081.5
101095.3
101107.2
101118.8
101130.2
101140.1
101146.1
101149.4
101152.0
101157.1
101164.4
101168.7
101172.1
101175.9
101181.6
101189.9
101200.0
101212.2
101227.2
101241.0
101252.4
101265.4
101277.2
101290.4
101305.6
101323.6
101339.5
101353.0
101366.2
101379.7
101397.5
101414.8
101430.0
101445.9
101462.2
101478.1
101491.1
101501.1
101513.5
101528.8
101539.2
101547.6
101556.1
101565.0
101575.8
101586.7
101594.8
101600.6
101607.2
101617.4
101629.4
101641.1
101649.6
101652.7
101656.4
101660.3
101663.1
101665.7
101669.3
101672.7
101677.1
101681.8
101686.8
101690.6
101697.8
101709.5
101722.1
101730.6
101738.9
101754.0
101767.3
101779.2
101786.3
101795.1
101802.6
101810.0
101818.2
101829.8
101846.0
101858.3
101868.8
101875.2
101881.7
101887.7
101894.2
101907.0
101921.3
101933.0
101941.3
101949.1
101956.1
101963.3
101973.4
101984.1
101993.5
102000.6
102008.5
102016.6
102024.2
102031.5
102041.4
102048.2
102056.0
102062.8
102069.5
102075.4
102081.8
102090.1
102099.8
102112.3
102129.4
102145.2
102162.0
102173.2
102185.4
102196.5
102206.9
102213.5
102219.5
102225.7
102230.8
102235.3
102243.7
102252.3
102256.9
102261.7
102262.6
102265.7
102273.8
102282.0
102287.4
102291.7
102296.1
102300.8
102305.5
102311.2
102319.5
102329.2
102335.6
102346.9
102361.3
102372.8
102382.8
102392.9
102398.2
102405.8
102415.5
102425.3
102436.1
102447.8
102461.4
102474.9
102486.0
102499.9
102511.4
102523.2
102540.2
102558.8
102574.6
102591.7
102607.8
102623.4
102640.7
102657.8
102673.0
102687.9
102698.9
102710.5
102723.2
102738.1
102749.3
102759.6
102763.5
102766.2
102770.3
102779.4
102786.4
102792.6
102795.6
102797.6
102802.5
102809.1
102818.8
102829.4
102838.9
102848.0
102856.3
102867.3
102881.4
102899.2
102913.4
102922.0
102930.3
102942.3
102954.8
102964.5
102974.8
102986.9
102997.7
103006.4
103015.1
103024.2
103033.0
103039.5
103049.5
103062.3
103073.9
103080.9
103084.8
103090.8
103099.9
103112.2
103124.4
103133.9
103149.0
103164.8
103178.7
103194.4
103210.8
103225.6
103236.8
103244.7
103251.1
103256.7
103262.0
103267.3
103272.9
103275.7
103276.1
103276.1
103276.1
103276.1
103276.1
103276.8
103280.4
103287.6
103291.9
103295.5
103303.0
103308.1
103317.6
103326.8
103336.5
103342.7
103347.7
103357.7
103365.9
103372.7
103378.6
103384.4
103390.1
103396.1
103402.0
103409.0
103418.8
103430.9
103448.1
103466.7
103478.2
103488.9
103498.8
103508.7
103518.8
103531.8
103545.1
103554.3
103560.1
103564.4
103567.2
103570.2
103574.3
103581.4
103588.4
103593.8
103601.1
103608.9
103616.1
103623.5
103632.3
103640.9
103649.3
103655.3
103663.5
103673.4
103680.3
103684.0
103687.4
103690.3
103692.4
103698.2
103702.7
103705.7
103709.4
103719.3
103729.6
103737.1
103746.4
103756.4
103759.8
103763.2
103767.2
103771.1
103775.8
103779.7
103784.2
103790.3
103795.8
103800.7
103805.0
103807.3
103808.9
103812.7
103816.5
103820.8
103823.3
103826.5
103829.1
103831.5
103833.4
103835.2
103836.1
103836.1
103836.4
103837.0
103838.4
103840.1
103842.8
103849.0
103856.8
103865.5
103871.6
103876.4
103880.8
103885.5
103891.3
103895.5
103899.9
103905.4
103911.6
103917.3
103922.4
103929.5
103935.8
103943.5
103958.9
103970.7
103982.6
103995.2
104002.8
104012.1
104021.1
104030.4
104039.8
104046.9
104055.5
104063.4
104072.8
104082.4
104088.1
104089.8
104091.5
104092.9
104096.8
104099.9
104101.8
104104.6
104110.5
104115.3
104117.8
104120.2
104127.5
104136.7
104146.6
104158.3
104171.4
104184.1
104193.9
104203.8
104223.5
104238.7
104254.6
104270.6
104284.0
104297.2
104308.9
104322.5
104340.7
104356.3
104367.6
104381.8
104395.9
104409.2
104424.1
104440.2
104458.0
104475.2
104491.1
104505.9
104519.9
104532.9
104540.1
104546.8
104552.0
104556.3
104561.6
104568.0
104571.9
104575.8
104578.9
104582.5
104587.1
104594.5
104600.5
104606.1
104611.8
104617.8
104623.3
104629.6
104636.6
104644.4
104653.0
104660.9
104672.0
104683.5
104697.3
104707.5
104715.7
104722.8
104731.3
104739.2
104747.0
104756.0
104760.8
104764.8
104768.4
104772.4
104778.9
104789.8
104799.4
104807.9
104813.3
104818.7
104823.6
104833.8
104844.0
104861.4
104881.6
104901.7
104921.0
104945.8
104967.8
104981.7
104996.1
105008.2
105017.9
105028.7
105039.4
105054.2
105071.2
105087.8
105106.8
105130.8
105155.2
105179.0
105203.8
105226.7
105244.9
105262.5
105283.9
105305.5
105325.7
105344.8
105363.0
105376.8
105390.0
105406.7
105427.7
105450.2
105468.3
105486.2
105502.9
105518.0
105527.6
105538.3
105546.8
105552.6
105559.2
105565.6
105576.3
105588.7
105598.9
105614.1
105628.6
105635.1
105640.7
105646.5
105652.5
105657.4
105663.9
105668.8
105670.8
105675.9
105683.4
105688.2
105691.9
105696.6
105704.2
105711.2
105716.4
105724.1
105736.5
105748.7
105755.8
105760.2
105763.7
105766.7
105769.5
105772.2
105775.1
105779.4
105789.3
105800.2
105810.4
105822.2
105832.5
105842.5
105850.9
105858.0
105865.8
105874.5
105882.4
105890.0
105896.8
105903.9
105910.0
105916.1
105921.6
105928.8
105938.5
105947.6
105959.3
105968.7
105981.6
105994.5
106007.7
106018.3
106027.7
106039.9
106051.3
106062.7
106070.3
106074.8
106079.1
106084.6
106087.8
106090.1
106092.1
106094.2
106098.2
106106.6
106116.3
106121.7
106125.6
106128.2
106129.4
106129.4
106129.4
106129.4
106129.4
106129.4
106129.4
106130.1
106130.2
106132.0
106135.1
106138.8
106147.3
106155.1
106157.3
106158.6
106158.8
106158.8
106158.8
106161.7
106167.8
106172.5
106176.3
106181.9
106186.3
106188.0
106189.8
106191.9
106196.3
106196.6
106198.3
106200.5
106203.0
106203.1
106203.1
106203.1
106203.1
106203.1
106203.1
106203.1
106203.1
106203.5
106207.0
106212.9
106219.6
106225.0
106228.0
106229.7
106231.9
106234.7
106237.0
106237.5
106237.7
106238.3
106238.9
106239.6
106239.7
106239.7
106239.7
106239.7
106239.9
106240.6
106241.7
106243.3
106246.8
106251.3
106255.2
106259.4
106260.6
106261.6
106262.8
106264.2
106265.5
106267.1
106269.8
106272.4
106275.5
106278.4
106280.9
106283.6
106287.1
106292.8
106299.0
106307.1
106314.7
106322.4
106329.9
106337.1
106341.9
106348.2
106353.6
106359.2
106366.2
106374.4
106383.2
106391.8
106400.6
106409.8
106418.1
106427.5
106436.6
106443.7
106450.3
106455.9
106462.2
106467.6
106476.1
106484.5
106490.3
106496.3
106501.6
106505.6
106509.1
106511.8
106517.5
106524.1
106531.1
106535.8
106541.3
106546.9
106552.6
106557.8
106564.1
106569.6
106573.1
106578.2
106584.0
106586.0
106590.1
106596.7
106602.6
106609.2
106616.0
106622.7
106634.1
106645.0
106654.7
106660.0
106664.3
106667.9
106670.7
106673.5
106677.0
106680.7
106684.4
106687.4
106694.8
106704.0
106713.3
106722.6
106728.7
106734.3
106741.6
106748.6
106753.7
106757.1
106764.5
106770.0
106775.1
106781.0
106783.6
106785.5
106787.0
106787.2
106789.2
106791.0
106791.3
106793.2
106797.0
106799.7
106799.7
106799.7
106799.7
106801.3
106804.2
106809.3
106813.7
106815.1
106815.7
106816.9
106822.3
106829.3
106831.8
106835.1
106839.5
106852.3
106868.0
106878.9
106885.0
106887.8
106890.1
106892.0
106892.4
106892.7
106893.4
106894.4
106895.6
106897.2
106899.7
106902.3
106905.3
106909.2
106914.8
106919.5
106923.4
106926.1
106927.7
106928.6
106928.7
106928.7
106928.7
106928.7
106928.7
106928.7
106928.7
106928.7
106929.0
106930.5
106931.8
106932.5
106932.5
106932.5
106933.4
106936.8
106942.5
106947.5
106951.0
106952.2
106952.2
106952.2
106952.2
106952.2
106952.6
106955.7
106959.0
106961.8
106965.3
106970.5
106976.3
106981.8
106987.7
106993.5
106999.5
107007.5
107015.8
107024.5
107032.2
107039.5
107044.0
107050.7
107058.7
107066.9
107077.4
107087.8
107096.6
107102.5
107108.9
107118.8
107126.2
107133.3
107137.3
107140.9
107147.5
107157.7
107170.4
107176.4
107179.3
107181.9
107183.9
107185.8
107186.8
107190.7
107196.9
107203.2
107206.7
107209.9
107216.8
107223.2
107229.8
107235.2
107241.2
107247.0
107253.0
107257.1
107264.2
107270.8
107276.6
107282.5
107288.3
107294.2
107299.1
107306.6
107315.5
107321.9
107329.5
107338.1
107345.2
107354.2
107362.8
107369.7
107375.6
107381.4
107387.3
107395.9
107402.7
107408.5
107414.6
107420.0
107425.7
107430.6
107437.1
107442.2
107448.2
107454.3
107461.5
107468.1
107474.1
107481.3
107488.1
107493.9
107499.3
107505.5
107511.2
107517.2
107524.1
107528.8
107535.2
107540.6
107545.0
107548.9
107551.6
107554.7
107558.6
107560.2
107560.3
107560.3
107560.3
107561.2
107564.0
107567.1
107571.9
107578.6
107589.4
107602.2
107612.8
107616.4
107619.3
107621.8
107624.1
107626.0
107627.7
107629.1
107630.6
107634.0
107641.5
107649.8
107655.1
107659.4
107660.7
107662.7
107669.2
107673.9
107681.6
107689.6
107696.1
107700.2
107705.9
107716.7
107728.7
107736.7
107743.2
107748.7
107755.9
107762.3
107768.9
107774.5
107780.5
107786.3
107792.0
107798.0
107803.0
107808.0
107811.2
107814.4
107818.3
107823.7
107828.1
107834.6
107841.1
107844.9
107848.3
107850.6
107852.4
107853.7
107856.2
107861.0
107864.1
107867.3
107870.5
107876.6
107885.9
107896.4
107904.9
107912.2
107918.3
107926.5
107934.4
107942.4
107950.0
107957.5
107964.6
107974.0
107985.6
107997.0
108003.8
108008.9
108013.3
108015.7
108016.9
108018.4
108020.2
108022.5
108025.5
108029.1
108033.1
108037.0
108040.4
108042.2
108043.1
108043.4
108043.4
108043.4
108043.4
108043.4
108043.4
108043.4
108043.4
108043.4
108043.4
108043.4
108043.4
108043.4
108043.4
108043.4
108043.4
108043.4
108043.6
108044.5
108048.3
108053.5
108060.9
108070.4
108078.5
108087.4
108096.0
108103.5
108110.3
108114.5
108119.7
108122.8
108124.1
108124.1
108124.1
108127.2
108131.6
108138.6
108144.7
108148.4
108151.3
108154.5
108161.7
108168.7
108173.5
108180.5
108185.8
108189.5
108192.7
108197.8
108201.7
108203.7
108205.9
108207.8
108208.7
108208.8
108208.8
108208.8
108209.0
108210.1
108211.8
108211.8
108211.8
108211.8
108211.8
108211.8
108211.8
108211.8
108211.8
108211.8
108211.8
108211.8
108211.8
108211.8
108211.8
108211.8
108211.8
108212.2
108213.1
108215.6
108217.8
108219.0
108219.3
108219.3
108219.3
108219.3
108219.3
108219.3
108219.3
108219.3
108219.3
108219.3
108219.3
108219.3
108219.3
108219.3
108219.3
108219.3
108219.3
108219.3
108219.3
108219.3
108219.3
108219.3
108219.3
108219.3
108219.3
108219.3
108219.3
108219.3
108219.3
108219.3
108219.3
108219.3
108219.3
108219.3
108219.3
108221.8
108226.3
108233.1
108238.6
108245.1
108254.0
108263.7
108273.9
108282.7
108291.6
108300.3
108306.9
108313.4
108322.6
108331.5
108343.0
108354.1
108362.3
108367.9
108372.8
108377.8
108385.2
108394.0
108401.0
108406.7
108412.6
108416.9
108421.9
108425.1
108427.3
108430.6
108435.8
108442.5
108450.2
108457.5
108465.5
108473.2
108480.5
108486.7
108491.7
108495.5
108498.9
108501.5
108503.6
108504.9
108505.6
108505.6
108505.6
108505.6
108505.6
108505.6
108505.6
108506.0
108506.2
108506.2
108506.7
108506.7
108506.7
108506.7
108506.7
108506.7
108507.1
108508.1
108509.3
108509.3
108509.3
108509.3
108509.3
108509.3
108510.3
108516.0
108522.9
108526.7
108529.7
108533.8
108536.2
108539.4
108544.0
108549.1
108553.2
108557.3
108561.5
108565.9
108571.9
108575.8
108580.1
108589.8
108603.5
108614.9
108623.2
108631.3
108638.2
108647.1
108653.7
108657.6
108660.6
108663.5
108667.9
108670.3
108670.5
108670.5
108670.5
108670.5
108670.5
108670.8
108675.1
108680.2
108685.9
108689.6
108693.2
108695.9
108697.7
108699.5
108701.3
108703.3
108705.2
108707.2
108709.7
108711.9
108713.9
108715.3
108716.9
108717.8
108718.1
108719.3
108720.5
108720.8
108720.8
108720.8
108720.9
108720.9
108720.9
108720.9
108720.9
108720.9
108720.9
108720.9
108720.9
108720.9
108720.9
108720.9
108720.9
108720.9
108720.9
108720.9
108720.9
108720.9
108720.9
108720.9
108720.9
108720.9
108721.3
108722.1
108723.0
108724.2
108725.5
108727.0
108728.2
108728.6
108728.6
108728.6
108728.6
108728.6
108728.6
108728.6
108728.6
108728.6
108728.6
108728.6
108728.6
108728.6
108729.3
108731.1
108733.0
108735.2
108737.2
108739.0
108740.5
108744.1
108748.4
108752.0
108755.5
108758.8
108762.3
108765.3
108768.3
108771.4
108774.2
108776.4
108778.7
108781.5
108787.1
108794.5
108802.4
108809.9
108818.7
108830.5
108840.1
108850.7
108857.7
108864.4
108873.2
108882.0
108889.7
108896.1
108900.4
108901.9
108902.5
108902.5
108903.0
108904.7
108909.9
108918.6
108930.4
108942.3
108954.4
108963.9
108970.6
108974.9
108982.5
108991.8
108997.5
109003.0
109006.1
109007.6
109008.5
109009.3
109011.0
109011.1
109011.2
109011.3
109014.6
109020.0
109026.8
109032.7
109035.8
109035.9
109035.9
109035.9
109035.9
109035.9
109036.6
109038.5
109040.7
109042.3
109042.3
109042.3
109042.3
109042.3
109042.3
109042.6
109043.6
109045.4
109048.8
109053.4
109057.8
109060.9
109066.7
109073.2
109077.3
109079.3
109080.6
109081.3
109081.6
109081.7
109082.0
109085.3
109091.4
109098.5
109103.9
109108.2
109112.3
109116.8
109121.9
109125.9
109133.3
109139.6
109143.5
109145.6
109147.8
109150.1
109152.2
109154.0
109155.8
109157.7
109160.5
109163.4
109165.7
109168.1
109171.1
109174.6
109179.1
109183.5
109187.6
109190.2
109193.0
109195.1
109195.6
109195.6
109195.6
109195.6
109195.6
109198.8
109201.7
109206.8
109210.1
109210.7
109210.7
109210.7
109210.7
109210.8
109210.8
109210.8
109210.8
109210.8
109210.8
109210.8
109210.8
109210.8
109210.8
109210.8
109210.8
109210.8
109210.8
109210.8
109210.8
109210.8
109210.8
109210.8
109210.8
109210.8
109210.8
109210.8
109210.8
109210.8
109210.8
109211.2
109211.4
109211.4
109211.4
109211.4
109211.4
109211.5
109215.5
109220.6
109222.8
109222.8
109222.8
109222.8
109222.8
109225.1
109227.5
109230.1
109232.6
109234.5
109236.8
109239.2
109240.9
109242.0
109243.0
109244.7
109248.6
109251.3
109253.4
109255.0
109256.5
109259.3
109265.2
109272.2
109277.0
109279.7
109279.7
109279.7
109279.7
109279.7
109279.7
109279.7
109279.7
109279.9
109282.0
109285.4
109286.6
109287.9
109288.9
109289.9
109293.1
109296.6
109299.8
109301.8
109302.6
109302.6
109302.6
109302.6
109302.6
109302.6
109302.6
109302.6
109303.0
109304.3
109305.8
109307.4
109309.6
109313.0
109317.1
109323.4
109327.5
109336.1
109342.7
109348.7
109354.6
109359.4
109363.8
109366.3
109368.1
109370.7
109371.6
109372.1
109372.5
109372.5
109372.5
109372.7
109372.8
109373.2
109373.9
109374.6
109375.4
109375.8
109375.8
109375.8
109375.8
109375.8
109376.0
109377.4
109377.8
109377.8
109377.8
109378.2
109378.3
109378.3
109378.3
109378.3
109378.3
109378.3
109378.3
109378.3
109378.3
109378.3
109378.3
109378.3
109378.3
109378.3
109378.3
109378.3
109380.0
109384.4
109389.3
109394.5
109399.3
109403.6
109405.9
109408.0
109409.9
109411.1
109414.3
109416.2
109418.0
109419.3
109419.9
109420.3
109420.5
109422.6
109423.6
109423.6
109424.4
109430.2
109436.3
109440.6
109443.2
109445.8
109451.0
109459.7
109464.9
109470.7
109476.7
109482.2
109488.2
109492.6
109498.7
109504.6
109510.2
109516.1
109521.7
109525.9
109532.2
109538.1
109542.3
109548.0
109552.3
109555.3
109558.8
109562.2
109565.7
109569.7
109572.6
109576.2
109579.5
109582.4
109584.7
109586.9
109588.7
109589.6
109590.1
109590.1
109590.1
109590.1
109590.2
109591.5
109594.9
109599.0
109603.5
109609.1
109614.9
109620.8
109625.5
109631.8
109637.5
109643.6
109649.4
109655.4
109661.2
109667.0
109672.9
109678.0
109683.9
109689.8
109695.7
109701.4
109707.2
109713.2
109718.9
109724.7
109730.0
109735.9
109741.7
109747.5
109753.1
109758.9
109764.9
109770.6
109775.6
109783.2
109790.2
109795.0
109802.0
109808.7
109814.5
109820.3
109825.9
109831.6
109840.5
109848.4
109855.1
109859.9
109863.6
109866.7
109869.0
109869.5
109869.6
109871.3
109871.3
109871.3
109872.0
109872.7
109874.1
109875.7
109876.3
109876.5
109876.7
109879.4
109885.4
109894.1
109903.1
109909.7
109914.5
109918.3
109921.4
109922.7
109926.3
109935.0
109950.5
109962.8
109973.0
109982.9
109993.1
110002.9
110008.8
110015.5
110021.6
110028.6
110038.1
110048.6
110056.9
110064.8
110072.2
110083.0
110093.1
110100.4
110104.4
110108.7
110112.5
110116.4
110119.8
110126.1
110131.3
110136.6
110142.6
110148.2
110154.1
110162.8
110173.3
110183.5
110193.2
110204.9
110215.8
110228.1
110237.8
110250.5
110262.9
110273.1
110282.7
110291.9
110300.1
110308.0
110318.3
110327.5
110334.4
110342.3
110349.8
110355.8
110360.3
110363.9
110365.1
110365.2
110365.2
110365.2
110365.2
110365.2
110365.8
110367.8
110370.0
110371.3
110373.4
110374.3
110377.0
110378.1
110378.6
110380.6
110384.0
110386.0
110389.8
110392.3
110397.3
110401.8
110406.3
110411.0
110415.9
110418.2
110420.3
110422.6
110424.7
110426.3
110428.4
110433.7
110437.9
110439.7
110441.1
110442.0
110442.1
110442.1
110442.3
110442.3
110442.3
110442.3
110442.3
110442.3
110442.3
110442.3
110442.3
110442.3
110442.5
110443.9
110445.2
110447.1
110449.7
110452.7
110455.2
110457.2
110457.8
110458.2
110458.8
110460.8
110462.3
110463.7
110465.1
110466.2
110467.0
110467.2
110467.2
110467.2
110467.2
110467.7
110468.4
110469.4
110470.7
110471.1
110471.2
110475.3
110480.7
110486.5
110491.8
110497.1
110502.1
110507.5
110511.9
110517.3
110523.0
110528.6
110532.5
110535.3
110538.9
110541.3
110542.7
110543.6
110544.1
110544.8
110544.8
110544.8
110544.8
110544.8
110545.0
110545.0
110545.0
110545.0
110545.0
110545.0
110545.0
110545.0
110545.0
110545.0
110545.0
110545.0
110545.0
110545.0
110545.0
110546.1
110550.6
110554.1
110559.3
110563.2
110566.3
110569.6
110572.9
110575.8
110581.9
110590.7
110599.6
110604.9
110606.4
110607.2
110607.5
110609.9
110612.8
110616.6
110620.6
110624.3
110629.7
110636.4
110643.1
110650.1
110656.6
110663.7
110668.5
110674.1
110679.1
110685.7
110692.2
110699.1
110706.1
110710.8
110715.7
110722.5
110728.7
110736.4
110742.8
110746.1
110750.2
110756.2
110762.6
110768.8
110778.0
110787.3
110792.7
110799.2
110806.0
110811.1
110814.7
110819.6
110821.2
110821.9
110822.1
110822.1
110822.2
110822.5
110825.0
110827.6
110827.8
110828.5
110829.3
110829.3
110829.3
110829.3
110829.3
110829.3
110829.3
110829.3
110829.3
110829.5
110830.2
110830.9
110831.3
110831.6
110831.6
110832.6
110839.0
110844.6
110849.1
110851.4
110853.1
110854.9
110857.1
110860.2
110863.2
110866.3
110869.8
110873.6
110878.3
110883.8
110888.4
110893.7
110898.9
110904.0
110916.6
110932.2
110944.9
110954.2
110961.3
110968.5
110978.3
110989.6
110998.8
111008.9
111020.5
111030.8
111038.1
111047.5
111060.1
111072.1
111082.1
111089.1
111093.4
111096.0
111097.7
111099.6
111101.2
111103.6
111108.8
111115.7
111124.5
111130.8
111138.5
111149.2
111162.7
111173.3
111181.3
111189.5
111193.0
111196.5
111200.6
111202.4
111203.7
111204.7
111206.4
111209.9
111211.4
111213.5
111215.7
111220.5
111228.2
111236.5
111242.6
111249.1
111253.6
111255.6
111257.6
111259.7
111261.3
111263.3
111265.0
111266.3
111267.3
111267.9
111268.4
111271.3
111279.2
111285.2
111286.1
111287.7
111289.3
111291.1
111293.3
111297.8
111301.4
111305.3
111309.9
111316.3
111324.8
111331.7
111338.3
111345.4
111352.3
111361.0
111372.5
111381.6
111388.9
111392.4
111394.3
111395.4
111396.5
111397.1
111397.4
111397.4
111400.7
111406.0
111408.8
111411.6
111418.5
111422.8
111427.3
111431.2
111434.5
111437.5
111440.0
111441.3
111441.7
111441.8
111441.8
111441.8
111441.8
111441.8
111441.8
111441.8
111441.8
111441.8
111442.0
111444.8
111447.2
111448.6
111450.0
111450.3
111450.3
111450.3
111450.3
111450.3
111450.3
111450.3
111450.5
111451.7
111453.6
111454.6
111455.2
111455.2
111455.6
111456.6
111457.7
111459.0
111460.7
111462.9
111465.5
111466.8
111467.0
111467.0
111467.0
111467.0
111467.0
111467.0
111467.2
111469.1
111470.7
111472.2
111473.9
111474.9
111474.9
111474.9
111474.9
111476.6
111479.3
111482.0
111484.2
111485.5
111487.9
111490.3
111492.8
111496.1
111498.9
111503.8
111511.0
111519.7
111526.1
111531.1
111532.4
111535.6
111538.3
111540.1
111541.8
111542.1
111542.1
111542.1
111542.1
111542.1
111542.1
111542.1
111542.1
111542.1
111542.1
111542.1
111542.1
111542.1
111542.1
111542.4
111543.0
111543.8
111545.0
111545.8
111547.1
111548.5
111549.0
111549.4
111550.4
111551.3
111552.3
111553.1
111554.5
111555.9
111557.3
111559.8
111562.2
111564.2
111564.4
111564.6
111565.0
111565.2
111565.4
111566.8
111568.7
111570.6
111571.7
111572.0
111572.0
111572.0
111573.7
111576.7
111578.6
111584.0
111590.2
111595.3
111598.6
111602.2
111605.0
111611.0
111618.7
111622.9
111625.6
111627.7
111628.8
111629.5
111629.7
111630.0
111631.1
111633.7
111634.4
111634.7
111635.0
111635.8
111640.3
111645.9
111647.9
111650.4
111651.9
111654.7
111657.1
111659.8
111665.3
111670.1
111673.9
111676.6
111678.4
111680.1
111681.7
111682.8
111682.8
111682.8
111683.2
111684.1
111684.9
111686.2
111687.6
111688.9
111690.1
111692.3
111695.1
111697.0
111697.8
111698.7
111699.9
111702.2
111705.9
111708.1
111709.5
111710.0
111710.3
111710.3
111710.3
111710.3
111710.3
111710.3
111710.3
111710.3
111710.3
111710.3
111710.3
111710.3
111710.3
111710.3
111710.3
111710.3
111710.3
111710.3
111710.3
111710.3
111710.3
111710.3
111710.3
111710.3
111711.2
111712.9
111715.5
111716.4
111720.3
111726.0
111733.5
111741.7
111749.5
111757.7
111764.1
111770.5
111777.7
111786.4
111796.5
111808.8
111824.3
111839.4
111853.3
111867.1
111880.4
111894.9
111907.6
111924.4
111938.8
111952.4
111963.9
111977.5
111986.8
111995.1
112001.3
112007.8
112014.1
112020.2
112027.0
112031.6
112041.8
112054.4
112069.8
112084.2
112092.4
112099.5
112106.1
112112.9
112119.7
112126.5
112132.7
112140.7
112149.6
112156.2
112162.7
112169.0
112175.5
112181.0
112187.0
112194.8
112202.6
112210.5
112221.6
112232.6
112240.8
112249.0
112256.4
112264.2
112270.5
112280.8
112291.7
112300.2
112305.4
112310.6
112315.3
112321.5
112326.4
112329.9
112336.8
112344.8
112350.7
112356.5
112362.8
112370.2
112381.8
112395.9
112406.8
112418.3
112427.8
112438.5
112448.4
112458.5
112469.3
112478.4
112486.6
112494.0
112503.0
112512.7
112521.1
112527.6
112533.4
112538.8
112548.4
112560.8
112572.6
112578.4
112590.0
112601.1
112611.1
112617.1
112623.0
112629.0
112635.3
112642.0
112647.8
112652.5
112657.2
112661.7
112666.2
112672.3
112680.7
112686.9
112692.5
112698.3
112704.5
112714.0
112722.8
112730.7
112740.7
112748.6
112756.1
112764.6
112777.3
112787.7
112798.8
112808.0
112814.1
112818.4
112822.4
112825.8
112829.5
112833.3
112836.9
112840.8
112844.2
112847.3
112851.1
112858.9
112867.2
112875.2
112882.1
112888.4
112892.3
112895.4
112897.5
112898.6
112899.5
112899.7
112899.7
112899.7
112899.7
112899.7
112899.8
112900.3
112901.1
112904.1
112909.4
112912.8
112914.2
112916.2
112916.9
112917.8
112918.4
112918.4
112918.4
112918.4
112918.4
112919.2
112921.9
112926.1
112927.9
112928.7
112929.0
112929.2
112929.4
112929.4
112929.6
112930.8
112934.2
112941.4
112944.9
112949.9
112956.3
112959.1
112961.4
112963.5
112966.0
112968.1
112970.9
112973.4
112979.2
112986.8
112991.7
112996.0
113000.0
113003.5
113007.2
113010.4
113013.9
113016.7
113023.1
113030.5
113035.6
113040.7
113045.0
113048.1
113050.3
113051.5
113052.8
113053.3
113053.3
113053.3
113053.3
113053.3
113053.3
113053.3
113053.3
113053.3
113053.3
113053.3
113053.3
113053.3
113053.3
113053.3
113053.3
113053.3
113053.3
113053.3
113053.3
113053.3
113053.3
113053.3
113053.3
113053.3
113053.3
113053.3
113053.3
113053.3
113053.3
113053.3
113053.3
113053.3
113053.3
113053.3
113053.4
113053.4
113053.4
113053.4
113053.4
113053.4
113053.4
113053.6
113053.9
113054.1
113054.4
113054.7
113054.9
113055.4
113056.1
113057.2
113060.2
113062.8
113065.6
113066.9
113068.5
113070.4
113073.6
113081.1
113088.4
113096.8
113103.7
113109.8
113115.5
113121.8
113127.3
113132.1
113137.0
113141.5
113146.4
113151.4
113154.3
113156.2
113157.2
113157.6
113157.6
113157.6
113157.6
113157.6
113157.6
113157.6
113157.6
113157.6
113157.6
113157.6
113157.6
113157.6
113157.6
113157.6
113157.6
113157.6
113157.6
113157.6
113157.6
113157.6
113157.6
113157.6
113157.6
113157.6
113157.6
113157.6
113157.6
113157.6
113157.6
113157.6
113158.1
113159.5
113160.7
113162.8
113164.6
113166.0
113166.8
113167.2
113167.3
113167.3
113167.3
113167.3
113167.3
113167.3
113167.3
113167.3
113167.3
113167.3
113167.3
113167.3
113167.3
113167.3
113167.3
113167.3
113167.3
113167.5
113169.2
113171.2
113173.9
113175.9
113178.6
113181.2
113183.7
113185.8
113186.1
113186.1
113186.1
113187.8
113190.9
113191.7
113192.0
113192.5
113192.6
113192.6
113192.8
113193.0
113193.3
113193.3
113193.6
113194.7
113195.9
113197.5
113199.6
113200.8
113202.9
113204.4
113205.5
113206.6
113207.4
113207.8
113208.3
113208.6
113208.6
113208.6
113208.6
113208.6
113208.6
113208.6
113208.6
113208.6
113208.6
113208.6
113208.6
113208.6
113208.6
113208.6
113208.6
113208.6
113208.6
113208.6
113208.6
113208.6
113208.6
113208.6
113208.6
113208.6
113208.7
113210.6
113213.2
113216.6
113221.0
113224.8
113226.6
113226.6
113226.6
113226.6
113226.6
113226.6
113226.6
113226.6
113226.6
113226.6
113226.6
113226.6
113226.6
113226.6
113227.3
113228.1
113228.6
113228.8
113228.8
113228.8
113228.8
113228.8
113228.8
113228.8
113228.8
113228.8
113228.8
113228.8
113228.8
113228.8
113228.8
113228.8
113228.8
113228.8
113228.8
113228.8
113228.8
113228.8
113228.8
113228.8
113228.8
113228.8
113228.8
113228.8
113228.8
113228.8
113228.8
113228.8
113228.8
113228.8
113228.8
113228.8
113228.8
113228.8
113228.8
113228.8
113228.8
113228.8
113228.8
113228.8
113228.8
113228.8
113228.8
113228.8
113228.8
113228.8
113228.8
113228.8
113228.8
113228.8
113228.8
113228.8
113228.8
113228.8
113228.8
113228.8
113228.8
113228.8
113228.8
113228.8
113228.8
113228.8
113230.2
113233.2
113236.9
113240.4
113243.1
113244.4
113248.5
113252.8
113255.1
113257.3
113259.5
113261.5
113262.8
113264.3
113266.1
113267.6
113269.8
113272.1
113274.9
113278.1
113281.0
113284.4
113286.8
113288.7
113291.2
113295.1
113297.1
113299.2
113301.2
113302.7
113304.9
113306.9
113311.3
113318.3
113326.5
113332.6
113337.8
113343.2
113349.2
113354.8
113356.5
113356.5
113356.5
113356.5
113356.5
113356.5
113356.5
113356.5
113356.5
113356.5
113356.5
113356.5
113358.0
113360.5
113363.9
113368.8
113374.4
113380.2
113385.0
113390.3
113395.3
113397.1
113397.6
113397.8
113397.8
113397.8
113397.8
113397.8
113397.8
113397.8
113397.8
113397.8
113397.8
113397.9
113398.8
113399.7
113400.0
113400.0
113400.0
113400.0
113400.0
113400.0
113400.8
113401.1
113401.1
113401.1
113401.1
113402.3
113403.5
113404.5
113405.5
113407.3
113409.4
113411.7
113413.4
113416.1
113418.8
113421.7
113424.7
113428.3
113431.6
113435.5
113440.2
113443.2
113443.5
113443.5
113443.6
113443.6
113443.7
113443.7
113443.7
113443.7
113443.7
113443.7
113443.9
113444.6
113445.8
113449.6
113454.1
113458.6
113460.3
113462.6
113471.5
113483.3
113491.3
113497.4
113503.8
113509.5
113521.4
113534.3
113545.2
113554.0
113565.1
113575.1
113583.0
113589.6
113596.4
113602.4
113607.7
113610.6
113612.7
113613.9
113615.4
113616.8
113618.5
113620.8
113622.4
113623.2
113623.7
113624.4
113625.5
113625.8
113625.8
113625.8
113625.8
113625.8
113625.8
113625.8
113625.8
113626.3
113628.3
113631.1
113635.3
113640.2
113645.5
113650.0
113654.8
113659.6
113665.2
113671.1
113677.2
113682.7
113687.6
113695.6
113706.6
113716.0
113722.5
113730.0
113733.8
113741.2
113751.3
113757.8
113762.1
113767.0
113774.0
113777.8
113779.0
113779.3
113780.9
113782.7
113786.5
113791.6
113797.6
113803.8
113807.0
113809.5
113811.2
113817.2
113824.9
113831.4
113841.8
113852.4
113860.0
113865.9
113870.9
113878.7
113889.4
113899.3
113905.0
113911.0
113916.5
113922.6
113930.7
113939.3
113950.2
113961.0
113967.6
113975.0
113984.1
113990.8
113998.4
114005.8
114015.6
114029.8
114037.5
114045.7
114054.1
114058.7
114061.2
114063.9
114069.0
114075.8
114081.7
114088.1
114094.1
114102.7
114109.5
114116.2
114122.7
114129.2
114134.6
114140.7
114145.3
114148.9
114150.5
114153.2
114156.5
114160.0
114162.2
114162.2
114162.2
114162.2
114162.2
114162.2
114162.9
114163.2
114163.4
114163.6
114163.8
114164.0
114164.1
114164.1
114164.1
114164.1
114164.1
114164.1
114164.1
114164.1
114164.1
114164.1
114164.1
114164.1
114164.1
114164.1
114164.1
114164.1
114164.1
114164.1
114164.1
114164.1
114164.1
114164.1
114164.1
114164.1
114164.2
114164.8
114165.3
114165.4
114165.4
114165.4
114165.4
114165.4
114165.4
114165.4
114165.4
114165.4
114165.4
114165.4
114165.4
114165.4
114165.4
114165.8
114168.0
114168.4
114168.4
114168.4
114168.4
114168.4
114168.5
114169.0
114169.8
114171.0
114172.7
114174.6
114177.0
114179.4
114181.3
114183.6
114185.1
114186.2
114187.1
114187.8
114188.7
114189.3
114190.2
114193.7
114195.9
114196.8
114197.0
114197.1
114197.1
114197.5
114198.4
114200.6
114201.7
114201.9
114202.0
114202.0
114202.0
114202.0
114202.0
114202.0
114202.0
114202.1
114202.1
114202.1
114202.1
114202.1
114202.1
114202.1
114202.3
114202.3
114202.3
114203.0
114205.6
114209.1
114211.7
114214.4
114215.4
114216.0
114217.8
114222.0
114226.0
114231.7
114238.2
114244.8
114251.2
114254.7
114256.4
114258.4
114264.0
114269.4
114272.4
114275.5
114278.7
114281.7
114284.9
114288.7
114292.2
114295.7
114300.6
114304.3
114307.4
114312.3
114318.8
114325.7
114331.6
114340.8
114352.8
114361.5
114368.7
114376.4
114385.2
114392.1
114394.6
114394.6
114394.8
114395.8
114396.7
114396.9
114397.0
114397.4
114397.9
114401.1
114406.6
114412.9
114415.1
114415.1
114415.6
114416.1
114417.8
114420.4
114421.8
114423.8
114427.5
114431.5
114432.3
114432.3
114432.3
114432.3
114432.3
114432.3
114432.3
114432.3
114432.3
114432.3
114432.3
114432.3
114435.0
114437.0
114437.2
114437.7
114439.6
114441.3
114442.4
114442.4
114442.4
114442.4
114442.4
114443.0
114446.3
114450.7
114455.5
114459.5
114462.2
114463.7
114465.0
114465.2
114465.3
114466.3
114467.2
114468.0
114469.4
114470.4
114471.6
114473.6
114478.7
114484.8
114491.3
114500.5
114512.4
114524.2
114537.5
114549.9
114561.4
114569.5
114574.9
114578.1
114582.0
114587.5
114595.0
114602.4
114607.7
114615.5
114626.6
114636.9
114643.6
114647.4
114651.0
114654.8
114658.6
114660.0
114660.4
114661.0
114661.1
114661.1
114661.2
114661.2
114661.2
114661.2
114661.2
114661.2
114661.2
114661.2
114661.2
114661.2
114661.2
114661.2
114661.2
114661.2
114661.2
114661.2
114661.2
114661.2
114661.2
114661.2
114661.2
114661.4
114661.4
114661.7
114662.6
114664.3
114666.2
114667.4
114667.6
114669.6
114671.8
114673.6
114674.5
114674.9
114674.9
114674.9
114674.9
114674.9
114674.9
114674.9
114674.9
114674.9
114674.9
114674.9
114674.9
114674.9
114674.9
114674.9
114674.9
114674.9
114674.9
114675.1
114675.4
114675.9
114677.1
114678.9
114679.5
114679.8
114680.2
114681.7
114683.2
114684.2
114684.8
114685.8
114686.9
114688.2
114690.1
114691.1
114691.1
114691.1
114691.1
114691.1
114691.1
114691.1
114691.9
114692.9
114694.1
114695.2
114696.4
114697.5
114698.1
114698.5
114698.8
114699.0
114699.4
114700.0
114700.0
114700.0
114700.0
114700.0
114700.0
114700.0
114700.0
114700.0
114700.0
114700.0
114700.0
114700.0
114700.0
114700.0
114700.1
114700.2
114700.2
114700.2
114700.4
114700.8
114701.5
114701.5
114701.5
114701.5
114701.5
114701.5
114701.5
114701.5
114701.5
114701.5
114701.5
114701.9
114703.5
114708.9
114714.9
114721.5
114730.8
114740.1
114745.8
114751.6
114757.3
114763.5
114775.4
114790.1
114805.2
114819.9
114835.6
114844.7
114851.7
114860.1
114868.6
114875.8
114883.9
114893.2
114899.3
114905.2
114910.8
114914.6
114917.6
114921.1
114925.8
114932.0
114938.7
114946.3
114953.0
114962.2
114971.0
114976.5
114981.9
114987.6
114994.7
115003.5
115011.0
115017.7
115021.9
115025.9
115029.6
115033.4
115036.9
115039.6
115044.3
115050.5
115053.8
115057.5
115060.3
115064.2
115071.3
115077.7
115086.2
115097.8
115104.2
115105.6
115106.1
115106.2
115106.2
115106.2
115106.6
115108.3
115108.6
115108.6
115108.6
115109.3
115111.4
115112.5
115112.5
115112.5
115112.6
115112.7
115112.7
115112.7
115113.6
115114.5
115114.5
115114.5
115114.5
115114.5
115114.5
115114.8
115115.2
115115.9
115116.8
115117.1
115117.5
115118.9
115120.9
115123.6
115128.2
115132.3
115136.3
115139.4
115142.1
115144.8
115147.5
115151.2
115154.8
115156.7
115158.1
115159.4
115160.7
115161.9
115162.9
115163.0
115163.7
115165.8
115169.4
115172.8
115174.6
115177.3
115183.7
115188.7
115195.2
115201.4
115206.8
115213.1
115218.3
115219.0
115219.1
115219.3
115219.6
115220.0
115220.1
115220.7
115222.4
115223.5
115223.6
115223.6
115223.6
115223.6
115223.6
115223.6
115223.6
115223.6
115223.9
115225.9
115231.1
115236.0
115243.0
115250.6
115257.2
115260.5
115263.7
115266.8
115270.1
115276.6
115281.1
115287.0
115298.1
115308.2
115316.2
115322.2
115328.1
115333.7
115340.3
115349.8
115360.3
115367.8
115371.7
115375.2
115378.6
115381.7
115387.2
115393.0
115395.3
115396.1
115396.4
115397.2
115398.8
115401.1
115402.7
115403.9
115405.1
115407.5
115412.2
115419.4
115424.8
115426.6
115428.4
115430.2
115432.0
115436.1
115439.9
115444.6
115448.7
115453.6
115462.0
115467.6
115470.0
115471.1
115472.3
115475.2
115483.0
115492.4
115504.2
115513.7
115518.2
115520.2
115524.0
115528.1
115531.6
115531.6
115531.6
115531.6
115531.6
115531.7
115532.1
115532.2
115535.1
115540.1
115546.0
115551.3
115556.7
115562.3
115567.6
115572.5
115576.9
115581.4
115586.3
115591.1
115597.2
115601.1
115603.2
115604.5
115604.8
115604.8
115604.8
115606.9
115610.5
115613.5
115615.8
115618.3
115620.6
115623.0
115625.6
115627.9
115629.1
115629.2
115629.9
115630.8
115632.0
115632.9
115633.3
115633.3
115633.3
115633.3
115633.4
115633.6
115633.6
115633.6
115633.6
115633.6
115634.0
115635.2
115635.9
115636.0
115636.2
115636.5
115636.5
115636.5
115636.5
115636.5
115636.5
115636.5
115636.5
115636.5
115636.5
115636.5
115636.5
115636.5
115636.5
115636.5
115636.5
115636.5
115636.5
115636.5
115636.5
115636.5
115636.5
115636.5
115636.5
115636.5
115637.0
115638.3
115638.7
115638.7
115638.7
115638.7
115638.7
115638.7
115638.7
115638.7
115638.7
115638.7
115638.7
115638.7
115638.7
115638.9
115638.9
115638.9
115639.2
115639.6
115640.0
115640.4
115640.8
115641.2
115642.9
115646.4
115650.5
115655.4
115657.1
115658.9
115662.0
115669.0
115675.1
115678.9
115684.3
115691.3
115698.4
115702.9
115707.0
115710.8
115714.8
115718.5
115723.2
115727.6
115731.2
115735.4
115737.7
115739.7
115742.0
115745.8
115751.0
115755.3
115758.0
115760.2
115761.8
115764.1
115766.5
115769.1
115770.2
115770.2
115770.2
115770.2
115770.2
115770.2
115770.2
115772.2
115775.7
115777.1
115778.0
115779.1
115779.9
115779.9
115779.9
115779.9
115779.9
115782.4
115785.8
115787.8
115789.8
115791.8
115793.8
115795.6
115797.0
115800.9
115804.3
115806.9
115808.4
115810.1
115811.3
115812.1
115813.0
115813.5
115814.0
115814.2
115815.3
115818.5
115821.5
115824.3
115828.8
115829.4
115829.4
115829.4
115829.4
115829.4
115829.4
115829.4
115829.4
115829.4
115829.4
115829.4
115829.4
115829.4
115829.4
115832.5
115835.5
115840.0
115843.3
115843.3
115844.7
115848.6
115854.5
115860.1
115864.6
115865.7
115865.7
115865.7
115865.7
115866.7
115867.3
115867.3
115867.3
115867.3
115867.3
115867.3
115867.3
115867.4
115868.7
115871.4
115873.8
115876.1
115877.6
115878.2
115878.2
115879.3
115879.9
115879.9
115879.9
115879.9
115879.9
115879.9
115879.9
115879.9
115879.9
115879.9
115882.4
115883.4
115883.4
115883.4
115883.4
115883.4
115883.4
115883.4
115883.4
115883.4
115883.4
115883.4
115883.4
115883.4
115883.4
115883.4
115883.4
115883.4
115883.4
115883.4
115883.4
115883.4
115883.4
115883.4
115883.4
115883.4
115883.4
115883.4
115883.4
115883.4
115883.4
115883.4
115883.4
115883.4
115883.4
115883.4
115883.4
115884.6
115886.7
115889.5
115892.4
115895.0
115895.6
115895.6
115895.6
115895.6
115895.6
115895.6
115895.6
115896.1
115898.2
115901.3
115904.4
115905.7
115906.8
115907.1
115907.2
115907.6
115908.3
115909.1
115909.1
115909.1
115909.1
115909.1
115909.1
115909.1
115909.1
115909.1
115909.1
115909.1
115909.1
115909.1
115909.1
115909.5
115910.3
115910.8
115911.1
115911.1
115911.9
115912.2
115912.2
115912.2
115912.2
115912.2
115912.2
115912.2
115912.2
115912.2
115912.4
115912.4
115912.6
115912.6
115912.6
115912.6
115912.6
115912.6
115912.6
115912.6
115912.6
115912.6
115912.6
115912.6
115912.6
115912.6
115912.6
115912.6
115912.6
115912.6
115912.6
115912.6
115912.6
115912.6
115912.6
115912.6
115912.6
115912.6
115912.6
115912.6
115912.6
115912.6
115912.6
115912.6
115912.6
115912.6
115912.6
115912.6
115912.6
115912.6
115912.6
115912.6
115912.6
115912.6
115912.6
115912.6
115912.6
115912.6
115912.6
115912.6
115912.6
115912.6
115912.6
115912.6
115912.6
115912.6
115912.6
115912.6
115912.6
115912.6
115912.6
115912.6
115912.6
115912.6
115912.6
115912.6
115912.6
115912.6
115912.6
115912.6
115912.6
115912.6
115912.6
115912.6
115912.6
115912.6
115912.6
115912.6
115912.6
115912.6
115912.6
115912.6
115912.6
115912.6
115912.6
115912.6
115912.6
115912.6
115912.6
115912.6
115912.6
115912.6
115912.6
115912.6
115912.6
115912.6
115912.6
115912.6
115912.6
115912.6
115912.6
115912.6
115912.6
115912.6
115912.6
115912.6
115912.6
115912.6
115912.6
115912.6
115912.6
115912.6
115912.6
115912.6
115912.6
115912.6
115912.6
115912.6
115912.6
115912.6
115912.6
115912.6
115912.6
115912.6
115912.6
115912.6
115912.6
115912.6
115912.6
115914.0
115917.5
115920.3
115924.4
115928.8
115931.1
115932.9
115933.6
115934.5
115934.8
115934.8
115934.8
115934.8
115934.8
115935.0
115935.5
115935.5
115935.6
115935.9
115936.1
115936.4
115936.4
115936.4
115936.8
115937.1
115937.6
115938.1
115939.1
115941.1
115943.5
115947.2
115953.5
115959.9
115965.8
115970.8
115973.0
115973.0
115973.0
115973.0
115973.0
115975.1
115977.7
115979.7
115981.6
115983.1
115986.9
115990.9
115993.2
115993.2
115993.2
115993.2
115993.2
115993.2
115993.2
115994.1
115999.0
116004.6
116010.2
116016.3
116022.4
116026.3
116029.9
116034.1
116037.9
116042.0
116047.1
116051.0
116054.6
116058.5
116062.3
116065.0
116067.5
116069.4
116071.2
116072.8
116078.3
116084.0
116089.4
116095.1
116100.9
116107.0
116112.9
116118.6
116125.1
116130.9
116136.9
116143.6
116149.4
116155.2
116161.3
116166.5
116174.2
116180.2
116185.9
116191.9
116197.4
116203.0
116210.8
116217.8
116223.7
116229.8
116234.8
116243.2
116252.8
116259.1
116265.2
116270.0
116279.7
116290.1
116297.3
116303.1
116307.6
116310.9
116312.6
116313.5
116315.6
116316.9
116316.9
116316.9
116316.9
116316.9
116316.9
116317.7
116322.1
116327.8
116333.5
116341.2
116345.6
116348.6
116351.3
116352.9
116357.5
116362.6
116366.3
116369.7
116371.4
116371.8
116371.8
116371.8
116371.8
116371.8
116371.8
116371.8
116371.8
116372.0
116372.4
116373.3
116374.7
116376.2
116377.0
116378.3
116379.2
116379.9
116380.1
116380.3
116380.5
116380.5
116380.5
116380.5
116381.2
116383.1
116384.9
116385.0
116385.1
116385.1
116385.1
116385.1
116385.1
116386.9
116391.0
116395.8
116400.8
116406.2
116411.5
116414.3
116414.6
116414.6
116414.6
116414.8
116415.6
116416.2
116416.2
116416.2
116416.2
116416.2
116416.2
116416.7
116420.3
116421.6
116422.9
116424.1
116424.6
116424.7
116424.9
116426.6
116430.6
116436.2
116441.4
116447.0
116452.9
116458.1
116463.4
116465.7
116467.0
116467.7
116468.3
116468.4
116468.4
116468.4
116468.4
116468.4
116468.4
116468.8
116470.3
116472.8
116476.1
116480.7
116483.8
116486.4
116490.8
116497.4
116507.2
116514.1
116519.6
116523.6
116531.0
116545.9
116561.5
116576.0
116589.2
116596.7
116605.4
116613.6
116620.6
116625.2
116631.7
116637.9
116642.2
116647.3
116650.9
116652.2
116652.7
116652.7
116652.7
116653.5
116655.7
116657.5
116660.3
116661.8
116662.9
116666.9
116672.6
116676.9
116686.6
116698.9
116709.8
116717.6
116725.2
116729.4
116733.6
116743.4
116751.1
116759.1
116764.0
116776.8
116792.3
116806.4
116819.7
116830.8
116838.3
116843.7
116846.6
116848.3
116850.3
116853.5
116856.4
116859.4
116860.3
116861.2
116861.9
116863.3
116865.4
116870.4
116879.9
116890.0
116898.7
116904.5
116911.1
116919.1
116927.4
116935.1
116945.8
116958.2
116971.0
116984.4
116997.8
117011.5
117022.5
117033.1
117042.7
117050.7
117056.7
117062.6
117068.5
117073.9
117081.0
117088.4
117094.7
117103.6
117110.9
117118.7
117126.0
117135.6
117146.4
117155.4
117162.6
117170.7
117179.6
117188.6
117197.4
117210.3
117222.4
117233.3
117244.7
117255.6
117267.8
117282.0
117302.1
117316.0
117322.6
117331.4
117337.2
117338.4
117338.9
117339.5
117339.9
117340.9
117343.1
117346.2
117351.5
117358.9
117366.8
117376.2
117385.5
117394.0
117401.3
117405.6
117413.3
117421.1
117427.5
117433.7
117435.5
117436.9
117441.1
117445.0
117445.1
117445.1
117445.4
117445.6
117445.6
117445.8
117445.9
117447.7
117449.1
117451.7
117455.6
117461.1
117469.2
117476.4
117487.2
117501.3
117514.0
117528.7
117540.3
117552.2
117563.5
117576.6
117591.5
117606.6
117617.3
117626.7
117635.0
117643.1
117651.3
117659.1
117665.9
117670.6
117675.7
117681.9
117688.5
117694.3
117698.5
117702.6
117705.4
117707.9
117710.2
117712.0
117714.4
117716.5
117718.4
117722.9
117731.4
117740.2
117744.7
117749.1
117753.2
117757.3
117761.5
117769.3
117773.7
117781.9
117794.3
117807.3
117819.9
117828.5
117836.3
117842.3
117850.3
117858.4
117864.7
117870.7
117875.4
117883.5
117892.0
117897.9
117903.0
117908.4
117917.4
117928.7
117935.3
117941.5
117946.7
117957.9
117965.4
117976.6
117987.3
117995.2
118001.1
118006.5
118009.9
118015.9
118021.4
118027.0
118035.4
118041.9
118048.3
118058.3
118069.7
118084.5
118099.9
118114.5
118124.2
118132.8
118139.6
118146.9
118154.6
118162.7
118170.7
118179.1
118189.6
118196.9
118203.8
118209.8
118216.4
118222.2
118228.0
118233.8
118240.0
118244.9
118248.8
118254.3
118259.6
118267.4
118276.5
118284.6
118291.6
118298.3
118305.3
118309.7
118313.9
118318.6
118320.6
118322.5
118326.0
118330.0
118333.8
118337.4
118340.6
118348.1
118355.3
118359.3
118361.8
118365.0
118368.9
118375.0
118382.1
118385.4
118386.4
118387.7
118388.9
118392.8
118397.6
118399.9
118399.9
118399.9
118399.9
118399.9
118399.9
118399.9
118399.9
118399.9
118400.7
118402.1
118404.1
118405.6
118407.3
118409.3
118411.2
118411.2
118411.2
118414.0
118418.8
118424.9
118429.1
118431.5
118433.0
118433.1
118433.9
118434.8
118434.9
118434.9
118434.9
118434.9
118435.0
118435.0
118435.0
118435.0
118436.0
118440.0
118443.9
118447.7
118451.4
118455.2
118458.7
118463.2
118467.4
118470.9
118475.7
118477.3
118477.8
118477.8
118477.8
118477.8
118478.3
118479.1
118481.3
118483.7
118484.3
118486.7
118491.0
118495.5
118497.4
118499.5
118500.9
118502.6
118504.5
118506.7
118508.9
118511.1
118513.3
118515.5
118517.6
118519.3
118520.7
118521.8
118522.0
118522.8
118522.9
118522.9
118523.0
118523.4
118523.6
118523.6
118523.6
118523.6
118523.6
118524.4
118526.6
118531.1
118534.5
118534.5
118536.0
118536.0
118536.0
118536.4
118536.7
118536.9
118536.9
118537.7
118540.6
118543.9
118545.1
118545.1
118545.1
118545.1
118545.1
118545.1
118545.1
118545.1
118545.4
118547.1
118551.0
118555.1
118557.5
118559.1
118561.6
118565.7
118569.3
118572.4
118576.4
118582.2
118586.2
118589.3
118592.5
118596.1
118601.3
118606.7
118611.2
118617.5
118626.1
118631.8
118636.3
118640.3
118643.3
118646.1
118647.2
118647.6
118648.0
118650.2
118654.2
118661.7
118670.1
118674.1
118678.4
118681.3
118684.6
118688.5
118693.6
118699.5
118703.4
118704.9
118711.7
118718.6
118723.6
118732.2
118738.7
118741.4
118744.8
118747.6
118750.7
118752.0
118752.2
118752.2
118752.2
118752.2
118752.2
118752.2
118752.2
118752.2
118752.2
118752.2
118752.2
118752.2
118752.2
118753.0
118755.6
118758.8
118761.7
118765.5
118766.9
118768.3
118769.7
118771.2
118776.1
118781.2
118783.5
118786.0
118788.8
118792.8
118797.0
118801.5
118803.7
118806.2
118808.7
118811.7
118814.9
118819.2
118826.9
118836.1
118844.5
118851.1
118855.9
118859.4
118862.2
118864.6
118866.7
118868.0
118869.3
118871.7
118875.9
118878.2
118878.4
118880.4
118882.5
118885.2
118888.5
118892.1
118895.4
118899.8
118901.8
118908.7
118913.4
118920.7
118927.3
118933.1
118934.5
118935.2
118935.6
118935.9
118935.9
118935.9
118935.9
118935.9
118935.9
118935.9
118935.9
118935.9
118935.9
118935.9
118935.9
118935.9
118935.9
118935.9
118935.9
118935.9
118935.9
118935.9
118935.9
118935.9
118935.9
118935.9
118936.3
118937.2
118937.9
118937.9
118937.9
118937.9
118937.9
118937.9
118937.9
118937.9
118937.9
118938.2
118939.7
118941.9
118943.0
118943.0
118943.9
118944.6
118945.0
118945.1
118945.2
118945.2
118945.2
118945.2
118945.2
118945.2
118945.2
118945.2
118945.2
118945.2
118945.2
118945.2
118945.2
118945.2
118945.2
118945.2
118945.2
118945.2
118945.2
118945.2
118945.2
118945.2
118945.2
118945.2
118945.2
118945.3
118945.3
118945.3
118945.3
118945.3
118945.3
118945.3
118945.3
118945.3
118945.3
118945.3
118945.3
118945.3
118945.3
118945.3
118945.3
118945.3
118945.3
118945.3
118945.3
118945.3
118945.3
118945.3
118945.3
118945.3
118945.3
118945.3
118945.3
118945.3
118945.3
118945.3
118945.3
118945.3
118946.9
118952.8
118958.4
118961.7
118961.7
118961.7
118962.4
118964.1
118965.4
118965.6
118965.6
118966.0
118966.4
118966.9
118968.3
118969.8
118971.4
118972.0
118972.0
118972.0
118972.0
118972.9
118974.7
118978.5
118983.4
118989.8
118997.9
119003.5
119013.6
119023.2
119030.3
119037.8
119041.7
119044.2
119045.9
119048.6
119051.9
119055.4
119058.2
119058.4
119058.4
119058.4
119058.4
119058.4
119058.4
119058.4
119060.1
119065.7
119072.5
119075.3
119078.3
119081.1
119083.7
119086.3
119089.3
119092.3
119095.3
119098.7
119101.9
119104.6
119107.7
119110.7
119113.3
119115.9
119118.5
119120.8
119123.1
119128.1
119133.6
119139.4
119144.9
119149.7
119153.3
119156.1
119157.5
119157.5
119157.5
119157.5
119157.5
119157.5
119157.5
119157.5
119158.3
119160.2
119160.7
119160.7
119160.7
119160.7
119161.1
119162.3
119163.3
119164.5
119165.4
119165.4
119165.4
119165.4
119165.4
119165.4
119165.4
119165.4
119166.8
119171.4
119176.5
119181.6
119186.7
119191.3
119195.6
119200.7
119203.2
119204.4
119204.4
119204.6
119204.9
119205.5
119206.6
119207.8
119209.2
119209.2
119209.2
119209.2
119209.2
119209.2
119209.2
119209.2
119209.2
119209.2
119209.2
119209.2
119209.2
119209.2
119209.2
119209.2
119209.4
119209.9
119210.6
119210.8
119211.0
119211.8
119214.1
119214.8
119218.9
119220.0
119222.9
119225.7
119226.9
119226.9
119226.9
119226.9
119226.9
119226.9
119227.0
119228.0
119229.8
119232.7
119233.9
119233.9
119233.9
119233.9
119233.9
119233.9
119233.9
119233.9
119233.9
119233.9
119233.9
119233.9
119233.9
119233.9
119233.9
119233.9
119233.9
119233.9
119233.9
119233.9
119233.9
119233.9
119233.9
119234.0
119234.0
119234.0
119234.0
119234.0
119234.0
119234.0
119234.0
119234.8
119238.2
119242.8
119247.5
119250.6
119253.2
119255.0
119256.3
119257.7
119260.2
119262.3
119264.0
119264.0
119264.2
119264.6
119264.6
119264.6
119266.2
119268.0
119268.0
119268.0
119268.0
119268.0
119268.0
119268.2
119268.2
119268.2
119268.2
119268.2
119268.2
119268.2
119268.2
119268.2
119268.2
119268.2
119268.2
119268.2
119268.2
119268.2
119268.2
119268.2
119268.2
119268.2
119268.2
119268.2
119268.2
119268.2
119268.2
119268.2
119268.2
119268.2
119269.2
119273.1
119274.9
119275.4
119275.5
119277.9
119282.5
119287.1
119294.2
119302.0
119309.3
119314.3
119320.0
119325.2
119331.3
119337.7
119345.6
119352.3
119358.3
119363.7
119373.2
119380.2
119383.4
119387.1
119390.9
119397.7
119403.2
119404.8
119405.2
119405.3
119405.3
119405.3
119405.3
119405.3
119405.3
119405.3
119405.3
119405.3
119405.4
119405.5
119405.5
119405.5
119405.5
119405.5
119405.5
119405.5
119405.5
119405.5
119405.5
119405.5
119405.5
119405.5
119405.5
119406.0
119406.2
119406.2
119406.2
119406.2
119406.2
119406.2
119406.2
119406.2
119406.2
119406.2
119406.2
119406.2
119406.2
119406.6
119408.7
119411.0
119412.2
119412.2
119412.2
119412.2
119412.2
119413.2
119416.2
119419.3
119420.9
119420.9
119421.1
119422.2
119423.0
119423.9
119424.5
119424.5
119424.5
119424.5
119424.5
119424.5
119424.5
119424.5
119424.6
119425.4
119426.2
119426.2
119426.2
119426.2
119426.2
119426.2
119426.2
119426.3
119426.8
119427.4
119428.2
119429.2
119430.8
119431.3
119431.4
119431.4
119431.4
119431.4
119431.4
119431.6
119431.9
119432.1
119432.1
119432.1
119432.1
119432.1
119432.1
119432.1
119432.1
119432.1
119432.1
119432.1
119432.1
119432.1
119432.1
119432.1
119432.1
119432.1
119432.1
119432.1
119432.1
119432.1
119432.1
119432.1
119432.1
119432.1
119432.1
119432.1
119432.1
119432.1
119432.1
119432.1
119432.1
119432.1
119432.1
119432.1
119432.1
119432.1
119432.1
119432.1
119432.1
119432.1
119432.1
119432.1
119432.1
119433.4
119433.6
119434.0
119435.9
119439.2
119443.1
119446.5
119449.2
119451.6
119453.2
119454.6
119455.5
119456.5
119457.0
119457.0
119457.0
119457.4
119459.0
119461.5
119464.4
119464.8
119464.8
119464.8
119464.8
119464.8
119464.8
119464.8
119464.8
119464.8
119464.8
119464.8
119464.8
119464.8
119464.8
119464.8
119464.8
119464.8
119464.8
119464.8
119464.8
119464.8
119464.8
119464.8
119465.2
119465.2
119465.2
119465.2
119465.2
119465.2
119465.2
119465.5
119466.2
119467.7
119469.8
119475.3
119479.7
119483.0
119484.8
119486.4
119487.9
119489.2
119489.7
119491.1
119494.5
119499.4
119501.0
119501.0
119501.0
119501.0
119501.0
119501.0
119501.0
119501.0
119501.0
119501.2
119502.0
119502.8
119503.7
119505.2
119506.2
119509.6
119512.1
119514.0
119514.7
119515.5
119516.2
119516.3
119516.3
119516.3
119516.3
119516.3
119516.3
119516.3
119516.3
119516.3
119516.3
119516.3
119516.3
119516.3
119516.3
119516.3
119516.3
119516.3
119516.3
119516.3
119516.3
119516.3
119516.3
119516.3
119516.3
119516.3
119516.3
119516.3
119516.3
119516.7
119517.4
119517.7
119517.7
119517.7
119517.7
119517.7
119518.2
119518.4
119518.4
119518.4
119518.4
119518.4
119518.4
119518.4
119518.4
119518.4
119518.4
119518.4
119518.4
119518.4
119518.4
119518.4
119518.4
119518.4
119518.4
119518.4
119518.4
119518.4
119518.4
119518.4
119518.4
119518.4
119518.4
119518.4
119518.4
119518.4
119518.4
119518.4
119519.0
119519.8
119521.1
119523.0
119524.2
119524.2
119524.2
119524.2
119524.3
119524.6
119525.1
119525.4
119525.8
119525.8
119525.8
119525.8
119525.8
119525.8
119525.8
119525.8
119525.8
119525.8
119525.8
119525.8
119525.8
119525.8
119525.8
119525.8
119525.8
119525.8
119525.8
119525.8
119526.6
119527.2
119528.2
119529.7
119532.2
119538.1
119543.2
119544.3
119545.0
119548.1
119551.2
119552.9
119552.9
119552.9
119552.9
119552.9
119552.9
119552.9
119553.0
119553.1
119553.6
119554.0
119554.4
119554.4
119554.4
119554.4
119554.4
119554.6
119555.0
119555.9
119557.2
119558.5
119559.3
119559.7
119560.5
119562.0
119563.3
119563.4
119563.4
119563.4
119563.4
119563.4
119563.4
119563.4
119563.4
119563.4
119563.4
119563.4
119563.4
119563.4
119563.4
119563.4
119563.4
119563.4
119563.4
119563.4
119563.4
119563.4
119563.4
119563.4
119563.4
119563.4
119563.4
119563.4
119563.4
119563.4
119563.4
119563.4
119563.4
119563.4
119563.4
119563.4
119563.4
119563.4
119563.4
119563.4
119563.4
119563.4
119563.4
119563.4
119563.4
119563.4
119563.4
119563.4
119563.4
119563.4
119563.4
119563.4
119563.4
119563.4
119563.4
119563.4
119563.4
119563.4
119563.4
119563.4
119563.4
119563.4
119563.4
119563.4
119563.4
119563.4
119563.4
119563.4
119563.4
119563.4
119563.4
119563.4
119563.4
119563.4
119563.4
119563.4
119563.4
119563.4
119563.4
119563.4
119563.4
119563.4
119563.4
119563.4
119563.4
119563.4
119563.4
119563.4
119563.4
119563.4
119563.4
119563.4
119563.4
119563.4
119563.4
119563.4
119563.4
119563.4
119563.4
119563.4
119563.4
119563.4
119563.4
119563.4
119563.4
119563.4
119563.4
119563.4
119563.4
119563.4
119563.4
119563.4
119563.4
119563.4
119563.4
119563.4
119563.4
119563.4
119563.4
119563.4
119563.4
119563.4
119563.4
119563.4
119563.4
119563.4
119563.4
119563.4
119563.4
119563.4
119563.4
119563.4
119563.4
119563.4
119563.4
119563.4
119563.4
119563.4
119563.4
119563.4
119563.4
119563.4
119563.4
119563.4
119563.4
119563.4
119563.4
119563.4
119563.6
119564.4
119565.9
119568.5
119572.1
119576.7
119579.9
119580.3
119582.2
119589.7
119594.7
119601.2
119607.2
119611.4
119615.3
119619.0
119623.2
119629.3
119634.1
119638.1
119640.8
119642.8
119643.9
119644.4
119644.6
119644.7
119647.1
119651.5
119655.9
119658.0
119658.8
119663.7
119671.3
119675.8
119680.1
119684.3
119688.9
119693.8
119698.8
119701.1
119704.4
119708.2
119711.5
119714.6
119716.0
119716.5
119716.5
119716.5
119716.5
119716.5
119716.5
119716.5
119716.5
119716.5
119716.5
119716.5
119716.5
119716.5
119717.0
119717.6
119717.8
119717.8
119717.8
119717.8
119717.8
119717.8
119717.8
119717.8
119717.8
119717.8
119717.8
119717.8
119717.8
119717.8
119717.8
119717.8
119717.8
119717.8
119717.8
119717.8
119717.8
119717.8
119717.8
119717.8
119717.8
119717.8
119717.8
119717.8
119717.8
119717.8
119717.8
119717.8
119717.8
119717.8
119717.8
119717.8
119717.8
119717.8
119717.8
119717.8
119717.8
119717.8
119717.8
119717.8
119718.4
119723.1
119727.7
119729.6
119729.7
119729.7
119729.9
119729.9
119730.4
119730.7
119730.7
119730.7
119730.7
119730.7
119730.7
119730.7
119730.7
119730.7
119730.7
119730.7
119730.7
119731.4
119732.4
119733.5
119735.0
119736.7
119738.2
119739.9
119741.6
119746.7
119751.2
119752.5
119752.6
119753.0
119753.5
119753.5
119753.5
119753.5
119753.5
119753.5
119753.5
119753.5
119753.5
119753.5
119753.6
119753.6
119753.6
119753.6
119753.6
119753.6
119753.6
119753.6
119753.6
119753.6
119753.6
119753.6
119753.6
119753.6
119753.6
119753.6
119753.6
119753.6
119753.6
119753.6
119753.6
119753.6
119753.6
119753.6
119753.6
119753.6
119753.6
119753.6
119753.6
119753.6
119753.6
119753.6
119753.6
119753.6
119753.6
119753.6
119753.6
119753.6
119753.6
119753.6
119753.6
119753.6
119753.6
119754.3
119755.0
119758.1
119758.1
119758.3
119758.5
119758.5
119758.5
119758.5
119758.5
119758.5
119758.5
119758.5
119758.5
119758.5
119758.5
119758.5
119758.5
119758.5
119758.5
119758.5
119758.5
119758.5
119758.5
119758.5
119758.5
119758.5
119758.5
119758.5
119758.5
119758.5
119758.5
119758.5
119758.5
119758.5
119758.5
119758.5
119758.5
119758.5
119758.5
119758.5
119758.5
119758.5
119758.5
119758.5
119758.5
119758.5
119758.5
119758.5
119758.5
119758.5
119758.5
119758.5
119758.5
119758.5
119758.5
119758.5
119758.5
119758.5
119758.5
119758.5
119758.5
119758.5
119758.5
119758.5
119758.5
119758.5
119758.5
119758.5
119758.5
119758.5
119758.5
119758.5
119758.5
119758.5
119758.5
119758.5
119758.5
119758.5
119758.5
119758.6
119758.9
119758.9
119758.9
119758.9
119758.9
119758.9
119760.2
119762.5
119764.0
119764.9
119765.1
119765.1
119765.1
119765.1
119765.1
119765.1
119765.1
119765.1
119765.1
119765.1
119765.1
119765.1
119765.1
119765.1
119765.1
119765.1
119765.1
119765.1
119765.2
119766.1
119767.4
119768.8
119770.8
119773.3
119777.1
119780.3
119786.2
119791.7
119795.7
119796.3
119801.8
119809.3
119813.9
119816.4
119817.4
119817.4
119818.4
119820.6
119820.6
119820.6
119820.6
119820.6
119820.6
119820.6
119820.6
119820.6
119820.6
119820.6
119820.6
119820.6
119820.6
119820.6
119820.6
119820.6
119820.6
119820.6
119820.6
119820.6
119820.6
119820.6
119820.6
119820.6
119820.6
119820.6
119820.6
119820.6
119820.6
119820.6
119820.6
119820.6
119820.6
119820.6
119820.6
119820.6
119820.6
119820.8
119822.1
119824.2
119827.3
119831.4
119836.2
119841.5
119846.5
119853.9
119863.9
119872.6
119878.5
119884.1
119890.1
119895.7
119900.2
119902.8
119905.9
119906.9
119906.9
119906.9
119906.9
119906.9
119906.9
119906.9
119906.9
119906.9
119906.9
119906.9
119906.9
119906.9
119906.9
119906.9
119906.9
119906.9
119906.9
119906.9
119906.9
119906.9
119906.9
119906.9
119906.9
119906.9
119906.9
119906.9
119906.9
119906.9
119906.9
119906.9
119906.9
119906.9
119906.9
119906.9
119906.9
119906.9
119906.9
119906.9
119906.9
119906.9
119906.9
119906.9
119906.9
119906.9
119906.9
119906.9
119906.9
119906.9
119906.9
119906.9
119907.5
119910.9
119912.3
119912.8
119913.3
119913.6
119913.6
119913.6
119913.6
119913.6
119913.6
119913.6
119913.6
119913.6
119913.6
119913.6
119913.6
119913.6
119913.6
119913.6
119913.6
119913.6
119913.6
119915.6
119917.3
119918.2
119918.6
119918.6
119918.6
119918.6
119918.6
119918.6
119918.6
119918.6
119918.6
119918.6
119918.6
119918.6
119918.6
119918.6
119918.6
119918.6
119918.6
119918.6
119918.6
119918.6
119918.6
119918.6
119918.6
119918.6
119918.6
119918.6
119918.6
119918.6
119918.6
119918.6
119918.6
119918.6
119918.6
119918.6
119918.6
119918.6
119918.6
119918.6
119918.6
119918.6
119918.6
119918.6
119918.6
119918.6
119918.6
119918.6
119918.6
119918.6
119918.6
119918.6
119918.6
119918.6
119918.6
119918.6
119918.6
119918.6
119918.6
119918.6
119918.6
119918.6
119918.6
119918.6
119918.6
119918.6
119918.6
119918.6
119918.6
119918.6
119918.6
119918.6
119918.6
119918.6
119918.6
119918.6
119918.6
119918.6
119918.6
119918.6
119918.6
119918.6
119918.6
119919.1
119920.3
119921.9
119924.4
119926.5
119927.6
119928.2
119928.4
119928.7
119928.8
119928.8
119928.8
119928.8
119928.8
119928.8
119928.8
119928.8
119928.8
119928.8
119928.8
119928.8
119928.8
119928.8
119928.8
119928.8
119928.8
119928.9
119929.8
119930.4
119930.5
119930.5
119930.5
119930.6
119930.6
119931.0
119931.5
119931.5
119931.5
119931.5
119931.5
119931.5
119931.5
119931.5
119931.5
119932.2
119935.6
119939.3
119942.9
119946.3
119949.6
119952.4
119954.9
119957.2
119957.4
119957.4
119957.4
119957.4
119957.4
119957.4
119957.4
119957.4
119957.4
119957.4
119957.4
119958.5
119958.5
119958.5
119958.5
119958.9
119959.1
119959.1
119959.1
119959.1
119959.1
119959.1
119959.1
119959.1
119959.1
119959.1
119959.1
119959.1
119959.1
119959.1
119959.1
119959.1
119959.1
119959.1
119959.1
119959.1
119959.1
119959.1
119959.1
119959.1
119959.1
119959.4
119959.7
119959.7
119959.7
119959.7
119959.7
119959.7
119959.7
119959.7
119959.7
119959.7
119959.7
119959.7
119959.7
119959.8
119959.8
119959.8
119959.8
119959.8
119959.8
119959.8
119959.8
119959.8
119959.8
119959.8
119959.8
119959.8
119959.8
119959.8
119959.8
119959.8
119959.8
119959.8
119959.8
119959.8
119959.8
119959.8
119959.8
119959.8
119959.8
119959.8
119959.8
119959.8
119959.8
119959.8
119959.8
119959.8
119959.8
119959.8
119959.8
119959.8
119959.8
119959.8
119959.8
119959.8
119959.8
119959.8
119959.8
119959.9
119961.2
119963.7
119967.5
119970.1
119971.7
119972.0
119972.0
119972.0
119972.0
119972.2
119972.3
119972.6
119973.0
119973.2
119973.2
119973.2
119973.2
119973.2
119973.2
119973.2
119973.3
119973.5
119973.9
119975.0
119975.3
119975.3
119975.3
119975.3
119975.3
119975.3
119975.3
119975.3
119975.3
119975.3
119975.3
119975.3
119975.3
119975.3
119975.3
119975.3
119975.3
119975.3
119975.3
119975.3
119975.3
119975.3
119975.3
119975.3
119975.3
119975.3
119975.3
119975.3
119975.3
119975.3
119975.3
119975.3
119975.3
119975.3
119975.5
119976.4
119978.2
119980.2
119981.4
119982.8
119984.2
119985.1
119986.3
119989.1
119991.5
119995.4
119998.9
119999.8
120000.0
120000.0
120000.0
120000.0
120000.0
120000.0
120000.0
120000.0
120000.0
120000.0
120000.0
120000.0
120000.0
120000.0
120000.0
120000.0
120000.0
120000.0
120000.0
120000.0
120000.0
120000.0
120000.0
120000.0
120000.0
120000.0
120000.0
120000.0
120000.0
120000.0
120000.0
120000.0
120000.0
120000.0
120000.0
120000.0
120000.0
120000.0
120000.0
120000.0
120000.0
120000.0
120000.0
120000.0
120000.0
120000.0
120000.0
120000.0
120000.0
120000.0
120000.0
120000.0
120000.0
120000.0
120000.0
120000.0
120000.0
120000.0
120000.0
120000.0
120000.0
120000.0
120000.0
120000.0
120000.0
120000.0
120000.0
120000.0
120000.0
120000.0
120000.0
120000.0
120000.0
120000.0
120000.0
120000.0
120000.0
120000.0
120000.0
120000.0
120000.0
120000.0
120000.0
120000.0
120000.0
120000.0
120000.0
120000.0
120000.0
120000.0
120000.0
120000.0
120000.0
120000.0
120000.0
120000.0
120000.0
120000.0
120000.0
120000.0
120000.0
120000.0
120000.0
120000.0
120000.0
120000.0
120000.0
120000.0
120000.0
120000.0
120000.0
120000.0
120000.0
120000.0
120000.0
120000.0
120000.0
120000.0
120000.0
120000.0
120000.0
120000.0
120000.0
120000.0
120000.0
120000.0
120000.0
120000.0
120000.0
120000.0
120000.0
120000.0
120000.0
120000.0
120000.0
120000.0
120000.0
120000.0
120000.0
120000.0
120000.0
120000.0
120000.0
120000.0
120000.0
120000.0
120000.0
120000.0
120000.0
120000.0
120000.0
120000.0
120000.0
120000.0
120000.0
120000.0
120000.0
120000.0
120000.0
120000.0
120000.0
120000.0
120000.0
120000.0
120000.0
120000.0
120000.0
120000.0
120000.0
120000.0
120000.0
120000.0
120000.0
120000.0
120000.0
120000.0
120000.0
120000.0
120000.0
120000.0
120000.0
120000.0
120000.0
120000.0
120000.0
120000.0
120000.0
120000.0
120000.0
120000.0
120000.0
120000.0
120000.0
120000.0
120000.0
120000.0
120000.0
120000.0
120000.0
120000.0
120000.0
120000.0
120000.0
120000.0
120000.0
120000.0
120000.0
120000.0
120000.0
120000.0
120000.0
120000.0
120000.0
120000.0
120000.0
120000.0
120000.0
120000.0
120000.0
120000.0
120000.0
120000.0
120000.0
120000.0
120000.0
120000.0
120000.0
120000.0
120000.0
120000.0
120000.0
120000.0
120000.0
120000.0
120000.0
120000.0
120000.0
120000.0
120000.0
120000.0
120000.0
120000.0
120000.0
120000.0
120000.0
120000.0
120000.0
120000.0
120000.0
120000.0
120000.0
120000.0
120000.0
120000.0
120000.0
120000.0
120000.0
120000.0
120000.0
120000.0
120000.0
120000.0
120000.0
120000.0
120000.0
120000.0
120000.0
120000.0
120000.0
120000.0
120000.0
120000.0
120000.0
120000.0
120000.0
120000.0
120000.0
120000.0
120000.0
120000.0
120000.0
120000.0
120000.0
120000.0
120000.0
120000.0
120000.0
120000.0
120000.0
120000.0
120000.0
120000.0
120000.0
120000.0
120000.0
120000.0
120000.0
120000.0
120000.0
120000.0
120000.0
120000.0
120000.0
120000.0
120000.0
120000.0
120000.0
120000.0
120000.0
120000.0
120000.0
120000.0
120000.0
120000.0
120000.0
120000.0
120000.0
120000.0
120000.0
120000.0
120000.0
120000.0
120000.0
120000.0
120000.0
120000.0
120000.0
120000.0
120000.0
120000.0
120000.0
120000.0
120000.0
120000.0
120000.0
120000.0
120000.0
120000.0
120000.0
120000.0
120000.0
120000.0
120000.0
120000.0
120000.0
120000.0
120000.0
120000.0
120000.0
120000.0
120000.0
120000.0
120000.0
120000.0
120000.0
120000.0
120000.0
120000.0
120000.0
120000.0
120000.0
120000.0
120000.0
120000.0
120000.0
120000.0
120000.0
120000.0
120000.0
120000.0
120000.0
120000.0
120000.0
120000.0
120000.0
120000.0
120000.0
120000.0
120000.0
120000.0
120000.0
120000.0
120000.0
120000.0
120000.0
120000.0
120000.0
120000.0
120000.0
120000.0
120000.0
120000.0
120000.0
120000.0
120000.0
120000.0
120000.0
120000.0
120000.0
120000.0
120000.0
120000.0
120000.0
120000.0
120000.0
120000.0
120000.0
120000.0
120000.0
120000.0
120000.0
120000.0
120000.0
120000.0
120000.0
120000.0
120000.0
120000.0
120000.0
120000.0
120000.0
120000.0
120000.0
120000.0
120000.0
120000.0
