10.72 12.52 2.8592
80 64 57 268 333 42
3.01 18.49 5.5194
227 202 67 32 292 151
2.61 8.96 1.4905
314 181 326 113 294 243
14.21 20.27 3.9413
245 46 206 232 101 162
31.13 19.37 0.0640
224 67 90 62 331 134
15.00 21.21 0.1565
102 124 200 179 277 214
29.26 16.20 3.0297
87 245 162 136 270 278
28.72 13.10 0.3202
99 256 149 139 131 184
5.90 9.66 3.5574
64 194 226 32 359 118
14.22 18.57 0.1864
298 174 309 264 43 117
35.19 24.99 4.4978
79 258 189 219 184 62
15.66 26.67 3.1512
315 72 160 76 368 275
37.19 7.25 1.5910
357 194 155 22 70 201
20.23 21.67 4.3823
282 62 252 62 230 102
8.92 23.45 3.9124
232 235 318 257 257 52
31.42 6.42 3.3798
275 21 217 99 95 138
31.39 26.71 4.9929
67 40 57 149 376 144
20.96 4.14 4.2139
271 107 72 165 329 58
12.89 15.83 0.7369
186 91 20 133 167 232
19.56 11.35 5.0029
271 159 329 116 262 123
16.92 9.59 3.1039
235 276 224 261 310 228
21.16 14.25 1.2410
196 217 114 142 150 196
6.28 20.00 3.8873
176 266 272 252 47 30
29.56 25.33 1.4665
223 172 145 221 110 79
10.17 23.00 3.0151
78 85 152 124 181 251
9.87 21.36 3.4472
269 223 335 70 190 85
9.20 18.26 3.5707
62 77 176 52 220 214
20.26 16.07 3.1514
61 51 262 26 55 273
26.95 21.68 1.4390
351 186 247 55 140 209
27.87 22.88 0.5941
67 259 224 63 205 207
34.59 3.10 2.3724
278 219 235 85 34 41
8.22 26.95 6.0242
166 227 98 121 47 28
8.89 8.01 2.4098
154 129 154 143 341 187
21.10 14.10 2.5739
337 182 295 255 28 235
10.49 26.05 1.7862
370 51 244 103 89 171
15.70 4.48 4.7197
125 22 34 29 296 54
27.83 8.91 3.5272
68 141 301 226 371 40
5.41 27.45 3.2959
145 142 85 95 182 166
22.52 26.01 3.0672
155 101 175 225 123 159
14.17 9.46 4.1205
357 149 126 180 316 173
9.77 18.57 1.6140
352 161 27 184 326 220
20.63 15.88 4.2102
255 179 78 96 302 77
27.62 20.34 4.2693
189 245 215 45 149 141
3.79 5.06 6.1519
137 235 151 178 159 198
15.20 12.90 2.7528
331 155 196 34 237 83
8.98 15.41 2.3387
155 255 378 73 326 186
24.51 11.40 1.1043
160 113 241 34 376 214
4.89 26.54 3.8751
250 175 275 173 135 116
6.11 18.71 2.9705
190 166 47 200 280 257
31.86 20.14 4.6948
112 259 243 265 245 257
27.64 16.81 3.8043
176 260 371 191 343 92
17.09 8.46 3.1447
316 224 310 226 354 183
31.22 16.90 4.2242
211 60 187 260 358 271
4.21 4.24 4.6958
321 186 341 95 33 115
6.72 14.39 2.1460
162 161 319 271 287 130
16.16 22.65 5.5340
231 98 154 76 125 141
27.43 13.53 0.5074
363 35 141 32 327 39
25.65 22.95 3.9105
73 265 70 66 168 121
35.79 26.68 1.5177
98 93 139 25 67 263
24.74 16.20 4.4632
90 234 85 216 339 167
30.03 20.42 5.1013
316 149 187 236 141 245
6.48 19.52 2.1989
294 132 39 140 175 164
32.86 5.55 3.2136
312 122 262 191 39 179
15.64 23.73 0.5364
211 236 331 215 257 42
5.51 18.27 5.9160
106 119 346 135 93 172
18.49 21.89 5.6173
198 274 294 277 81 94
31.26 9.53 0.8946
152 104 24 273 116 261
32.47 7.99 4.0471
220 33 85 244 276 103
3.63 20.85 5.5910
298 155 248 231 179 48
36.34 26.60 0.8381
335 224 182 35 80 53
9.91 23.52 0.2490
33 246 272 235 59 90
37.84 12.53 4.0432
190 68 65 100 193 265
33.36 6.39 4.8847
326 247 275 27 39 76
24.24 10.84 4.4774
201 84 192 258 279 279
19.80 18.85 4.6208
117 161 358 230 270 164
37.56 23.36 4.4514
272 263 353 163 248 43
3.91 8.29 1.1228
377 234 343 122 207 199
20.30 17.48 3.1054
271 153 144 59 252 203
2.29 4.15 0.6165
42 204 193 39 105 161
9.99 8.33 3.4395
87 150 140 247 112 21
27.72 19.95 0.3949
28 273 266 160 143 169
18.59 12.58 2.1745
262 58 298 241 93 231
25.17 14.32 4.2699
269 109 289 232 112 207
24.70 5.68 5.5519
87 203 25 160 177 86
6.81 25.80 0.0624
190 99 297 168 282 98
36.40 8.52 2.1612
198 258 205 58 264 176
21.57 16.41 2.3271
224 194 90 89 199 88
21.79 11.37 4.0319
184 49 236 162 219 162
15.34 3.11 2.4894
351 263 257 47 238 104
28.18 4.03 2.9457
270 143 57 160 184 271
37.72 9.77 2.7115
197 193 79 240 248 276
5.00 14.31 2.1534
214 169 326 104 281 277
19.43 15.61 5.3555
335 229 123 194 141 192
35.64 6.10 1.3806
310 25 59 229 159 72
27.76 9.40 6.0456
335 22 305 100 127 186
17.01 25.71 0.8291
262 41 300 238 322 47
33.96 4.43 5.0822
359 57 65 21 29 37
35.08 26.26 5.8475
352 202 66 276 350 97
32.07 24.12 1.3504
337 234 82 243 286 262
2.46 6.66 0.6607
40 24 39 90 181 206
